Date,Open,High,Low,Close,Volume,Dividends,Stock Splits
1998-06-03,0.7753473520278931,0.7753473520278931,0.7753473520278931,0.7753473520278931,1800,0.0,0.0
1998-06-04,0.7753473520278931,0.7753473520278931,0.7753473520278931,0.7753473520278931,0,0.0,0.0
1998-06-05,0.7384259104728699,0.7384259104728699,0.7384259104728699,0.7384259104728699,6000,0.0,0.0
1998-06-08,0.7236579816939571,0.7384259104728699,0.7236579816939571,0.7384259104728699,12000,0.0,0.0
1998-06-09,0.7369495988021134,0.7384258687145863,0.7015051245689392,0.7015051245689392,16800,0.0,0.0
1998-06-10,0.6645835041999817,0.6645835041999817,0.6645835041999817,0.6645835041999817,1107600,0.0,0.0
1998-06-11,0.6660606719212107,0.6719674942338211,0.6645835041999817,0.6645835041999817,3666000,0.0,0.0
1998-06-12,0.664583522722291,0.6867362856864929,0.664583522722291,0.6867362856864929,48600,0.0,0.0
1998-06-15,0.6645835041999817,0.6645835041999817,0.6645835041999817,0.6645835041999817,15000,0.0,0.0
1998-06-16,0.6498146790706775,0.6645835041999817,0.6498146790706775,0.6645835041999817,18600,0.0,0.0
1998-06-17,0.664583602330333,0.7088891863822937,0.664583602330333,0.7088891863822937,49200,0.0,0.0
1998-06-18,0.6793524183141455,0.6941203474998474,0.6793524183141455,0.6941203474998474,55800,0.0,0.0
1998-06-19,0.7015051112274124,0.7015051112274124,0.6867362856864929,0.6867362856864929,46800,0.0,0.0
1998-06-22,0.6793524183141455,0.6941203474998474,0.6793524183141455,0.6941203474998474,144000,0.0,0.0
1998-06-23,0.6793523771828992,0.7162730693817139,0.6719675415672463,0.7162730693817139,234600,0.0,0.0
1998-06-24,0.6941202557026828,0.6941202557026828,0.6291390308330213,0.6911668181419373,43800,0.0,0.0
1998-06-25,0.6911668181419373,0.6911668181419373,0.6911668181419373,0.6911668181419373,0,0.0,0.0
1998-06-26,0.6793522839289519,0.692643940448761,0.671967449327007,0.692643940448761,39000,0.0,0.0
1998-06-29,0.692643940448761,0.692643940448761,0.692643940448761,0.692643940448761,0,0.0,0.0
1998-06-30,0.6645836585596901,0.686736426051801,0.6350468993186951,0.6350468993186951,78000,0.0,0.0
1998-07-02,0.6645835041999817,0.6645835041999817,0.6645835041999817,0.6645835041999817,1200,0.0,0.0
1998-07-03,0.664583522722291,0.6867362856864929,0.664583522722291,0.6867362856864929,4200,0.0,0.0
1998-07-06,0.6645834844002728,0.6645834844002728,0.6424307227134703,0.6424307227134705,10800,0.0,0.0
1998-07-07,0.6350468391513454,0.6350468391513454,0.5907412555484811,0.6276620030403137,61800,0.0,0.0
1998-07-08,0.6350468619333327,0.6350468619333327,0.5907412767410278,0.5907412767410278,18000,0.0,0.0
1998-07-09,0.5907412767410278,0.5907412767410278,0.5907412767410278,0.5907412767410278,1011600,0.0,0.0
1998-07-10,0.5907412041287391,0.5907412041287391,0.5759723782539368,0.5759723782539368,39000,0.0,0.0
1998-07-13,0.5700647105814949,0.5981251945353062,0.5700647105814949,0.5759723782539368,117600,0.0,0.0
1998-07-14,0.575972472473872,0.575972472473872,0.5390508770942688,0.5390508770942688,104400,0.0,0.0
1998-07-15,0.5538195371627808,0.5538195371627808,0.5538195371627808,0.5538195371627808,30000,0.0,0.0
1998-07-16,0.5390508770942688,0.5390508770942688,0.531666938296161,0.5390508770942688,48600,0.0,0.0
1998-07-17,0.5464356763628205,0.56120365858078,0.5464356763628205,0.56120365858078,10800,0.0,0.0
1998-07-20,0.5597273885225769,0.5907412603238364,0.5597273885225769,0.56120365858078,31800,0.0,0.0
1998-07-21,0.5464357137680054,0.5464357137680054,0.5464357137680054,0.5464357137680054,3600,0.0,0.0
1998-07-22,0.5464356987618916,0.5464356987618916,0.5242829322814941,0.5242829322814941,354600,0.0,0.0
1998-07-23,0.5242829322814941,0.5242829322814941,0.5242829322814941,0.5242829322814941,6000,0.0,0.0
1998-07-24,0.5242829320783376,0.5242829320783376,0.5168980956077576,0.5168980956077576,34800,0.0,0.0
1998-07-27,0.48736124002773984,0.48736124002773984,0.47997725009918213,0.47997725009918213,46800,0.0,0.0
1998-07-28,0.47997725009918213,0.47997725009918213,0.47997725009918213,0.47997725009918213,30000,0.0,0.0
1998-07-29,0.4873612703836546,0.5095140337944031,0.4873612703836546,0.5095140337944031,27000,0.0,0.0
1998-07-30,0.5095141041989603,0.5168980956077576,0.5095141041989603,0.5168980956077576,22800,0.0,0.0
1998-07-31,0.516898024182882,0.516898024182882,0.5095140337944031,0.5095140337944031,24000,0.0,0.0
1998-08-04,0.48736133772714685,0.5168980956077576,0.48736133772714685,0.5168980956077576,11400,0.0,0.0
1998-08-05,0.5390508770942688,0.5390508770942688,0.5390508770942688,0.5390508770942688,6000,0.0,0.0
1998-08-06,0.5685884952545166,0.5685884952545166,0.5685884952545166,0.5685884952545166,14400,0.0,0.0
1998-08-07,0.5538195371627808,0.5538195371627808,0.5538195371627808,0.5538195371627808,12000,0.0,0.0
1998-08-10,0.5538195371627808,0.5538195371627808,0.5538195371627808,0.5538195371627808,24000,0.0,0.0
1998-08-11,0.5242829322814941,0.5242829322814941,0.5242829322814941,0.5242829322814941,18000,0.0,0.0
1998-08-12,0.49031472321521413,0.5242829322814941,0.49031472321521413,0.5242829322814941,49200,0.0,0.0
1998-08-13,0.4903146624565125,0.4903146624565125,0.4903146624565125,0.49031466245651245,9000,0.0,0.0
1998-08-14,0.48883843421936035,0.49031470428106955,0.48883843421936035,0.48883843421936035,9600,0.0,0.0
1998-08-17,0.49474517713994665,0.49474517713994665,0.47997725009918213,0.47997725009918213,2040000,0.0,0.0
1998-08-18,0.4873612523078919,0.4873612523078919,0.4873612523078919,0.48736125230789185,6000,0.0,0.0
1998-08-19,0.4873612523078919,0.4873612523078919,0.4873612523078919,0.48736125230789185,6000,0.0,0.0
1998-08-20,0.4799772181212887,0.4799772181212887,0.47259238362312317,0.47259238362312317,55800,0.0,0.0
1998-08-21,0.47997725009918213,0.47997725009918213,0.47997725009918213,0.47997725009918213,60000,0.0,0.0
1998-08-24,0.47997725009918213,0.47997725009918213,0.47997725009918213,0.47997725009918213,5400,0.0,0.0
1998-08-25,0.47997725009918213,0.47997725009918213,0.47997725009918213,0.47997725009918213,58200,0.0,0.0
1998-08-26,0.47997725009918213,0.47997725009918213,0.47997725009918213,0.47997725009918213,6000,0.0,0.0
1998-08-27,0.47259238362312317,0.47259238362312317,0.47259238362312317,0.47259238362312317,102600,0.0,0.0
1998-08-28,0.4430557191371918,0.4430557191371918,0.40613410111367365,0.4430557191371918,90600,0.0,0.0
1998-08-31,0.40613406896591187,0.40613406896591187,0.40613406896591187,0.40613406896591187,9000,0.0,0.0
1998-09-01,0.39875010509692094,0.40613406896591187,0.39136614122793006,0.40613406896591187,60000,0.0,0.0
1998-09-02,0.4061339765986936,0.428286761045456,0.3913660522193869,0.42828676104545593,1149000,0.0,0.0
1998-09-03,0.428286761045456,0.428286761045456,0.426810517897475,0.42828676104545593,95400,0.0,0.0
1998-09-04,0.4282868633488408,0.4282868633488408,0.406134073610519,0.4135189354419708,163800,0.0,0.0
1998-09-08,0.3987501096570841,0.4135189354419709,0.3987501096570841,0.4135189354419708,24600,0.0,0.0
1998-09-09,0.42090292789869643,0.4430557191371918,0.42090292789869643,0.4430557191371918,96600,0.0,0.0
1998-09-10,0.4356717546837192,0.4430557191371918,0.4356717546837192,0.4430557191371918,3000,0.0,0.0
1998-09-11,0.47997725009918213,0.47997725009918213,0.47997725009918213,0.47997725009918213,6000,0.0,0.0
1998-09-14,0.5095140020586754,0.5168979919872331,0.47997725009918213,0.47997725009918213,26400,0.0,0.0
1998-09-15,0.5168980956077576,0.5168980956077576,0.5168980956077576,0.5168980956077576,6600,0.0,0.0
1998-09-16,0.48736143905431195,0.5316670340258626,0.48736143905431195,0.5021302700042725,16200,0.0,0.0
1998-09-17,0.5168980956077576,0.5168980956077576,0.5168980956077576,0.5168980956077576,16200,0.0,0.0
1998-09-18,0.5316669344902039,0.5316669344902039,0.5316669344902039,0.5316669344902039,9000,0.0,0.0
1998-09-21,0.5316669344902039,0.5316669344902039,0.5316669344902039,0.5316669344902039,0,0.0,0.0
1998-09-22,0.5316669344902039,0.5316669344902039,0.5316669344902039,0.5316669344902039,22800,0.0,0.0
1998-09-23,0.5316669344902039,0.5316669344902039,0.5316669344902039,0.5316669344902039,0,0.0,0.0
1998-09-24,0.5316669344902039,0.5316669344902039,0.5095141147435672,0.5316669344902039,85200,0.0,0.0
1998-09-25,0.5316669344902039,0.5316669344902039,0.5316669344902039,0.5316669344902039,0,0.0,0.0
1998-09-28,0.5021302700042725,0.5021302700042725,0.5021302700042725,0.5021302700042725,6000,0.0,0.0
1998-09-29,0.49769955873489385,0.49769955873489385,0.49769955873489385,0.4976995587348938,3600,0.0,0.0
1998-09-30,0.47997725009918213,0.47997725009918213,0.47997725009918213,0.47997725009918213,4200,0.0,0.0
1998-10-01,0.47997725009918213,0.47997725009918213,0.47997725009918213,0.47997725009918213,0,0.0,0.0
1998-10-02,0.49474516510963445,0.49474516510963445,0.49474516510963445,0.4947451651096344,9000,0.0,0.0
1998-10-05,0.49474517713994665,0.49474517713994665,0.47997725009918213,0.47997725009918213,4800,0.0,0.0
1998-10-06,0.47997725009918213,0.47997725009918213,0.47997725009918213,0.47997725009918213,0,0.0,0.0
1998-10-07,0.4430557191371918,0.4430557191371918,0.4430557191371918,0.4430557191371918,13200,0.0,0.0
1998-10-08,0.4430556336314797,0.47259238362312317,0.4430556336314797,0.47259238362312317,9600,0.0,0.0
1998-10-09,0.4149952006048096,0.4149952006048096,0.40613406896591187,0.40613406896591187,30000,0.0,0.0
1998-10-13,0.40613406896591187,0.40613406896591187,0.40613406896591187,0.40613406896591187,0,0.0,0.0
1998-10-14,0.40613406896591187,0.40613406896591187,0.40613406896591187,0.40613406896591187,0,0.0,0.0
1998-10-15,0.40613406896591187,0.40613406896591187,0.40613406896591187,0.40613406896591187,0,0.0,0.0
1998-10-16,0.4209028993954058,0.4209028993954058,0.3987501096570841,0.4135189354419708,87000,0.0,0.0
1998-10-19,0.4135189354419709,0.4135189354419709,0.4135189354419709,0.4135189354419708,0,0.0,0.0
1998-10-20,0.43419459462165827,0.43419459462165827,0.43419459462165827,0.4341945946216583,4800,0.0,0.0
1998-10-21,0.4341944800871283,0.4341944800871283,0.428286761045456,0.42828676104545593,3600,0.0,0.0
1998-10-22,0.413518945746729,0.43419459462165827,0.413518945746729,0.4341945946216583,12000,0.0,0.0
1998-10-23,0.4135189354419709,0.4135189354419709,0.4135189354419709,0.4135189354419708,6000,0.0,0.0
1998-10-26,0.4356717546837192,0.4430557191371918,0.4356717546837192,0.4430557191371918,36600,0.0,0.0
1998-10-27,0.4430557191371918,0.4430557191371918,0.4430557191371918,0.4430557191371918,38400,0.0,0.0
1998-10-28,0.44305566666070617,0.44305566666070617,0.42090287804603577,0.42090287804603577,8400,0.0,0.0
1998-10-29,0.4356717546837192,0.4430557191371918,0.4356717546837192,0.4430557191371918,7200,0.0,0.0
1998-10-30,0.4356717546837192,0.4430557191371918,0.42090292789869643,0.4430557191371918,765000,0.0,0.0
1998-11-02,0.4430557191371918,0.4430557191371918,0.4430557191371918,0.4430557191371918,0,0.0,0.0
1998-11-03,0.4430557191371918,0.4430557191371918,0.4430557191371918,0.4430557191371918,0,0.0,0.0
1998-11-04,0.4430557191371918,0.4430557191371918,0.4430557191371918,0.4430557191371918,3600,0.0,0.0
1998-11-05,0.4652083814144134,0.4652083814144134,0.4652083814144134,0.46520838141441345,6000,0.0,0.0
1998-11-06,0.47997734631834954,0.5168980956077576,0.47997734631834954,0.5168980956077576,12000,0.0,0.0
1998-11-09,0.5168980956077576,0.5168980956077576,0.5168980956077576,0.5168980956077576,30000,0.0,0.0
1998-11-10,0.5168980956077576,0.5168980956077576,0.5168980956077576,0.5168980956077576,53400,0.0,0.0
1998-11-11,0.5168980956077576,0.5168980956077576,0.5168980956077576,0.5168980956077576,0,0.0,0.0
1998-11-12,0.5168980956077576,0.5168980956077576,0.5168980956077576,0.5168980956077576,0,0.0,0.0
1998-11-13,0.46520845415655193,0.5095140337944031,0.4578245165844272,0.5095140337944031,16800,0.0,0.0
1998-11-16,0.4430557191371918,0.4430557191371918,0.4430557191371918,0.4430557191371918,12000,0.0,0.0
1998-11-17,0.4578245580196381,0.4578245580196381,0.4578245580196381,0.45782455801963806,8400,0.0,0.0
1998-11-18,0.4578245580196381,0.4578245580196381,0.4578245580196381,0.45782455801963806,25200,0.0,0.0
1998-11-19,0.4578245580196381,0.4578245580196381,0.4578245580196381,0.45782455801963806,600,0.0,0.0
1998-11-20,0.4430556631495179,0.5168979919872331,0.4430556631495179,0.47997725009918213,12600,0.0,0.0
1998-11-23,0.4799773107525311,0.4799773107525311,0.4430557191371918,0.4430557191371918,30600,0.0,0.0
1998-11-24,0.4430557191371918,0.4430557191371918,0.4430557191371918,0.4430557191371918,20400,0.0,0.0
1998-11-25,0.47259238362312317,0.47259238362312317,0.47259238362312317,0.47259238362312317,17400,0.0,0.0
1998-11-26,0.47111612493016697,0.47111612493016697,0.4445328116416931,0.4445328116416931,6000,0.0,0.0
1998-11-27,0.4445328116416931,0.4445328116416931,0.4445328116416931,0.4445328116416931,0,0.0,0.0
1998-11-30,0.4430557191371918,0.4430557191371918,0.4430557191371918,0.4430557191371918,12000,0.0,0.0
1998-12-01,0.4430557191371918,0.4430557191371918,0.4430557191371918,0.4430557191371918,39000,0.0,0.0
1998-12-02,0.44305566666070617,0.45782449169647693,0.42090287804603577,0.42090287804603577,25200,0.0,0.0
1998-12-03,0.4135189354419709,0.4135189354419709,0.4135189354419709,0.4135189354419708,3000,0.0,0.0
1998-12-04,0.41351891446713607,0.42090287804603577,0.41351891446713607,0.42090287804603577,565800,0.0,0.0
1998-12-07,0.4194257367423375,0.42090287804603577,0.4194257367423375,0.42090287804603577,32400,0.0,0.0
1998-12-08,0.4135189354419709,0.4135189354419709,0.4135189354419709,0.4135189354419708,682200,0.0,0.0
1998-12-09,0.4135189354419709,0.4135189354419709,0.4135189354419709,0.4135189354419708,0,0.0,0.0
1998-12-10,0.4135189354419709,0.4430556891337276,0.4135189354419709,0.4135189354419708,3294600,0.0,0.0
1998-12-11,0.4135189354419709,0.4135189354419709,0.4135189354419709,0.4135189354419708,0,0.0,0.0
1998-12-14,0.40613406896591187,0.40613406896591187,0.40613406896591187,0.40613406896591187,3600,0.0,0.0
1998-12-15,0.4135189354419709,0.4135189354419709,0.4135189354419709,0.4135189354419708,420000,0.0,0.0
1998-12-16,0.4135189354419709,0.4135189354419709,0.4135189354419709,0.4135189354419708,0,0.0,0.0
1998-12-17,0.3322917918656352,0.38398133918696714,0.3322917918656352,0.3765973746776581,20400,0.0,0.0
1998-12-18,0.3692133702461239,0.39875009655952454,0.3692133702461239,0.39875009655952454,58200,0.0,0.0
1998-12-21,0.3692134320735931,0.3692134320735931,0.3692134320735931,0.36921343207359314,44400,0.0,0.0
1998-12-22,0.3692134320735931,0.3692134320735931,0.3692134320735931,0.36921343207359314,6000,0.0,0.0
1998-12-23,0.3396757765277342,0.3692134320735931,0.3322918115803383,0.36921343207359314,25200,0.0,0.0
1998-12-24,0.3322918115803383,0.3692134320735931,0.3322918115803383,0.36921343207359314,19800,0.0,0.0
1998-12-29,0.3987501021045848,0.435671716928482,0.3987501021045848,0.43567171692848206,9000,0.0,0.0
1998-12-30,0.435671716928482,0.435671716928482,0.435671716928482,0.43567171692848206,0,0.0,0.0
1998-12-31,0.435671716928482,0.435671716928482,0.435671716928482,0.43567171692848206,0,0.0,0.0
1999-01-04,0.435671716928482,0.435671716928482,0.435671716928482,0.43567171692848206,0,0.0,0.0
1999-01-05,0.435671716928482,0.435671716928482,0.435671716928482,0.43567171692848206,0,0.0,0.0
1999-01-06,0.435671716928482,0.435671716928482,0.435671716928482,0.43567171692848206,0,0.0,0.0
1999-01-07,0.4356717251802926,0.4356717251802926,0.4135189354419709,0.4135189354419708,13800,0.0,0.0
1999-01-08,0.4430557191371918,0.4430557191371918,0.4430557191371918,0.4430557191371918,9000,0.0,0.0
1999-01-11,0.4430556745808833,0.4430556745808833,0.39875009655952454,0.39875009655952454,36000,0.0,0.0
1999-01-12,0.39875009655952454,0.39875009655952454,0.39875009655952454,0.39875009655952454,28200,0.0,0.0
1999-01-13,0.3692134320735931,0.3692134320735931,0.3692134320735931,0.36921343207359314,3000,0.0,0.0
1999-01-14,0.3692134320735931,0.3692134320735931,0.3692134320735931,0.36921343207359314,6000,0.0,0.0
1999-01-15,0.3396757543087005,0.3396757543087005,0.3396757543087005,0.33967575430870056,9600,0.0,0.0
1999-01-18,0.3692133806152646,0.3692133806152646,0.3396757291861529,0.34706059098243713,36000,0.0,0.0
1999-01-19,0.3692134320735931,0.3692134320735931,0.3692134320735931,0.36921343207359314,54000,0.0,0.0
1999-01-20,0.3692134320735931,0.3692134320735931,0.3692134320735931,0.36921343207359314,0,0.0,0.0
1999-01-21,0.3692134320735931,0.3692134320735931,0.3692134320735931,0.36921343207359314,30000,0.0,0.0
1999-01-22,0.3396757765277342,0.3692134320735931,0.3396757765277342,0.36921343207359314,7800,0.0,0.0
1999-01-25,0.3692134320735931,0.3692134320735931,0.3692134320735931,0.36921343207359314,0,0.0,0.0
1999-01-26,0.3692134320735931,0.3692134320735931,0.3692134320735931,0.36921343207359314,18000,0.0,0.0
1999-01-27,0.3692134320735931,0.3692134320735931,0.3692134320735931,0.36921343207359314,6000,0.0,0.0
1999-01-28,0.36921340792242824,0.36921340792242824,0.3396757543087005,0.33967575430870056,24000,0.0,0.0
1999-01-29,0.3396757543087005,0.3396757543087005,0.3396757543087005,0.33967575430870056,0,0.0,0.0
1999-02-01,0.3692134320735931,0.3692134320735931,0.3692134320735931,0.36921343207359314,6000,0.0,0.0
1999-02-02,0.35444459319114685,0.35444459319114685,0.35444459319114685,0.35444459319114685,3000,0.0,0.0
1999-02-03,0.3396757543087005,0.3396757543087005,0.3396757543087005,0.33967575430870056,25800,0.0,0.0
1999-02-04,0.3396757543087005,0.3396757543087005,0.3396757543087005,0.33967575430870056,2400,0.0,0.0
1999-02-05,0.3396757543087005,0.3396757543087005,0.3396757543087005,0.33967575430870056,3600,0.0,0.0
1999-02-08,0.3396757543087005,0.3396757543087005,0.3396757543087005,0.33967575430870056,0,0.0,0.0
1999-02-09,0.33967571572565447,0.33967571572565447,0.33229175209999084,0.33229175209999084,74400,0.0,0.0
1999-02-10,0.2953701615333557,0.2953701615333557,0.2953701615333557,0.2953701615333557,18000,0.0,0.0
1999-02-11,0.2953701615333557,0.2953701615333557,0.2953701615333557,0.2953701615333557,246000,0.0,0.0
1999-02-12,0.2953701615333557,0.2953701615333557,0.2953701615333557,0.2953701615333557,0,0.0,0.0
1999-02-15,0.2953701615333557,0.2953701615333557,0.2953701615333557,0.2953701615333557,0,0.0,0.0
1999-02-16,0.3396757425409415,0.3396757425409415,0.2953701615333557,0.2953701615333557,505800,0.0,0.0
1999-02-17,0.30275502361998524,0.30275502361998524,0.2953701615333557,0.2953701615333557,105600,0.0,0.0
1999-02-18,0.2953701573262255,0.32490780949592585,0.2953701573262255,0.3249078094959259,21000,0.0,0.0
1999-02-19,0.31013900172787023,0.3234306871891022,0.31013900172787023,0.3234306871891022,7200,0.0,0.0
1999-02-22,0.3234306871891022,0.3234306871891022,0.3234306871891022,0.3234306871891022,0,0.0,0.0
1999-02-23,0.3101389706134796,0.3101389706134796,0.29537014513805127,0.3101389706134796,71400,0.0,0.0
1999-02-24,0.2953702568667233,0.2953702568667233,0.2510646879673004,0.2510646879673004,19800,0.0,0.0
1999-02-25,0.2658333894627385,0.28060218691825867,0.2658333894627385,0.28060218691825867,16800,0.0,0.0
1999-02-26,0.26583346724510193,0.31013902751383143,0.25844950209167106,0.26583346724510193,84000,0.0,0.0
1999-03-01,0.3249077884743272,0.33229175209999084,0.3249077884743272,0.33229175209999084,22800,0.0,0.0
1999-03-02,0.33229175209999084,0.33229175209999084,0.33229175209999084,0.33229175209999084,30600,0.0,0.0
1999-03-03,0.33229175209999084,0.33229175209999084,0.33229175209999084,0.33229175209999084,0,0.0,0.0
1999-03-04,0.2953701615333557,0.2953701615333557,0.2953701615333557,0.2953701615333557,1200,0.0,0.0
1999-03-05,0.35444460430066366,0.3692134320735931,0.35444460430066366,0.36921343207359314,264000,0.0,0.0
1999-03-08,0.4061340659181643,0.435671716928482,0.4061340659181643,0.43567171692848206,61800,0.0,0.0
1999-03-09,0.4578245459222145,0.4578245459222145,0.4135189634452239,0.4430557191371918,34200,0.0,0.0
1999-03-10,0.4430557191371918,0.4430557191371918,0.4430557191371918,0.4430557191371918,5400,0.0,0.0
1999-03-11,0.3692134320735931,0.3692134320735931,0.3692134320735931,0.36921343207359314,30000,0.0,0.0
1999-03-12,0.3692134320735931,0.3692134320735931,0.3692134320735931,0.36921343207359314,0,0.0,0.0
1999-03-15,0.3692134320735931,0.3692134320735931,0.3692134320735931,0.36921343207359314,0,0.0,0.0
1999-03-16,0.40613406896591187,0.40613406896591187,0.40613406896591187,0.40613406896591187,30000,0.0,0.0
1999-03-17,0.4209028993954058,0.4209028993954058,0.4135189354419709,0.4135189354419708,13200,0.0,0.0
1999-03-18,0.4430557191371918,0.4430557191371918,0.4430557191371918,0.4430557191371918,20400,0.0,0.0
1999-03-19,0.4282869036690981,0.4578245580196381,0.4282869036690981,0.45782455801963806,27000,0.0,0.0
1999-03-22,0.471116217269043,0.471116217269043,0.4578245580196381,0.45782455801963806,30000,0.0,0.0
1999-03-23,0.4430557191371918,0.4430557191371918,0.4430557191371918,0.4430557191371918,6000,0.0,0.0
1999-03-24,0.4430557191371918,0.4430557191371918,0.4430557191371918,0.4430557191371918,3600,0.0,0.0
1999-03-25,0.4430557191371918,0.4430557191371918,0.4430557191371918,0.4430557191371918,36000,0.0,0.0
1999-03-26,0.4637313890306618,0.4637313890306618,0.4282869109469199,0.44157859683036804,36000,0.0,0.0
1999-03-29,0.43862516617112846,0.4578245459222145,0.43862516617112846,0.4430557191371918,145200,0.0,0.0
1999-03-30,0.4430557308443681,0.4578245580196381,0.4430557308443681,0.45782455801963806,42000,0.0,0.0
1999-03-31,0.4725924748291596,0.4725924748291596,0.4430557191371918,0.4430557191371918,405600,0.0,0.0
1999-04-01,0.4430557191371918,0.4430557191371918,0.4430557191371918,0.4430557191371918,51600,0.0,0.0
1999-04-05,0.4430557191371918,0.4430557191371918,0.4430557191371918,0.4430557191371918,136200,0.0,0.0
1999-04-06,0.44305567431329224,0.4873612523078919,0.44305567431329224,0.48736125230789185,393600,0.0,0.0
1999-04-07,0.4873612523078919,0.4873612523078919,0.4873612523078919,0.48736125230789185,0,0.0,0.0
1999-04-08,0.4873611521960898,0.4873611521960898,0.428286761045456,0.42828676104545593,12000,0.0,0.0
1999-04-09,0.42828680969670574,0.47259238362312317,0.42828680969670574,0.47259238362312317,34800,0.0,0.0
1999-04-12,0.47259238362312317,0.47259238362312317,0.47259238362312317,0.47259238362312317,1200,0.0,0.0
1999-04-13,0.5168981100054133,0.5538197053850165,0.5021301795928348,0.5390508770942688,238800,0.0,0.0
1999-04-14,0.5390507133580513,0.5538195371627808,0.5390507133580513,0.5538195371627808,9000,0.0,0.0
1999-04-15,0.5538195371627808,0.5538195371627808,0.5538195371627808,0.5538195371627808,30000,0.0,0.0
1999-04-16,0.5464357137680054,0.5464357137680054,0.5464357137680054,0.5464357137680054,23400,0.0,0.0
1999-04-19,0.5907412767410278,0.6202780342431868,0.5907412767410278,0.5907412767410278,162600,0.0,0.0
1999-04-20,0.5892641612792328,0.5907412764394806,0.5759724487568736,0.5833564400672913,81600,0.0,0.0
1999-04-21,0.5552967825847148,0.581880098742733,0.5552967825847148,0.5759723782539368,47400,0.0,0.0
1999-04-22,0.5759724487568736,0.5833564400672913,0.5759724487568736,0.5833564400672913,45000,0.0,0.0
1999-04-23,0.5907412767410278,0.5907412767410278,0.5833564403650688,0.5907412767410278,187800,0.0,0.0
1999-04-26,0.5833564428660818,0.5907412792737016,0.5700647830963135,0.5700647830963135,31800,0.0,0.0
1999-04-27,0.5685885102628165,0.5907412764394806,0.5685885102628165,0.5833564400672913,103200,0.0,0.0
1999-04-28,0.5907411750740701,0.6055091023445129,0.5907411750740701,0.6055091023445129,87000,0.0,0.0
1999-04-29,0.6055092421995144,0.6424308910675793,0.6055092421995144,0.6350468993186951,30600,0.0,0.0
1999-04-30,0.6719675660133362,0.6719675660133362,0.6719675660133362,0.6719675660133362,6000,0.0,0.0
1999-05-03,0.6867363779947965,0.6867363779947965,0.6498147845268251,0.649814784526825,12000,0.0,0.0
1999-05-04,0.664583575963002,0.6793524026870728,0.664583575963002,0.6793524026870728,37800,0.0,0.0
1999-05-05,0.6867362987471397,0.7015051245689392,0.6867362987471397,0.7015051245689392,62400,0.0,0.0
1999-05-06,0.7015051410901331,0.7162730693817139,0.69412030547448,0.7162730693817139,15600,0.0,0.0
1999-05-07,0.7236578523929326,0.7310417890548706,0.7236578523929326,0.7310417890548706,54000,0.0,0.0
1999-05-10,0.7236580016274404,0.7310419398121122,0.6941203474998474,0.6941203474998474,67200,0.0,0.0
1999-05-11,0.7015051674259632,0.7015051674259632,0.6793524026870728,0.6793524026870728,84000,0.0,0.0
1999-05-12,0.6793524395789953,0.6867363779947965,0.6498147845268251,0.649814784526825,46800,0.0,0.0
1999-05-13,0.6498147492389312,0.6793524026870728,0.6498147492389312,0.6793524026870728,639600,0.0,0.0
1999-05-14,0.664583522722291,0.6867362856864929,0.664583522722291,0.6867362856864929,80400,0.0,0.0
1999-05-17,0.7088891393303408,0.7236579656600952,0.7088891393303408,0.7236579656600952,52200,0.0,0.0
1999-05-18,0.7236580136923172,0.7236580136923172,0.6867363679481336,0.7088891863822937,20400,0.0,0.0
1999-05-19,0.6867362856864929,0.6867362856864929,0.6867362856864929,0.6867362856864929,2400,0.0,0.0
1999-05-20,0.6793524026870728,0.6793524026870728,0.6793524026870728,0.6793524026870728,15000,0.0,0.0
1999-05-21,0.7088891863822937,0.7088891863822937,0.7088891863822937,0.7088891863822937,13800,0.0,0.0
1999-05-25,0.7088891863822937,0.7088891863822937,0.6941203590722703,0.7088891863822937,167400,0.0,0.0
1999-05-26,0.7088891163212907,0.7753474594228342,0.7088891163212907,0.7679634690284729,360000,0.0,0.0
1999-05-27,0.775347440649554,0.8270369566491638,0.7458106875419617,0.7458106875419617,384000,0.0,0.0
1999-05-28,0.775347440649554,0.775347440649554,0.7458106875419617,0.7458106875419617,165600,0.0,0.0
1999-05-31,0.7384258522647407,0.7458106875419617,0.7384258522647407,0.7458106875419617,30000,0.0,0.0
1999-06-01,0.7458107793101179,0.7458107793101179,0.7088891863822937,0.7088891863822937,251400,0.0,0.0
1999-06-02,0.7458106875419617,0.7531946777575363,0.731041862049166,0.7458106875419617,82800,0.0,0.0
1999-06-03,0.7531947493553163,0.7531947493553163,0.7531947493553163,0.7531947493553162,600,0.0,0.0
1999-06-04,0.7162730693817139,0.7162730693817139,0.7162730693817139,0.7162730693817139,37800,0.0,0.0
1999-06-07,0.7088891316441011,0.7162730693817139,0.7088891316441011,0.7162730693817139,16800,0.0,0.0
1999-06-08,0.7236579246499442,0.7827314308651286,0.7236579246499442,0.7458106875419617,84600,0.0,0.0
1999-06-09,0.7531945916679206,0.7753473520278931,0.7384257678631911,0.7753473520278931,354000,0.0,0.0
1999-06-10,0.7753473520278931,0.7753473520278931,0.7753473520278931,0.7753473520278931,12000,0.0,0.0
1999-06-11,0.7458106022963307,0.7753473520278931,0.7458106022963307,0.7753473520278931,12600,0.0,0.0
1999-06-14,0.7458106022963307,0.7753473520278931,0.7458106022963307,0.7753473520278931,180600,0.0,0.0
1999-06-15,0.7753474434818117,0.8122690320014954,0.7753474434818117,0.8122690320014954,109800,0.0,0.0
1999-06-16,0.7827314153838246,0.7901162505149841,0.7827314153838246,0.7901162505149841,27000,0.0,0.0
1999-06-17,0.7975002064547508,0.8122690320014954,0.7827314337243594,0.8122690320014954,34200,0.0,0.0
1999-06-18,0.8491898775100708,0.8861114704667699,0.8491898775100708,0.8491898775100708,137400,0.0,0.0
1999-06-21,0.8491898775100708,0.8491898775100708,0.8418058863801594,0.8491898775100708,125400,0.0,0.0
1999-06-22,0.856574713701733,0.856574713701733,0.8418058863801594,0.8491898775100708,238200,0.0,0.0
1999-06-23,0.819653022244043,0.819653022244043,0.7531946805088726,0.8122690320014954,22200,0.0,0.0
1999-06-24,0.8418057878268754,0.878727376461029,0.8418057878268754,0.878727376461029,31200,0.0,0.0
1999-06-25,0.8639586010062743,0.8639586010062743,0.8122690320014954,0.8122690320014954,278400,0.0,0.0
1999-06-28,0.8713426820904375,0.8713426820904375,0.8270370960235595,0.8270370960235596,44400,0.0,0.0
1999-06-29,0.8491897717018356,0.8713425345767479,0.8491897717018356,0.8639585971832275,10800,0.0,0.0
1999-06-30,0.841805690478554,0.8565745143631868,0.8344217538833619,0.8344217538833618,88800,0.0,0.0
1999-07-02,0.8565746134194085,0.8861113667264696,0.8491897780923161,0.878727376461029,42000,0.0,0.0
1999-07-05,0.8787274474127322,0.8861114382743835,0.8787274474127322,0.8861114382743835,13800,0.0,0.0
1999-07-06,0.8491897767799087,0.8934953027946763,0.8491897767799087,0.8713425397872925,108600,0.0,0.0
1999-07-07,0.8713426114893608,0.8934953763196773,0.863958673444067,0.8861114382743835,88200,0.0,0.0
1999-07-08,0.8787272537012621,0.9304167628288268,0.8787272537012621,0.9304167628288269,147600,0.0,0.0
1999-07-09,0.9230328264112886,0.9304167628288268,0.9230328264112886,0.9304167628288269,16200,0.0,0.0
1999-07-12,0.9304167628288268,0.9304167628288268,0.9304167628288268,0.9304167628288269,90000,0.0,0.0
1999-07-13,0.9304167628288268,0.9304167628288268,0.9304167628288268,0.9304167628288269,84000,0.0,0.0
1999-07-14,0.9378008246421814,0.9378008246421814,0.9378008246421814,0.9378008246421814,9000,0.0,0.0
1999-07-15,0.95256974202666,0.9747225046157838,0.95256974202666,0.9747225046157837,88800,0.0,0.0
1999-07-16,1.0042591902842812,1.0042591902842812,0.9599536657333373,0.9599536657333374,6600,0.0,0.0
1999-07-19,0.9968752694209156,1.1002552509307861,0.9968752694209156,1.1002552509307861,170400,0.0,0.0
1999-07-20,1.0411806876129504,1.0411806876129504,0.9968751668930054,0.9968751668930054,76800,0.0,0.0
1999-07-21,0.9008801611622594,0.9968752530905658,0.9008801611622594,0.9599536657333374,58200,0.0,0.0
1999-07-22,0.9673384551267957,0.9894912151466696,0.9599535679906853,0.9821063280105591,46800,0.0,0.0
1999-07-23,1.0190282294871345,1.0633338689804077,1.0190282294871345,1.0633338689804077,82200,0.0,0.0
1999-07-26,1.03379689342743,1.0633337000430116,1.0190280675888062,1.0190280675888062,19800,0.0,0.0
1999-07-27,1.0042593702245577,1.033797025680542,0.9968754317078095,1.033797025680542,112800,0.0,0.0
1999-07-28,1.0190281979525497,1.033797025680542,1.0190281979525497,1.033797025680542,58800,0.0,0.0
1999-07-29,1.0633338360747522,1.0633338360747522,1.0190281979525497,1.033797025680542,1008000,0.0,0.0
1999-07-30,1.0411808309995547,1.0411808309995547,1.0190280675888062,1.0190280675888062,3600,0.0,0.0
1999-08-03,1.04118096419729,1.04118096419729,1.033797025680542,1.033797025680542,15600,0.0,0.0
1999-08-04,1.03379689342743,1.03379689342743,1.0190280675888062,1.0190280675888062,638400,0.0,0.0
1999-08-05,1.004259705543518,1.004259705543518,1.004259705543518,1.004259705543518,49200,0.0,0.0
1999-08-06,1.0042592417501826,1.03379689342743,1.0042592417501826,1.0190280675888062,1007400,0.0,0.0
1999-08-09,0.98949134349823,1.0116441063916426,0.98949134349823,0.98949134349823,20400,0.0,0.0
1999-08-10,1.0190280297940313,1.0190280297940313,0.9747225046157838,0.9747225046157837,1261800,0.0,0.0
1999-08-11,0.9747225180045043,1.0042592182976036,0.9747225180045043,0.98949134349823,204000,0.0,0.0
1999-08-12,0.9894912303377623,1.0116439906977348,0.9894912303377623,0.9968751668930054,36000,0.0,0.0
1999-08-13,0.9968752530905658,0.9968752530905658,0.9599536657333373,0.9599536657333374,40200,0.0,0.0
1999-08-16,0.9599536657333373,0.9599536657333373,0.9599536657333373,0.9599536657333374,39600,0.0,0.0
1999-08-17,0.9525697551110917,1.0116441063916426,0.9525697551110917,0.98949134349823,111000,0.0,0.0
1999-08-18,0.98949134349823,0.98949134349823,0.98949134349823,0.98949134349823,9600,0.0,0.0
1999-08-19,0.98949134349823,0.98949134349823,0.98949134349823,0.98949134349823,15000,0.0,0.0
1999-08-20,0.9821066343718359,1.0781026971654322,0.9821066343718359,1.0633338689804077,439800,0.0,0.0
1999-08-23,1.0411809964174086,1.0707178077256574,1.0411809964174086,1.0633338689804077,180600,0.0,0.0
1999-08-24,1.0411809964174086,1.0781026971654322,1.0411809964174086,1.0633338689804077,127800,0.0,0.0
1999-08-25,1.048565149307251,1.0633339790206433,1.048565149307251,1.048565149307251,38400,0.0,0.0
1999-08-26,1.055949933878523,1.055949933878523,1.048565149307251,1.048565149307251,19200,0.0,0.0
1999-08-27,1.0411811041651307,1.055949933878523,1.0337971646557462,1.048565149307251,116400,0.0,0.0
1999-08-30,1.0559497919252823,1.0559497919252823,1.033797025680542,1.033797025680542,21000,0.0,0.0
1999-08-31,1.04118096419729,1.04118096419729,1.033797025680542,1.033797025680542,7200,0.0,0.0
1999-09-01,0.9968750775075047,1.026411771774292,0.9821062550270321,1.026411771774292,49200,0.0,0.0
1999-09-02,1.0116439906977348,1.0116439906977348,0.9968751668930054,0.9968751668930054,33600,0.0,0.0
1999-09-03,1.0190280675888062,1.0190280675888062,1.0190280675888062,1.0190280675888062,1800,0.0,0.0
1999-09-07,1.0190279272529779,1.0190279272529779,0.9968751668930054,0.9968751668930054,1200,0.0,0.0
1999-09-08,1.011643886566162,1.011643886566162,1.011643886566162,1.011643886566162,12600,0.0,0.0
1999-09-09,1.026411943378558,1.0707175731658936,1.026411943378558,1.0707175731658936,163200,0.0,0.0
1999-09-10,1.0337966904773608,1.0559494495391846,1.0337966904773608,1.0559494495391846,249000,0.0,0.0
1999-09-13,1.048564668355139,1.0559494495391846,1.048564668355139,1.0559494495391846,106800,0.0,0.0
1999-09-14,1.04856500834676,1.04856500834676,1.026412136469298,1.033797025680542,283200,0.0,0.0
1999-09-15,1.033797025680542,1.04856500834676,1.033797025680542,1.033797025680542,52800,0.0,0.0
1999-09-16,1.033797025680542,1.04856500834676,1.033797025680542,1.033797025680542,45600,0.0,0.0
1999-09-17,1.0337967930111307,1.0411807298660278,1.0337967930111307,1.0411807298660278,61200,0.0,0.0
1999-09-20,1.011643886566162,1.011643886566162,1.011643886566162,1.011643886566162,11400,0.0,0.0
1999-09-21,1.033797025680542,1.04118096419729,1.033797025680542,1.033797025680542,22800,0.0,0.0
1999-09-22,1.0190280675888062,1.0190280675888062,1.0190280675888062,1.0190280675888062,9000,0.0,0.0
1999-09-23,0.9968757645612967,1.0116445972205528,0.9968757645612967,1.004259705543518,6600,0.0,0.0
1999-09-24,1.0042590847195778,1.0042590847195778,0.9304167628288268,0.9304167628288269,106200,0.0,0.0
1999-09-27,0.9008800854495087,0.9378008246421814,0.9008800854495087,0.9378008246421814,109800,0.0,0.0
1999-09-28,0.937800822368331,1.0190279272529779,0.937800822368331,0.9968751668930054,49200,0.0,0.0
1999-09-29,0.9968751668930054,0.9968751668930054,0.9968751668930054,0.9968751668930054,0,0.0,0.0
1999-09-30,0.98949134349823,1.0190280437913293,0.98949134349823,0.98949134349823,24600,0.0,0.0
1999-10-01,1.004259705543518,1.004259705543518,1.004259705543518,1.004259705543518,300000,0.0,0.0
1999-10-04,0.9968751668930054,1.0116439906977348,0.9968751668930054,0.9968751668930054,21000,0.0,0.0
1999-10-05,0.9378009034578653,0.9599536657333373,0.9230329234377315,0.9599536657333374,134400,0.0,0.0
1999-10-06,1.0042592417501826,1.0190280675888062,0.9747225407673092,1.0190280675888062,21600,0.0,0.0
1999-10-07,1.0116441063916426,1.0116441063916426,0.9747225180045043,0.98949134349823,32400,0.0,0.0
1999-10-08,0.9894912151466696,0.9894912151466696,0.9821063280105591,0.9821063280105591,242400,0.0,0.0
1999-10-12,0.9821064419140454,0.9821064419140454,0.9747225046157838,0.9747225046157837,23400,0.0,0.0
1999-10-13,0.9821064970418399,0.9821064970418399,0.9673386216163635,0.9673386216163635,80400,0.0,0.0
1999-10-14,0.9451856062768796,0.9451856062768796,0.9378008246421814,0.9378008246421814,12000,0.0,0.0
1999-10-15,0.9378008048790568,0.9378008048790568,0.9156479392995248,0.9304167628288269,26400,0.0,0.0
1999-10-18,0.9304167628288268,0.9304167628288268,0.9304167628288268,0.9304167628288269,1800,0.0,0.0
1999-10-19,0.9008802349488033,0.9230329990386962,0.9008802349488033,0.9230329990386963,234600,0.0,0.0
1999-10-20,0.9451857448764004,0.9451857448764004,0.900880217552185,0.9008802175521851,22200,0.0,0.0
1999-10-21,0.8934953292018923,0.900880217552185,0.8934953292018923,0.9008802175521851,16200,0.0,0.0
1999-10-22,0.900880217552185,0.900880217552185,0.900880217552185,0.9008802175521851,1800,0.0,0.0
1999-10-25,0.8934953808784485,0.8934953808784485,0.8934953808784485,0.8934953808784485,4800,0.0,0.0
1999-10-26,0.8934953808784485,0.8934953808784485,0.8934953808784485,0.8934953808784485,0,0.0,0.0
1999-10-27,0.9082641005516052,0.9082641005516052,0.9008801633400398,0.9082641005516052,175800,0.0,0.0
1999-10-28,0.9082641321880366,0.9451857209205627,0.9082641321880366,0.9451857209205627,24000,0.0,0.0
1999-10-29,0.9451856062768796,0.9451856062768796,0.9378008246421814,0.9378008246421814,7200,0.0,0.0
1999-11-01,0.9304169368371927,0.9304169368371927,0.9230329990386962,0.9230329990386963,13800,0.0,0.0
1999-11-02,0.9082641005516052,0.9082641005516052,0.9082641005516052,0.9082641005516052,10800,0.0,0.0
1999-11-03,0.900880217552185,0.900880217552185,0.900880217552185,0.9008802175521851,4200,0.0,0.0
1999-11-04,0.900880217552185,0.900880217552185,0.900880217552185,0.9008802175521851,9600,0.0,0.0
1999-11-05,0.9230329256690638,0.9230329256690638,0.9082641005516052,0.9082641005516052,25800,0.0,0.0
1999-11-08,0.90088028593221,0.9156481623649597,0.90088028593221,0.9156481623649597,21600,0.0,0.0
1999-11-09,0.9230330298897228,0.9230330298897228,0.8861114382743835,0.8861114382743835,27000,0.0,0.0
1999-11-10,0.9304169368371927,0.9378009802684008,0.9156481105457963,0.9230329990386963,125400,0.0,0.0
1999-11-11,0.9378010333412587,0.9378010333412587,0.9156481623649597,0.9156481623649597,28200,0.0,0.0
1999-11-12,0.9008802977883433,0.9008802977883433,0.8122691296151227,0.8491898775100708,93000,0.0,0.0
1999-11-15,0.9008801633400398,0.9156480377631706,0.8861113382225813,0.9082641005516052,102000,0.0,0.0
1999-11-16,0.8861114382743835,0.8861114382743835,0.8861114382743835,0.8861114382743835,12000,0.0,0.0
1999-11-17,0.8861114588050033,0.9156481623649597,0.8861114588050033,0.9156481623649597,145800,0.0,0.0
1999-11-18,0.9156481623649597,0.9230330512757917,0.90088028593221,0.9156481623649597,658200,0.0,0.0
1999-11-19,0.8934953808784485,0.9008802696558565,0.8934953808784485,0.8934953808784485,133800,0.0,0.0
1999-11-22,0.9156481105457963,0.9378009802684008,0.9082641727472999,0.9230329990386963,170400,0.0,0.0
1999-11-23,0.9230330512757917,0.9230330512757917,0.9156481623649597,0.9156481623649597,24000,0.0,0.0
1999-11-24,0.9156480928640001,0.9156480928640001,0.900880217552185,0.9008802175521851,51000,0.0,0.0
1999-11-25,0.9156481623649597,0.9156481623649597,0.9156481623649597,0.9156481623649597,7800,0.0,0.0
1999-11-26,0.9156479392995248,0.9304167628288268,0.9156479392995248,0.9304167628288269,52200,0.0,0.0
1999-11-29,0.9304169368371927,0.9304169368371927,0.9156481105457963,0.9230329990386963,8400,0.0,0.0
1999-11-30,0.9230330345992004,0.9230330345992004,0.8934953808784485,0.8934953808784485,27600,0.0,0.0
1999-12-01,0.7827314993517369,0.8861114382743835,0.7827314993517369,0.8861114382743835,31800,0.0,0.0
1999-12-02,0.9082641283643844,0.9082641283643844,0.8713425397872925,0.8713425397872925,18600,0.0,0.0
1999-12-03,0.91564806580206,0.91564806580206,0.8713425397872925,0.8713425397872925,12600,0.0,0.0
1999-12-06,0.8861113667264696,0.8861113667264696,0.878727376461029,0.878727376461029,13800,0.0,0.0
1999-12-07,0.8861113653570006,0.8861113653570006,0.8639586023496169,0.8713425397872925,73800,0.0,0.0
1999-12-08,0.8713425397872925,0.8713425397872925,0.8639586023496169,0.8713425397872925,59400,0.0,0.0
1999-12-09,0.8713425384324688,0.8713425384324688,0.8122690320014954,0.8122690320014954,942600,0.0,0.0
1999-12-10,0.7605786817050628,0.8861114382743835,0.7605786817050628,0.8861114382743835,64200,0.0,0.0
1999-12-13,0.8122691296151227,0.8491898775100708,0.8122691296151227,0.8491898775100708,330000,0.0,0.0
1999-12-14,0.8713425397872925,0.8713425397872925,0.8713425397872925,0.8713425397872925,3600,0.0,0.0
1999-12-15,0.8713425397872925,0.8713425397872925,0.8713425397872925,0.8713425397872925,7800,0.0,0.0
1999-12-16,0.8713425434555104,0.9451857209205627,0.8713425434555104,0.9451857209205627,124800,0.0,0.0
1999-12-17,1.03379689342743,1.03379689342743,1.0116441300166814,1.0190280675888062,30600,0.0,0.0
1999-12-20,0.9747225180045043,0.98949134349823,0.9599536925107786,0.98949134349823,19200,0.0,0.0
1999-12-21,0.9673390499375979,1.03379737086203,0.9673390499375979,1.004259705543518,58200,0.0,0.0
1999-12-22,1.0116442594358017,1.033797025680542,1.0042593702245577,1.033797025680542,24600,0.0,0.0
1999-12-23,1.0854866023194925,1.0854866023194925,1.033797025680542,1.033797025680542,4800,0.0,0.0
1999-12-24,1.033797025680542,1.033797025680542,1.033797025680542,1.033797025680542,16200,0.0,0.0
1999-12-29,0.9599535679906853,0.9821063280105591,0.9599535679906853,0.9821063280105591,68400,0.0,0.0
1999-12-30,0.9821063280105591,0.9821063280105591,0.9821063280105591,0.9821063280105591,0,0.0,0.0
1999-12-31,1.0707175731658936,1.0707175731658936,1.0707175731658936,1.0707175731658936,600,0.0,0.0
2000-01-04,1.0264119811910162,1.0264119811910162,0.98949134349823,0.98949134349823,43800,0.0,0.0
2000-01-05,0.9968751668930054,1.026411863808221,0.9968751668930054,0.9968751668930054,19800,0.0,0.0
2000-01-06,0.9968751668930054,0.9968751668930054,0.9968751668930054,0.9968751668930054,26400,0.0,0.0
2000-01-07,0.9968751668930054,0.9968751668930054,0.9599535827283034,0.9968751668930054,47400,0.0,0.0
2000-01-10,0.930416860631447,0.9599536657333373,0.930416860631447,0.9599536657333374,31200,0.0,0.0
2000-01-11,0.9599536657333373,0.9599536657333373,0.9599536657333373,0.9599536657333374,3000,0.0,0.0
2000-01-12,0.9599536657333373,0.9747224908150939,0.9599536657333373,0.9599536657333374,147600,0.0,0.0
2000-01-13,0.9747225046157838,0.9747225046157838,0.9747225046157838,0.9747225046157837,150600,0.0,0.0
2000-01-14,0.9747225046157838,0.9747225046157838,0.9747225046157838,0.9747225046157837,0,0.0,0.0
2000-01-17,1.0337967510577073,1.0337967510577073,0.9968751668930054,0.9968751668930054,21000,0.0,0.0
2000-01-18,1.019028334942354,1.0707179185300277,1.019028334942354,1.048565149307251,105600,0.0,0.0
2000-01-19,1.048565149307251,1.0707179185300277,1.048565149307251,1.048565149307251,24000,0.0,0.0
2000-01-20,1.048565149307251,1.055949933878523,1.048565149307251,1.048565149307251,54600,0.0,0.0
2000-01-21,1.0559494495391846,1.0854862503562412,1.0559494495391846,1.0559494495391846,58800,0.0,0.0
2000-01-24,1.08548674824342,1.08548674824342,1.048565149307251,1.048565149307251,35400,0.0,0.0
2000-01-25,1.033797025680542,1.04856500834676,1.033797025680542,1.033797025680542,970800,0.0,0.0
2000-01-26,1.033797025680542,1.04856500834676,1.033797025680542,1.033797025680542,53400,0.0,0.0
2000-01-27,1.0707174737227465,1.0707174737227465,0.9821063280105591,0.9821063280105591,46200,0.0,0.0
2000-01-28,0.9894914931910613,1.033797025680542,0.9894914931910613,1.033797025680542,61200,0.0,0.0
2000-01-31,1.033797025680542,1.033797025680542,1.026412136469298,1.033797025680542,76200,0.0,0.0
2000-02-01,1.0264122744517383,1.048565149307251,1.0264122744517383,1.048565149307251,110400,0.0,0.0
2000-02-02,1.026411771774292,1.026411771774292,1.026411771774292,1.026411771774292,24600,0.0,0.0
2000-02-03,1.0485650407953833,1.0633338689804077,1.0264121682323841,1.0633338689804077,94800,0.0,0.0
2000-02-04,1.033797025680542,1.033797025680542,0.9968754317078095,1.033797025680542,61800,0.0,0.0
2000-02-07,1.004259705543518,1.004259705543518,1.004259705543518,1.004259705543518,12000,0.0,0.0
2000-02-08,1.004259705543518,1.004259705543518,1.004259705543518,1.004259705543518,0,0.0,0.0
2000-02-09,0.9968754317078095,1.033797025680542,0.9968754317078095,1.033797025680542,24000,0.0,0.0
2000-02-10,1.04856500834676,1.04856500834676,1.0116442594358017,1.033797025680542,132600,0.0,0.0
2000-02-11,0.9968754317078095,1.033797025680542,0.959953837735077,1.033797025680542,47400,0.0,0.0
2000-02-14,1.0337967510577073,1.0337967510577073,0.9599535827283034,0.9968751668930054,50400,0.0,0.0
2000-02-15,1.0264124791849956,1.0264124791849956,0.9968757645612967,1.004259705543518,25800,0.0,0.0
2000-02-16,1.0116442907418848,1.0633338689804077,1.0116442907418848,1.0633338689804077,75600,0.0,0.0
2000-02-17,1.0264117581565464,1.033796644645884,1.011643886566162,1.011643886566162,22800,0.0,0.0
2000-02-18,0.9968751668930054,0.9968751668930054,0.9968751668930054,0.9968751668930054,27600,0.0,0.0
2000-02-21,1.026411771774292,1.026411771774292,1.026411771774292,1.026411771774292,1200,0.0,0.0
2000-02-22,1.0337966904773608,1.107639009418065,1.0337966904773608,1.0559494495391846,426000,0.0,0.0
2000-02-23,1.0411806265999062,1.0559494495391846,1.0337966904773608,1.0559494495391846,56400,0.0,0.0
2000-02-24,1.0190280062508914,1.0707175731658936,1.0190280062508914,1.0707175731658936,283800,0.0,0.0
2000-02-25,1.0337971646557462,1.0633339790206433,0.9968755657195771,1.048565149307251,277800,0.0,0.0
2000-02-28,1.0633337619550338,1.0781025886535645,1.0633337619550338,1.0781025886535645,65400,0.0,0.0
2000-02-29,1.063333793759947,1.122408151626587,1.063333793759947,1.122408151626587,223200,0.0,0.0
2000-03-01,1.1076390743255615,1.129791834685534,1.1076390743255615,1.1076390743255615,468000,0.0,0.0
2000-03-02,1.1297919750213623,1.1371759124937928,1.1224080375489318,1.1297919750213623,141600,0.0,0.0
2000-03-03,1.1445608543854844,1.2184031902916885,1.1445608543854844,1.1814815998077393,715200,0.0,0.0
2000-03-06,1.2184031902916885,1.2184031902916885,1.1814815998077393,1.1814815998077393,62400,0.0,0.0
2000-03-07,1.1814816287871344,1.2553248115662594,1.1814816287871344,1.2184032201766968,441600,0.0,0.0
2000-03-08,1.2479399228716892,1.2479399228716892,1.2184032201766968,1.2184032201766968,58800,0.0,0.0
2000-03-09,1.1814813975934157,1.1814813975934157,1.0633335536056165,1.1076390743255615,103800,0.0,0.0
2000-03-10,1.137175859397844,1.137175859397844,1.0337968312005417,1.0707175731658936,39000,0.0,0.0
2000-03-13,1.1076393244863125,1.122408151626587,1.1076393244863125,1.122408151626587,28800,0.0,0.0
2000-03-14,1.0337970882415837,1.1150233745574951,1.0337970882415837,1.1150233745574951,37200,0.0,0.0
2000-03-15,1.1076393244863125,1.122408151626587,1.1076393244863125,1.122408151626587,95400,0.0,0.0
2000-03-16,1.1519447749798997,1.196250408253102,1.1519447749798997,1.159328818321228,81600,0.0,0.0
2000-03-17,1.1593288640922828,1.2184032201766968,1.1593288640922828,1.2184032201766968,142200,0.0,0.0
2000-03-20,1.1814815998077393,1.2184031902916885,1.1814815998077393,1.1814815998077393,28200,0.0,0.0
2000-03-21,1.181481616823713,1.2036343812942505,1.1593288523531753,1.2036343812942505,95400,0.0,0.0
2000-03-22,1.1519448087950894,1.2036343812942505,1.1519448087950894,1.2036343812942505,89400,0.0,0.0
2000-03-23,1.1519447922045118,1.2184031902916885,1.1519447922045118,1.1814815998077393,23400,0.0,0.0
2000-03-24,1.1962504509340675,1.2110192775726318,1.1962504509340675,1.2110192775726318,235200,0.0,0.0
2000-03-27,1.218403215544701,1.218403215544701,1.2110192775726318,1.2110192775726318,53400,0.0,0.0
2000-03-28,1.2331721714305477,1.2331721714305477,1.2184033432440804,1.2257872819900513,24600,0.0,0.0
2000-03-29,1.2257872819900513,1.2405561101765186,1.2257872819900513,1.2257872819900513,48600,0.0,0.0
2000-03-30,1.2479399516806027,1.2553248405456543,1.2479399516806027,1.2553248405456543,506400,0.0,0.0
2000-03-31,1.2553246653743668,1.3291669944922884,1.2553246653743668,1.314398169517517,384000,0.0,0.0
2000-04-03,1.329167105234817,1.329167105234817,1.2996304035186765,1.2996304035186768,255000,0.0,0.0
2000-04-04,1.3143982710667967,1.3143982710667967,1.2774775261861793,1.2922455072402954,64200,0.0,0.0
2000-04-05,1.2700928387057184,1.2774776220321655,1.2700928387057184,1.2774776220321655,67800,0.0,0.0
2000-04-06,1.255324762359678,1.2922455072402956,1.255324762359678,1.2922455072402954,20400,0.0,0.0
2000-04-07,1.255324640190513,1.476852468161686,1.255324640190513,1.403009295463562,1097400,0.0,0.0
2000-04-10,1.4768525132427233,1.4768525132427233,1.3291670083999634,1.3291670083999634,67200,0.0,0.0
2000-04-11,1.3513198610090962,1.3513198610090962,1.2922455072402956,1.2922455072402954,172200,0.0,0.0
2000-04-12,1.3291670083999634,1.3291670083999634,1.292245420923867,1.3291670083999634,26400,0.0,0.0
2000-04-13,1.3143982839055697,1.3143982839055697,1.2922455198626848,1.3070143461227417,19200,0.0,0.0
2000-04-14,1.2553248405456543,1.2553248405456543,1.2331720753394022,1.2553248405456543,111600,0.0,0.0
2000-04-17,1.2553248405456543,1.2553248405456543,1.2553248405456543,1.2553248405456543,54000,0.0,0.0
2000-04-18,1.2848616659295853,1.2848616659295853,1.2774776220321655,1.2774776220321655,43800,0.0,0.0
2000-04-19,1.292245420923867,1.3291670083999634,1.2848614837063792,1.3291670083999634,21000,0.0,0.0
2000-04-20,1.3660883903503418,1.3660883903503418,1.3660883903503418,1.3660883903503418,16800,0.0,0.0
2000-04-24,1.3291670760149554,1.3956254720687866,1.3291670760149554,1.3956254720687866,234000,0.0,0.0
2000-04-25,1.4030093964514623,1.4030093964514623,1.3808566331863403,1.3808566331863403,312000,0.0,0.0
2000-04-26,1.358703851699829,1.358703851699829,1.3439359757025782,1.358703851699829,21000,0.0,0.0
2000-04-27,1.3808568203314522,1.491620757301412,1.3808568203314522,1.4768527746200562,2744400,0.0,0.0
2000-04-28,1.550695117579438,1.550695117579438,1.4768527746200564,1.4768527746200562,384000,0.0,0.0
2000-05-01,1.4177780362632575,1.5802314009710017,1.403009212458528,1.5506947040557861,165600,0.0,0.0
2000-05-02,1.3365511702756767,1.6097694635391235,1.3365511702756767,1.6097694635391235,495600,0.0,0.0
2000-05-03,1.6097691251852848,1.6614586905529418,1.535925953341872,1.6171531677246094,175800,0.0,0.0
2000-05-04,1.5580790158089841,1.572847843170166,1.5506950774756294,1.572847843170166,69000,0.0,0.0
2000-05-05,1.5506947100759418,1.5580786466598509,1.5506947100759418,1.558078646659851,36000,0.0,0.0
2000-05-08,1.5359260714355034,1.6245372295379639,1.5359260714355034,1.6245372295379639,342000,0.0,0.0
2000-05-09,1.6245373551491298,1.772222876548767,1.6245373551491298,1.772222876548767,352800,0.0,0.0
2000-05-10,1.7722227886707262,1.8091443784552592,1.7574539626180357,1.7943756580352783,1216200,0.0,0.0
2000-05-11,1.7943756421561097,1.9568290301532487,1.7722227729875975,1.9051395654678345,1621200,0.0,0.0
2000-05-12,1.9272920994452583,2.023287296295166,1.8460649881387898,2.023287296295166,1703400,0.0,0.0
2000-05-15,1.9494450092315676,1.9494450092315676,1.90513948405332,1.9494450092315674,435000,0.0,0.0
2000-05-16,1.993750534409815,1.993750534409815,1.9199082037114779,1.9494450092315674,222600,0.0,0.0
2000-05-17,1.9568287865217893,1.971597504972323,1.919908046722412,1.919908046722412,76200,0.0,0.0
2000-05-18,1.9199081767506898,1.9568289190505723,1.9199081767506898,1.9346760511398315,168000,0.0,0.0
2000-05-19,1.9199082037114779,1.9494450092315676,1.9199082037114779,1.9494450092315674,240600,0.0,0.0
2000-05-23,1.919908046722412,1.9494448498273051,1.919908046722412,1.919908046722412,185400,0.0,0.0
2000-05-24,1.919908046722412,1.919908046722412,1.8829864618614693,1.919908046722412,978000,0.0,0.0
2000-05-25,1.919908046722412,1.9272919834168962,1.919908046722412,1.919908046722412,250800,0.0,0.0
2000-05-26,1.8829868063330648,1.8829868063330648,1.772222876548767,1.772222876548767,21600,0.0,0.0
2000-05-29,1.7722227395183805,1.7722227395183805,1.6023844664205256,1.6245372295379639,75000,0.0,0.0
2000-05-30,1.6393058570701342,1.6836113779506672,1.6393058570701342,1.6688425540924072,36600,0.0,0.0
2000-05-31,1.6688427601235591,1.7648388066450045,1.6688427601235591,1.7574539184570312,69600,0.0,0.0
2000-06-01,1.6983805383798085,1.772222876548767,1.6983805383798085,1.772222876548767,83400,0.0,0.0
2000-06-02,1.6983805894851685,1.6983805894851685,1.6983805894851685,1.6983805894851685,36000,0.0,0.0
2000-06-05,1.6983800206348019,1.7131479978561401,1.6983800206348019,1.7131479978561401,1320000,0.0,0.0
2000-06-06,1.7131479978561401,1.7131479978561401,1.7131479978561401,1.7131479978561401,43800,0.0,0.0
2000-06-07,1.7131485201031111,1.772222876548767,1.7131485201031111,1.772222876548767,97800,0.0,0.0
2000-06-08,1.772222876548767,1.772222876548767,1.772222876548767,1.772222876548767,53400,0.0,0.0
2000-06-09,1.772222876548767,1.772222876548767,1.772222876548767,1.772222876548767,120600,0.0,0.0
2000-06-12,1.772222474843128,1.949444764580517,1.772222474843128,1.9420608282089233,358200,0.0,0.0
2000-06-13,1.942061071933306,1.9568289465298292,1.90513948405332,1.9494450092315674,200400,0.0,0.0
2000-06-14,1.9642135312381015,2.0085190519580465,1.9642135312381015,1.9937503337860107,232800,0.0,0.0
2000-06-15,2.0085192924116337,2.0085192924116337,1.9568289838866955,1.978981852531433,89400,0.0,0.0
2000-06-16,1.97898199942119,2.030672311782837,1.97898199942119,2.030672311782837,143400,0.0,0.0
2000-06-19,2.0306719179507127,2.0306719179507127,1.9937503337860107,1.9937503337860107,162000,0.0,0.0
2000-06-20,2.0085201263427734,2.0306730041853154,2.0085201263427734,2.0085201263427734,52800,0.0,0.0
2000-06-21,2.0085201263427734,2.0085201263427734,2.0085201263427734,2.0085201263427734,27600,0.0,0.0
2000-06-22,2.008519210751727,2.023287296295166,2.008519210751727,2.023287296295166,7800,0.0,0.0
2000-06-23,1.9568289190505723,1.9568289190505723,1.9346760511398313,1.9346760511398315,1891800,0.0,0.0
2000-06-26,1.9937504183571895,1.9937504183571895,1.9346759656939931,1.9568288326263428,18600,0.0,0.0
2000-06-27,1.9568288326263426,1.9568288326263426,1.9568288326263426,1.9568288326263428,68400,0.0,0.0
2000-06-28,1.9568288277836687,2.0306719990626183,1.9568288277836687,1.9642136096954346,142800,0.0,0.0
2000-06-29,1.9789816946611953,1.9789816946611953,1.9642136096954346,1.9642136096954346,184200,0.0,0.0
2000-06-30,1.9642136096954346,1.9642136096954346,1.9642136096954346,1.9642136096954346,97800,0.0,0.0
2000-07-04,1.9642137288897255,1.9642137288897255,1.9199082037114779,1.9494450092315674,17400,0.0,0.0
2000-07-05,1.9494449818560016,1.9494449818560016,1.8829865893891844,1.9346760511398315,38400,0.0,0.0
2000-07-06,1.9346761285919991,1.9346761285919991,1.8829866647720337,1.8829866647720337,33000,0.0,0.0
2000-07-07,1.875602695248031,1.875602695248031,1.846065044403076,1.8460650444030762,4200,0.0,0.0
2000-07-10,1.786991596221924,1.8460652131896778,1.786991596221924,1.7869915962219238,12600,0.0,0.0
2000-07-11,1.897755584590054,1.897755584590054,1.6983805894851685,1.6983805894851685,2076600,0.0,0.0
2000-07-12,1.6983801898320023,1.7722225128467688,1.6983801898320023,1.7648385763168335,642600,0.0,0.0
2000-07-13,1.7574540497637443,1.772222876548767,1.7574540497637443,1.772222876548767,283800,0.0,0.0
2000-07-14,1.7722227441386134,1.7722227441386134,1.7574539184570312,1.7574539184570312,825000,0.0,0.0
2000-07-17,1.772222876548767,1.772222876548767,1.772222876548767,1.772222876548767,304800,0.0,0.0
2000-07-18,1.7353012849334277,1.772222876548767,1.7353012849334277,1.772222876548767,7200,0.0,0.0
2000-07-19,1.7648388066450045,1.7648388066450045,1.73530115528184,1.7574539184570312,34200,0.0,0.0
2000-07-20,1.7500699809634221,1.7574539184570312,1.7500699809634221,1.7574539184570312,637800,0.0,0.0
2000-07-21,1.7648389385034733,1.772222876548767,1.7648389385034733,1.772222876548767,340200,0.0,0.0
2000-07-24,1.7648387392335971,1.8165282011032104,1.7648387392335971,1.8165282011032104,1004400,0.0,0.0
2000-07-25,1.7869914453307196,1.7869914453307196,1.7353011369705198,1.73530113697052,615600,0.0,0.0
2000-07-26,1.7353011369705198,1.7353011369705198,1.7353011369705198,1.73530113697052,4200,0.0,0.0
2000-07-27,1.6983804015256656,1.7426860332489014,1.6983804015256656,1.7426860332489014,51600,0.0,0.0
2000-07-28,1.7353011369705198,1.7353011369705198,1.7353011369705198,1.73530113697052,72000,0.0,0.0
2000-07-31,1.742686025080566,1.742686025080566,1.7353011369705198,1.73530113697052,334800,0.0,0.0
2000-08-01,1.6983803935650001,1.7353011369705198,1.6983803935650001,1.73530113697052,16200,0.0,0.0
2000-08-02,1.6614590883255005,1.6614590883255005,1.6614590883255005,1.6614590883255005,42000,0.0,0.0
2000-08-03,1.6614590883255005,1.7353014327860365,1.6614590883255005,1.6614590883255005,21000,0.0,0.0
2000-08-04,1.6614590883255005,1.6614590883255005,1.6614590883255005,1.6614590883255005,0,0.0,0.0
2000-08-08,1.7353011369705198,1.7722227254376877,1.7353011369705198,1.73530113697052,43200,0.0,0.0
2000-08-09,1.7722229298760903,1.7722229298760903,1.6983805894851685,1.6983805894851685,139200,0.0,0.0
2000-08-10,1.7353012073089409,1.7353012073089409,1.676227698567515,1.6909955739974976,31800,0.0,0.0
2000-08-11,1.683611512184143,1.683611512184143,1.683611512184143,1.683611512184143,12000,0.0,0.0
2000-08-14,1.7353011369705198,1.7353011369705198,1.7353011369705198,1.73530113697052,37800,0.0,0.0
2000-08-15,1.7353011317599756,1.7353011317599756,1.6836115629839248,1.727917194366455,101400,0.0,0.0
2000-08-16,1.6983805894851685,1.6983805894851685,1.6983805894851685,1.6983805894851685,318000,0.0,0.0
2000-08-17,1.6983805894851685,1.6983805894851685,1.6762278239882609,1.6983805894851685,282600,0.0,0.0
2000-08-18,1.6983805894851685,1.7131485716528492,1.6983805894851685,1.6983805894851685,217800,0.0,0.0
2000-08-21,1.6983805894851685,1.6983805894851685,1.6983805894851685,1.6983805894851685,6000,0.0,0.0
2000-08-22,1.6688430661633946,1.7205334901809692,1.6688430661633946,1.7205334901809692,127800,0.0,0.0
2000-08-23,1.7205331565064301,1.8091443139048555,1.7205331565064301,1.73530113697052,591000,0.0,0.0
2000-08-24,1.7722227337444678,1.7722227337444678,1.7353011451042406,1.7426860332489014,1262400,0.0,0.0
2000-08-25,1.7722227254376877,1.7722227254376877,1.7353011369705198,1.73530113697052,435000,0.0,0.0
2000-08-28,1.6983805894851685,1.6983805894851685,1.6983805894851685,1.6983805894851685,4200,0.0,0.0
2000-08-29,1.7353011369705198,1.7353011369705198,1.7353011369705198,1.73530113697052,5400,0.0,0.0
2000-08-30,1.7353011369705198,1.7353011369705198,1.7353011369705198,1.73530113697052,4800,0.0,0.0
2000-08-31,1.7353011369705198,1.750069962496258,1.7353011369705198,1.73530113697052,5400,0.0,0.0
2000-09-01,1.727917199554828,1.7353011369705198,1.727917199554828,1.73530113697052,76800,0.0,0.0
2000-09-05,1.772222876548767,1.772222876548767,1.7353012849334277,1.772222876548767,37800,0.0,0.0
2000-09-06,1.7722229047155722,1.8091444969177244,1.7722229047155722,1.8091444969177246,70200,0.0,0.0
2000-09-07,1.8091442122364432,1.8903704769601533,1.8091442122364432,1.8756026029586792,19800,0.0,0.0
2000-09-08,1.875602602958679,1.875602602958679,1.875602602958679,1.8756026029586792,34800,0.0,0.0
2000-09-11,1.8682178258895874,1.8682178258895874,1.8682178258895874,1.8682178258895874,2400,0.0,0.0
2000-09-12,1.8165283464721798,1.8312972784042356,1.8165283464721798,1.8312972784042358,23400,0.0,0.0
2000-09-13,1.8165282011032104,1.8165282011032104,1.8165282011032104,1.8165282011032104,20400,0.0,0.0
2000-09-14,1.809144217071801,1.8756026079716626,1.809144217071801,1.8682178258895874,42000,0.0,0.0
2000-09-15,1.8829864618614693,1.993750371382732,1.8829864618614693,1.919908046722412,101400,0.0,0.0
2000-09-18,2.030672311782837,2.0675930580464628,2.030672311782837,2.030672311782837,909000,0.0,0.0
2000-09-19,2.1045145310425664,2.1045145310425664,2.0011345459282404,2.0380561351776123,442200,0.0,0.0
2000-09-20,2.0454397910611988,2.0454397910611988,1.9937503337860107,1.9937503337860107,45000,0.0,0.0
2000-09-21,1.9937503337860107,2.052824783943379,1.9937503337860107,1.9937503337860107,164400,0.0,0.0
2000-09-22,2.052825182071869,2.052825182071869,2.030672311782837,2.030672311782837,90600,0.0,0.0
2000-09-25,2.001133918762207,2.001133918762207,2.001133918762207,2.001133918762207,43200,0.0,0.0
2000-09-26,1.9937507204574971,2.030672311782837,1.9937507204574971,2.030672311782837,186600,0.0,0.0
2000-09-27,1.9937502646704917,2.0454397201538086,1.9937502646704917,2.0454397201538086,49200,0.0,0.0
2000-09-28,2.0306721555034324,2.0306721555034324,1.986366629600525,1.986366629600525,93600,0.0,0.0
2000-09-29,1.9199082208211158,1.9199082208211158,1.8091443012556985,1.8460650444030762,64800,0.0,0.0
2000-10-02,1.8829864618614693,1.919908046722412,1.8829864618614693,1.919908046722412,26400,0.0,0.0
2000-10-03,1.919908046722412,1.919908046722412,1.919908046722412,1.919908046722412,100200,0.0,0.0
2000-10-04,1.919908046722412,1.9863664346882481,1.919908046722412,1.919908046722412,352800,0.0,0.0
2000-10-05,1.919908046722412,1.919908046722412,1.919908046722412,1.919908046722412,48000,0.0,0.0
2000-10-06,1.8829864618614693,1.919908046722412,1.8829864618614693,1.919908046722412,30000,0.0,0.0
2000-10-10,1.9051395654678345,1.9051395654678345,1.9051395654678345,1.9051395654678345,45000,0.0,0.0
2000-10-11,1.882986551122298,1.890370488166809,1.882986551122298,1.890370488166809,3600,0.0,0.0
2000-10-12,1.905139533569635,1.905139533569635,1.8829866647720337,1.8829866647720337,24000,0.0,0.0
2000-10-13,1.8903704769601533,1.8903704769601533,1.875602602958679,1.8756026029586792,21600,0.0,0.0
2000-10-16,1.875602695248031,1.875602695248031,1.846065044403076,1.8460650444030762,9600,0.0,0.0
2000-10-17,1.8460652147177254,1.8460652147177254,1.772222876548767,1.772222876548767,129600,0.0,0.0
2000-10-18,1.7722226436592892,1.7796065807342527,1.7722226436592892,1.779606580734253,33000,0.0,0.0
2000-10-19,1.882986744410335,1.882986744410335,1.8312972784042356,1.8312972784042358,78000,0.0,0.0
2000-10-20,1.8091444969177244,1.8091444969177244,1.8091444969177244,1.8091444969177246,73800,0.0,0.0
2000-10-23,1.8091444969177244,1.8091444969177244,1.8091444969177244,1.8091444969177246,7800,0.0,0.0
2000-10-24,1.8091444969177244,1.846065244058143,1.8091444969177244,1.8091444969177246,52800,0.0,0.0
2000-10-25,1.8091444681641065,1.8239123442546938,1.772222876548767,1.772222876548767,82800,0.0,0.0
2000-10-26,1.8091442304227274,1.8091442304227274,1.7722226436592892,1.779606580734253,326400,0.0,0.0
2000-10-27,1.7796065807342527,1.7796065807342527,1.7796065807342527,1.779606580734253,42000,0.0,0.0
2000-10-30,1.7869915977010749,1.7869915977010749,1.772222876548767,1.772222876548767,23400,0.0,0.0
2000-10-31,1.7205333549820758,1.7205333549820758,1.6983805894851685,1.6983805894851685,1361400,0.0,0.0
2000-11-01,1.6983805894851685,1.6983805894851685,1.6983805894851685,1.6983805894851685,82200,0.0,0.0
2000-11-02,1.6983805894851685,1.6983805894851685,1.6762278239882609,1.6983805894851685,9600,0.0,0.0
2000-11-03,1.683611512184143,1.683611512184143,1.683611512184143,1.683611512184143,6000,0.0,0.0
2000-11-06,1.6983805442806013,1.6983805442806013,1.6393061876296995,1.6393061876296997,7800,0.0,0.0
2000-11-07,1.6983805894851685,1.6983805894851685,1.6983805894851685,1.6983805894851685,3000,0.0,0.0
2000-11-08,1.7648389385034733,1.772222876548767,1.7648389385034733,1.772222876548767,12600,0.0,0.0
2000-11-09,1.772222876548767,1.772222876548767,1.772222876548767,1.772222876548767,13800,0.0,0.0
2000-11-10,1.7648385763168335,1.7648385763168335,1.7648385763168335,1.7648385763168335,1200,0.0,0.0
2000-11-13,1.7648385763168335,1.7648385763168335,1.7648385763168335,1.7648385763168335,0,0.0,0.0
2000-11-14,1.6762276887893677,1.6762276887893677,1.6762276887893677,1.6762276887893677,600,0.0,0.0
2000-11-15,1.6836116562285808,1.8312972784042356,1.6836116562285808,1.8312972784042358,36000,0.0,0.0
2000-11-16,1.8312972784042356,1.8312972784042356,1.8312972784042356,1.8312972784042358,0,0.0,0.0
2000-11-17,1.8091442229615666,1.890370488166809,1.8091442229615666,1.890370488166809,126000,0.0,0.0
2000-11-20,1.8977551445254903,1.9937503337860107,1.8977551445254903,1.9937503337860107,368400,0.0,0.0
2000-11-21,1.993750371382732,1.993750371382732,1.919908046722412,1.919908046722412,143400,0.0,0.0
2000-11-22,1.919908046722412,1.9789816529321984,1.919908046722412,1.919908046722412,300600,0.0,0.0
2000-11-23,1.9199082536116454,1.9199082536116454,1.8829866647720337,1.8829866647720337,313200,0.0,0.0
2000-11-24,1.9199080919570812,1.9568288326263426,1.9199080919570812,1.9568288326263428,44400,0.0,0.0
2000-11-27,2.030672311782837,2.030672311782837,2.030672311782837,2.030672311782837,16800,0.0,0.0
2000-11-28,1.9568288326263426,1.9568288326263426,1.9568288326263426,1.9568288326263428,17400,0.0,0.0
2000-11-29,1.9346759609061421,1.9937504134231436,1.9346759609061421,1.9642136096954346,281400,0.0,0.0
2000-11-30,1.9863664814887336,1.9937504183571895,1.9568288326263426,1.9568288326263428,72000,0.0,0.0
2000-12-01,1.9568291291321576,2.030672311782837,1.9199083828685315,2.030672311782837,1266600,0.0,0.0
2000-12-04,1.9568293922950277,2.0675933361053467,1.9568293922950277,2.0675933361053467,243600,0.0,0.0
2000-12-05,2.067592429558994,2.141435589763518,2.067592429558994,2.1118979454040527,635400,0.0,0.0
2000-12-06,2.104514241218567,2.104514241218567,1.9568287496213088,1.9937503337860107,767400,0.0,0.0
2000-12-07,2.0085190519580465,2.0454397910611988,1.9937503337860107,1.9937503337860107,577800,0.0,0.0
2000-12-08,1.9937507204574971,2.030672311782837,1.9937507204574971,2.030672311782837,468000,0.0,0.0
2000-12-11,2.0306719179507127,2.0306719179507127,1.9937503337860107,1.9937503337860107,8400,0.0,0.0
2000-12-12,2.001134927566064,2.0675933361053467,1.9863670496054224,2.0675933361053467,67200,0.0,0.0
2000-12-13,2.0675932128320706,2.0675932128320706,2.060209274291992,2.060209274291992,109800,0.0,0.0
2000-12-14,2.060209651440444,2.134052008075261,2.0306728355458072,2.0971312522888184,733200,0.0,0.0
2000-12-15,2.09713038976883,2.09713038976883,2.0675927409606776,2.0823614597320557,381600,0.0,0.0
2000-12-18,2.1340511303702954,2.1414359122867768,2.0823614597320557,2.0823614597320557,202800,0.0,0.0
2000-12-19,2.0675928914598205,2.0897457599639893,2.0675928914598205,2.0897457599639893,100800,0.0,0.0
2000-12-20,2.0897461428455166,2.1266677379608154,2.038056458974269,2.1266677379608154,182400,0.0,0.0
2000-12-21,2.0675928911218113,2.1192831993103027,2.0675928911218113,2.1192831993103027,36000,0.0,0.0
2000-12-22,2.1118983789575783,2.1118983789575783,2.0749776363372803,2.0749776363372803,635400,0.0,0.0
2000-12-27,2.126667143165801,2.1414358615875244,2.1192829952203303,2.1414358615875244,193800,0.0,0.0
2000-12-28,2.1414358615875244,2.1488197982676045,2.1414358615875244,2.1414358615875244,142200,0.0,0.0
2000-12-29,2.134051079845881,2.510648329230448,2.134051079845881,2.1414358615875244,155400,0.0,0.0
2001-01-02,2.2891204357147217,2.362963602876237,2.2891204357147217,2.2891204357147217,123600,0.0,0.0
2001-01-03,2.2226627091650877,2.2522003650665283,2.2226627091650877,2.2522003650665283,76200,0.0,0.0
2001-01-04,2.17835681144984,2.1857415939038565,2.0897457599639893,2.0897457599639893,34800,0.0,0.0
2001-01-05,2.0675933361053467,2.074978120147495,2.0159038618539897,2.0675933361053467,66000,0.0,0.0
2001-01-08,2.0675930084075125,2.1045145988464355,2.0675930084075125,2.1045145988464355,35400,0.0,0.0
2001-01-09,2.1045145988464355,2.1045145988464355,2.0749777912792284,2.1045145988464355,508800,0.0,0.0
2001-01-10,2.1045145988464355,2.111898536656458,2.0675930084075125,2.1045145988464355,163200,0.0,0.0
2001-01-11,2.0971306610364127,2.111898536656458,2.0971306610364127,2.1045145988464355,75600,0.0,0.0
2001-01-12,2.104515192180624,2.1118991320724296,2.0823623161777927,2.0971312522888184,95400,0.0,0.0
2001-01-15,2.06020843274682,2.06759236827074,2.0528244972229004,2.0528244972229004,178800,0.0,0.0
2001-01-16,2.082362059127816,2.082362059127816,2.0306725848764584,2.0675933361053467,40200,0.0,0.0
2001-01-17,2.0675932128320706,2.0675932128320706,2.0306724638044575,2.060209274291992,6600,0.0,0.0
2001-01-18,2.0380561466826537,2.0380561466826537,1.9051395654678345,1.9051395654678345,33600,0.0,0.0
2001-01-19,1.9199086463721968,1.9420615197016673,1.9199086463721968,1.9272925853729248,45000,0.0,0.0
2001-01-22,1.9789817720724232,2.023287296295166,1.9789817720724232,2.023287296295166,174600,0.0,0.0
2001-01-23,1.9568291291321576,2.030672311782837,1.9568291291321576,2.030672311782837,190200,0.0,0.0
2001-01-24,2.0306718475552668,2.0454397201538086,2.0306718475552668,2.0454397201538086,616800,0.0,0.0
2001-01-25,2.0306721610563714,2.0306721610563714,1.978981852531433,1.978981852531433,1494600,0.0,0.0
2001-01-26,1.978981852531433,1.978981852531433,1.978981852531433,1.978981852531433,0,0.0,0.0
2001-01-29,1.9937511166110493,2.029195547103882,1.9937511166110493,2.029195547103882,30000,0.0,0.0
2001-01-30,1.9937514002707453,2.0085201263427734,1.9937514002707453,2.0085201263427734,19800,0.0,0.0
2001-01-31,2.030672311782837,2.030672311782837,2.030672311782837,2.030672311782837,4800,0.0,0.0
2001-02-01,1.9937503337860107,2.0306719179507127,1.9715974677933445,1.9937503337860107,17400,0.0,0.0
2001-02-02,1.995227659117606,2.023287296295166,1.993750491412075,2.023287296295166,37200,0.0,0.0
2001-02-05,1.9937507204574971,2.030672311782837,1.9937507204574971,2.030672311782837,41400,0.0,0.0
2001-02-06,2.0528244972229004,2.066116045949743,2.0528244972229004,2.0528244972229004,13200,0.0,0.0
2001-02-07,2.0306730041853154,2.0661174397209816,2.0085201263427734,2.0085201263427734,33600,0.0,0.0
2001-02-08,2.0306725848764584,2.0675933361053467,2.0306725848764584,2.0675933361053467,164400,0.0,0.0
2001-02-09,2.0675933361053467,2.0675933361053467,2.060209397125026,2.0675933361053467,13800,0.0,0.0
2001-02-12,2.0675933361053467,2.082362059127816,2.0675933361053467,2.0675933361053467,91800,0.0,0.0
2001-02-13,2.1030380239243938,2.104515192180624,2.089746467335081,2.0971312522888184,16800,0.0,0.0
2001-02-14,2.0675928540169983,2.1045144416989263,2.0675928540169983,2.0749776363372803,13800,0.0,0.0
2001-02-15,2.074978120147495,2.0897462093735935,2.0675933361053467,2.0675933361053467,84600,0.0,0.0
2001-02-16,2.0897458558119033,2.289120836432272,2.0675929862916753,2.2078945636749268,372600,0.0,0.0
2001-02-19,2.2448153086572367,2.2448153086572367,2.2078945636749268,2.2078945636749268,31800,0.0,0.0
2001-02-20,2.2005098209961593,2.2448153495788574,2.2005098209961593,2.2448153495788574,357600,0.0,0.0
2001-02-21,2.230047297322476,2.2433390617370605,2.185741768049573,2.2433390617370605,402600,0.0,0.0
2001-02-22,2.215278507168015,2.215278507168015,2.200509786605835,2.200509786605835,33000,0.0,0.0
2001-02-23,2.0971303089976514,2.19903311249683,2.0971303089976514,2.1960787773132324,19800,0.0,0.0
2001-02-26,2.2005094320387673,2.2152781502212706,2.1429121494293213,2.1429121494293213,20400,0.0,0.0
2001-02-27,2.141435825383269,2.215278148651123,2.141435825383269,2.215278148651123,38400,0.0,0.0
2001-02-28,2.215278148651123,2.215278148651123,2.141435825383269,2.215278148651123,91200,0.0,0.0
2001-03-01,2.215278148651123,2.215278148651123,2.215278148651123,2.215278148651123,235800,0.0,0.0
2001-03-02,2.215278273493113,2.2521998597385307,2.1414359460638748,2.2226622104644775,239400,0.0,0.0
2001-03-05,2.215278148651123,2.252199732815825,2.215278148651123,2.215278148651123,201600,0.0,0.0
2001-03-06,2.2522003650665283,2.2522003650665283,2.2522003650665283,2.2522003650665283,219000,0.0,0.0
2001-03-07,2.244815374168785,2.2891209032368103,2.237431436222255,2.27435302734375,153600,0.0,0.0
2001-03-08,2.2728760692746515,2.2728760692746515,2.244815581376636,2.2522003650665283,40200,0.0,0.0
2001-03-09,2.2595843036946333,2.274353237278077,2.2522003650665283,2.2522003650665283,619800,0.0,0.0
2001-03-12,2.2876444700395284,2.303889513015747,2.2876444700395284,2.303889513015747,48600,0.0,0.0
2001-03-13,2.2521996971955,2.303889153653178,2.2521996971955,2.2891204357147217,101400,0.0,0.0
2001-03-14,2.2891207927736534,2.303889513015747,2.2522000484955043,2.303889513015747,1523400,0.0,0.0
2001-03-15,2.215278147212349,2.3112733364105225,2.215278147212349,2.3112733364105225,413400,0.0,0.0
2001-03-16,2.3038897804608065,2.326042652130127,2.3038897804608065,2.326042652130127,151800,0.0,0.0
2001-03-19,2.324565369547171,2.3334264755249023,2.324565369547171,2.3334264755249023,159000,0.0,0.0
2001-03-20,2.3334265905774982,2.3334265905774982,2.3038897804608065,2.326042652130127,447000,0.0,0.0
2001-03-21,2.2891204357147217,2.2891204357147217,2.2891204357147217,2.2891204357147217,7800,0.0,0.0
2001-03-22,2.2891204357147217,2.303889153653178,2.2891204357147217,2.2891204357147217,91200,0.0,0.0
2001-03-23,2.302412345219954,2.311273661871377,2.302412345219954,2.303889513015747,588000,0.0,0.0
2001-03-26,2.303889513015747,2.303889513015747,2.303889513015747,2.303889513015747,121800,0.0,0.0
2001-03-27,2.1133757435663574,2.27435302734375,2.1133757435663574,2.27435302734375,16200,0.0,0.0
2001-03-28,2.2817370891571045,2.2891210275044807,2.2669681561351593,2.2817370891571045,205200,0.0,0.0
2001-03-29,2.2226622452561844,2.2226622452561844,2.2152783081692373,2.2211859226226807,3000,0.0,0.0
2001-03-30,2.178356564486421,2.215278148651123,2.11189817777381,2.215278148651123,132000,0.0,0.0
2001-04-02,2.200509874101755,2.200509874101755,2.1118986035324503,2.1931257247924805,75000,0.0,0.0
2001-04-03,2.1414360678108495,2.1931255309376954,2.111898416857494,2.1192831993103027,132000,0.0,0.0
2001-04-04,2.111898871376383,2.111898871376383,2.0675933361053467,2.0675933361053467,106200,0.0,0.0
2001-04-05,2.0675933361053467,2.074978120147495,2.0675933361053467,2.0675933361053467,57000,0.0,0.0
2001-04-06,2.0528244972229004,2.0528244972229004,2.0528244972229004,2.0528244972229004,12600,0.0,0.0
2001-04-09,2.0380561351776123,2.0380561351776123,2.0380561351776123,2.0380561351776123,16200,0.0,0.0
2001-04-10,2.104514805129302,2.237431614169962,2.104514805129302,2.2300474643707275,445200,0.0,0.0
2001-04-11,2.2743531816095564,2.326042652130127,2.2743531816095564,2.326042652130127,1327200,0.0,0.0
2001-04-12,2.3629636417637085,2.3629636417637085,2.340810775756836,2.340810775756836,81000,0.0,0.0
2001-04-16,2.340810775756836,2.3629636417637085,2.3334259941353075,2.340810775756836,49800,0.0,0.0
2001-04-17,2.326042057575329,2.3481949235822017,2.326042057575329,2.340810775756836,50400,0.0,0.0
2001-04-18,2.3260425586049314,2.3747787475585938,2.3260425586049314,2.3747787475585938,121800,0.0,0.0
2001-04-19,2.374778282750218,2.3777315616607666,2.374778282750218,2.3777315616607666,57000,0.0,0.0
2001-04-20,2.3851168202009405,2.4368062842801637,2.37034788881944,2.4072694778442383,291000,0.0,0.0
2001-04-23,2.348194880605732,2.392500400543213,2.3334259514291373,2.392500400543213,27600,0.0,0.0
2001-04-24,2.392500400543213,2.392500400543213,2.3629635985169424,2.392500400543213,44400,0.0,0.0
2001-04-25,2.385116464118375,2.392500400543213,2.385116464118375,2.392500400543213,156000,0.0,0.0
2001-04-26,2.3998848489638314,2.4368064403533936,2.3998848489638314,2.4368064403533936,156600,0.0,0.0
2001-04-27,2.473728444540164,2.5844923921305916,2.473728444540164,2.518033981323242,765000,0.0,0.0
2001-04-30,2.584491766648806,2.6509501613723296,2.584491766648806,2.6287972927093506,423600,0.0,0.0
2001-05-01,2.6509501171297623,2.7469451050940648,2.6509501171297623,2.702639579772949,249600,0.0,0.0
2001-05-02,2.74694568594639,2.74694568594639,2.658334616567005,2.6657185554504395,616200,0.0,0.0
2001-05-03,2.65833413093968,2.65833413093968,2.6287973244744878,2.6509501934051514,1017000,0.0,0.0
2001-05-04,2.6302735342625474,2.6583340167999268,2.6302735342625474,2.6583340167999268,42600,0.0,0.0
2001-05-07,2.650950123510673,2.6583340608505184,2.584491729736328,2.584491729736328,69600,0.0,0.0
2001-05-08,2.510648478025671,2.577106869800563,2.495880603790283,2.495880603790283,44400,0.0,0.0
2001-05-09,2.510648704181176,2.6140286922454834,2.510648704181176,2.6140286922454834,319800,0.0,0.0
2001-05-10,2.6214125102023944,2.6287972927093506,2.584491766648806,2.6287972927093506,945000,0.0,0.0
2001-05-11,2.6287972927093506,2.6287972927093506,2.6287972927093506,2.6287972927093506,9600,0.0,0.0
2001-05-14,2.658334220331253,2.658334220331253,2.6140286922454834,2.6140286922454834,60000,0.0,0.0
2001-05-15,2.6583341668184706,2.695255756378174,2.6583341668184706,2.695255756378174,99000,0.0,0.0
2001-05-16,2.7174089034467848,2.8798623085021973,2.7174089034467848,2.8798623085021973,497400,0.0,0.0
2001-05-17,2.8060199668945223,2.8798623085021973,2.8060199668945223,2.8798623085021973,487200,0.0,0.0
2001-05-18,2.8798621425642663,2.9389366039897618,2.8798621425642663,2.927121162414551,87600,0.0,0.0
2001-05-22,2.9389362057236657,2.9507505893707275,2.9167833385074786,2.9507505893707275,140400,0.0,0.0
2001-05-23,2.9537046501098723,2.9537046501098723,2.7912512450544598,2.8798623085021973,129000,0.0,0.0
2001-05-24,2.8798625220623637,2.952228546142578,2.8429409259896747,2.952228546142578,48600,0.0,0.0
2001-05-25,2.9507511047708515,2.975857466651368,2.9507511047708515,2.953704595565796,611400,0.0,0.0
2001-05-28,3.3967604286672524,3.3967604286672524,3.0275478713510577,3.2121541500091553,40200,0.0,0.0
2001-05-29,3.247598006618064,3.3229175038409227,3.153079131895684,3.249075174331665,243000,0.0,0.0
2001-05-30,3.352454700917001,3.352454700917001,3.1383116245269775,3.1383116245269775,87000,0.0,0.0
2001-05-31,3.1530788653867603,3.1530788653867603,2.990625500679016,3.1013894081115723,64800,0.0,0.0
2001-06-01,2.9906256198883057,2.9906256198883057,2.9906256198883057,2.9906256198883057,1800,0.0,0.0
2001-06-04,3.0999122405228263,3.1013894081115723,3.0644678239468703,3.1013894081115723,288600,0.0,0.0
2001-06-05,3.1013894921166747,3.1013894921166747,3.0644679069519043,3.0644679069519043,25200,0.0,0.0
2001-06-06,3.0275468501845566,3.09400523174611,2.998009204864502,2.998009204864502,328200,0.0,0.0
2001-06-07,3.012778842121251,3.0201627798417605,2.9832420349121094,2.9832420349121094,378000,0.0,0.0
2001-06-08,2.953704205590926,2.953704205590926,2.7026395636064136,2.8060195446014404,112200,0.0,0.0
2001-06-11,2.9522282096335015,2.9537045324685645,2.8872461318969727,2.8872461318969727,16800,0.0,0.0
2001-06-12,2.946319979959071,3.1013894081115723,2.946319979959071,3.1013894081115723,58200,0.0,0.0
2001-06-13,3.1013899336661424,3.1013899336661424,3.027547597885132,3.027547597885132,24600,0.0,0.0
2001-06-14,3.0275477808716182,3.0275477808716182,2.916783847974629,2.953704595565796,75600,0.0,0.0
2001-06-15,2.953703996519166,3.071852688768723,2.953703996519166,3.0644679069519043,272400,0.0,0.0
2001-06-18,3.0644679069519043,3.1013894921166747,3.0275471668487066,3.0644679069519043,415200,0.0,0.0
2001-06-19,2.9610890882826264,3.101389816749041,2.9610890882826264,3.0349314212799072,451800,0.0,0.0
2001-06-20,3.0275477808716182,3.0644685284627853,2.953704595565796,2.953704595565796,122400,0.0,0.0
2001-06-21,2.9167832936770233,2.9906256198883057,2.887245644890165,2.9906256198883057,87600,0.0,0.0
2001-06-22,2.8946309150537597,2.9167837856661007,2.8872461318969727,2.8872461318969727,104400,0.0,0.0
2001-06-25,2.8798617466927303,2.916783332824707,2.7690978333583947,2.916783332824707,101400,0.0,0.0
2001-06-26,2.8650935866621348,2.89463103034226,2.8060199668945223,2.8798623085021973,213600,0.0,0.0
2001-06-27,2.806019544601441,2.8134034818793436,2.776481894101156,2.8060195446014404,67200,0.0,0.0
2001-06-28,2.6657178296953865,2.776481741896314,2.6657178296953865,2.7690978050231934,193200,0.0,0.0
2001-06-29,2.6657178296953865,2.8060193907773647,2.6657178296953865,2.7690978050231934,91200,0.0,0.0
2001-07-03,2.8798624018743344,2.8798624018743344,2.732176868808901,2.8429408073425293,30000,0.0,0.0
2001-07-04,2.769097407479921,2.769097407479921,2.7321758270263667,2.732175827026367,29400,0.0,0.0
2001-07-05,2.8060200578725114,2.8429408073425293,2.8060200578725114,2.8429408073425293,78000,0.0,0.0
2001-07-06,2.8060191476184984,2.8724775314331055,2.8060191476184984,2.8724775314331055,132600,0.0,0.0
2001-07-09,2.8060193907773647,2.8724777803510007,2.7690978050231934,2.7690978050231934,277200,0.0,0.0
2001-07-10,2.7469452880919203,2.761714220046997,2.695255822005249,2.761714220046997,2373600,0.0,0.0
2001-07-11,2.806019748319688,2.806019748319688,2.6731029522361918,2.761714220046997,45000,0.0,0.0
2001-07-12,2.7469451427459717,2.761714073919597,2.7469451427459717,2.7469451427459717,19800,0.0,0.0
2001-07-13,2.6583340167999268,2.6583340167999268,2.6435652973033257,2.6583340167999268,1005000,0.0,0.0
2001-07-16,2.7321763919647086,2.7321763919647086,2.584491729736328,2.584491729736328,30000,0.0,0.0
2001-07-17,2.584491985106883,2.584491985106883,2.510648801634697,2.546093225479126,39600,0.0,0.0
2001-07-18,2.53280163257119,2.5475703535408987,2.473728016284921,2.5091724395751953,218400,0.0,0.0
2001-07-19,2.5106487780708036,2.5106487780708036,2.4368064403533936,2.4368064403533936,10800,0.0,0.0
2001-07-20,2.3998847135830688,2.5136029720306396,2.3998847135830688,2.5136029720306396,196800,0.0,0.0
2001-07-23,2.5401863802104745,2.658334244933885,2.510648727416992,2.510648727416992,99000,0.0,0.0
2001-07-24,2.510648484109269,2.510648484109269,2.476681232452392,2.4766812324523926,42000,0.0,0.0
2001-07-25,2.4737279818340423,2.510648727416992,2.4515751119534235,2.510648727416992,77400,0.0,0.0
2001-07-26,2.584491729736328,2.584491729736328,2.584491729736328,2.584491729736328,3000,0.0,0.0
2001-07-27,2.6583340608505184,2.6583340608505184,2.5697230099949984,2.584491729736328,38400,0.0,0.0
2001-07-30,2.732176555875447,2.732176555875447,2.6140286922454834,2.6140286922454834,102000,0.0,0.0
2001-07-31,2.6657180312726974,2.6657180312726974,2.606644630432129,2.606644630432129,34200,0.0,0.0
2001-08-01,2.621412754058838,2.621412754058838,2.621412754058838,2.621412754058838,97800,0.0,0.0
2001-08-02,2.5844917618106202,2.606644630432129,2.5771069793174886,2.606644630432129,82800,0.0,0.0
2001-08-03,2.693778436554794,2.695255604276023,2.6583340167999268,2.6583340167999268,117600,0.0,0.0
2001-08-07,2.6583343154554595,2.6583343154554595,2.591875915315987,2.599259853363037,62400,0.0,0.0
2001-08-08,2.6066445649308854,2.6066445649308854,2.532801389694214,2.532801389694214,279600,0.0,0.0
2001-08-09,2.547569990158081,2.584491576050467,2.5254171231288085,2.547569990158081,78600,0.0,0.0
2001-08-10,2.5475703180616396,2.5475703180616396,2.510648727416992,2.510648727416992,63000,0.0,0.0
2001-08-13,2.5549541342056354,2.621412529416272,2.5254173278808594,2.5254173278808594,93600,0.0,0.0
2001-08-14,2.658334312284209,2.658334312284209,2.5106487910256243,2.5771071910858154,1203000,0.0,0.0
2001-08-15,2.5844919331964156,2.5918758711175496,2.5844919331964156,2.585968255996704,59400,0.0,0.0
2001-08-16,2.6952554842568266,2.6952554842568266,2.658333898424841,2.673102617263794,39600,0.0,0.0
2001-08-17,2.658333898424841,2.6731026172637944,2.658333898424841,2.673102617263794,599400,0.0,0.0
2001-08-20,2.6731031321232757,2.7100238800048833,2.6583344104397573,2.710023880004883,340800,0.0,0.0
2001-08-21,2.7115006464322278,2.7174084722555185,2.6583340167999268,2.6583340167999268,19200,0.0,0.0
2001-08-22,2.710023631646549,2.710023631646549,2.6583341668184706,2.695255756378174,17400,0.0,0.0
2001-08-23,2.673102736296528,2.710023478710999,2.6583340167999268,2.6583340167999268,53400,0.0,0.0
2001-08-24,2.6361815391799177,2.7100238800048833,2.6361815391799177,2.710023880004883,31800,0.0,0.0
2001-08-27,2.630273501619558,2.636181116104126,2.630273501619558,2.636181116104126,7800,0.0,0.0
2001-08-28,2.636181475384957,2.636181475384957,2.621412754058838,2.621412754058838,37200,0.0,0.0
2001-08-29,2.599259853363037,2.599259853363037,2.5844919772689368,2.599259853363037,20400,0.0,0.0
2001-08-30,2.584491576050467,2.584491576050467,2.5106484042656954,2.547569990158081,610800,0.0,0.0
2001-08-31,2.5106487780708036,2.5106487780708036,2.4368064403533936,2.4368064403533936,13800,0.0,0.0
2001-09-04,2.4205611800209113,2.584491729736328,2.3703478286719637,2.584491729736328,30000,0.0,0.0
2001-09-05,2.5771069473348436,2.650950123510673,2.5771069473348436,2.584491729736328,49200,0.0,0.0
2001-09-06,2.6140285354227584,2.6140285354227584,2.584491729736328,2.584491729736328,186000,0.0,0.0
2001-09-07,2.510648603089149,2.5180333856363166,2.495880728118127,2.5032646656036377,36000,0.0,0.0
2001-09-10,2.5032645409079772,2.5032645409079772,2.495880603790283,2.495880603790283,18600,0.0,0.0
2001-09-13,2.473728031742956,2.473728031742956,2.4368064403533936,2.4368064403533936,17400,0.0,0.0
2001-09-14,2.451575004396249,2.451575004396249,2.3629639512922274,2.4072694778442383,189000,0.0,0.0
2001-09-17,2.3792089337575155,2.584491729736328,2.3792089337575155,2.584491729736328,44400,0.0,0.0
2001-09-18,2.584491984496538,2.584491984496538,2.512125968933106,2.5121259689331055,18000,0.0,0.0
2001-09-19,2.4737280847711647,2.4737280847711647,2.2891209689277265,2.362964153289795,55800,0.0,0.0
2001-09-20,2.2152787705369827,2.2522003650665283,2.1045148320101337,2.2522003650665283,795000,0.0,0.0
2001-09-21,2.1414363451246783,2.2817370891571045,2.1414363451246783,2.2817370891571045,330000,0.0,0.0
2001-09-24,2.287644236561156,2.287644236561156,2.178356647491455,2.178356647491455,142200,0.0,0.0
2001-09-25,2.06759236827074,2.1414355262863807,1.9937500553165308,2.0528244972229004,189000,0.0,0.0
2001-09-26,1.9937504183571895,2.03362549432926,1.9346759656939931,1.9568288326263428,228000,0.0,0.0
2001-09-27,1.9568288326263426,1.9937504183571895,1.9553525100365234,1.9568288326263428,133800,0.0,0.0
2001-09-28,1.978981615613975,1.9937503337860107,1.9715974677933445,1.9937503337860107,36000,0.0,0.0
2001-10-01,2.0306719990626183,2.0306719990626183,1.9642136096954346,1.9642136096954346,10800,0.0,0.0
2001-10-02,1.9642135312381015,2.001134270341254,1.9568287496213088,1.9937503337860107,157800,0.0,0.0
2001-10-03,1.9937507204574971,2.030672311782837,1.9937507204574971,2.030672311782837,318600,0.0,0.0
2001-10-04,2.0291950298133132,2.067592941793194,2.023287414971697,2.0380561351776123,48600,0.0,0.0
2001-10-05,2.0675930084075125,2.1045145988464355,2.0675930084075125,2.1045145988464355,18600,0.0,0.0
2001-10-09,2.104514241218567,2.215278148651123,2.104514241218567,2.215278148651123,54000,0.0,0.0
2001-10-10,2.215278113614742,2.362963602876237,2.148819727953223,2.2891204357147217,13800,0.0,0.0
2001-10-11,2.296505731280641,2.4589593410491943,2.296505731280641,2.4589593410491943,36000,0.0,0.0
2001-10-12,2.488495748359387,2.5106486172681,2.4072694778442383,2.4072694778442383,103800,0.0,0.0
2001-10-15,2.4294228066681702,2.4368067455932394,2.3555796146392822,2.3555796146392822,205800,0.0,0.0
2001-10-16,2.303889190091013,2.318658119528436,2.11189817777381,2.215278148651123,132000,0.0,0.0
2001-10-17,2.215278148651123,2.222662085206366,2.215278148651123,2.215278148651123,354600,0.0,0.0
2001-10-18,2.2152781861037965,2.2152781861037965,2.1414358615875244,2.1414358615875244,1041000,0.0,0.0
2001-10-19,2.082362059127816,2.082362059127816,1.9199086410661395,2.0675933361053467,2034000,0.0,0.0
2001-10-22,2.1414365286867776,2.1414365286867776,2.0675933361053467,2.0675933361053467,174600,0.0,0.0
2001-10-23,2.067592429558994,2.1118979454040527,2.023286913713935,2.1118979454040527,407400,0.0,0.0
2001-10-24,2.0823614597320557,2.0823614597320557,2.0823614597320557,2.0823614597320557,33600,0.0,0.0
2001-10-25,2.0971309934157416,2.0971309934157416,2.0675933361053467,2.0675933361053467,1182000,0.0,0.0
2001-10-26,2.1266668732164673,2.1266668732164673,2.0690695969852086,2.1118979454040527,154200,0.0,0.0
2001-10-29,2.104514009661256,2.141435589763518,2.0838383135322593,2.1118979454040527,303600,0.0,0.0
2001-10-30,2.1414358615875244,2.1414358615875244,2.1118982134786863,2.1414358615875244,46200,0.0,0.0
2001-10-31,2.213801065418,2.215278233063033,2.1709727106548513,2.178356647491455,109800,0.0,0.0
2001-11-01,2.2891205591446067,2.2891205591446067,2.178356647491455,2.178356647491455,46800,0.0,0.0
2001-11-02,2.200509786605835,2.200509786605835,2.1931256375901667,2.200509786605835,20400,0.0,0.0
2001-11-05,2.1414359122867768,2.1414359122867768,2.0675927409606776,2.0823614597320557,1233600,0.0,0.0
2001-11-06,2.069069912408702,2.069069912408702,1.9568288326263426,1.9568288326263428,2186400,0.0,0.0
2001-11-07,1.934676078308001,1.9494450092315676,1.9199082037114779,1.9494450092315674,192000,0.0,0.0
2001-11-08,1.949444764580517,1.949444764580517,1.9199079627672313,1.9420608282089233,21600,0.0,0.0
2001-11-09,1.9066164599348667,1.9937503337860107,1.9066164599348667,1.9937503337860107,1300200,0.0,0.0
2001-11-12,2.001134927566064,2.0675933361053467,2.001134927566064,2.0675933361053467,12000,0.0,0.0
2001-11-13,2.0675930084075125,2.1045145988464355,2.0675930084075125,2.1045145988464355,15000,0.0,0.0
2001-11-14,2.104514241218567,2.104514241218567,1.9937503337860107,1.9937503337860107,804000,0.0,0.0
2001-11-15,1.9199082208211158,1.9199082208211158,1.846065044403076,1.8460650444030762,1836000,0.0,0.0
2001-11-16,1.7943754231480322,1.9199080514274676,1.7943754231480322,1.9125232696533203,43200,0.0,0.0
2001-11-19,1.7943756880030768,1.911047229170768,1.7943756880030768,1.8312972784042358,45600,0.0,0.0
2001-11-20,1.8386809403060425,1.919908046722412,1.8386809403060425,1.919908046722412,91200,0.0,0.0
2001-11-21,1.9199081314831032,1.9199081314831032,1.8682178258895874,1.8682178258895874,679800,0.0,0.0
2001-11-22,1.9199080919570812,1.9568288326263426,1.9199080919570812,1.9568288326263428,51000,0.0,0.0
2001-11-23,1.9715978501684648,2.030672311782837,1.9715978501684648,2.030672311782837,418800,0.0,0.0
2001-11-26,1.9420609131328213,1.9420609131328213,1.8312970036115583,1.919908046722412,489600,0.0,0.0
2001-11-27,1.8829865449921348,1.90366224469874,1.8682178258895874,1.8682178258895874,263400,0.0,0.0
2001-11-28,1.8091443012556985,1.9051395010313437,1.8091443012556985,1.8460650444030762,36000,0.0,0.0
2001-11-29,1.9051395823271986,1.9051395823271986,1.7943756580352783,1.7943756580352783,66600,0.0,0.0
2001-11-30,1.8091444969177244,1.8091444969177244,1.8091444969177244,1.8091444969177246,7200,0.0,0.0
2001-12-03,1.8091444969177244,1.8091444969177244,1.8091444969177244,1.8091444969177246,0,0.0,0.0
2001-12-04,1.8312974019171064,1.8386813402175906,1.8312974019171064,1.8386813402175903,82800,0.0,0.0
2001-12-05,1.9199086463721968,2.0306725904886345,1.9199086463721968,1.9272925853729248,508200,0.0,0.0
2001-12-06,1.9568287865217893,1.9568287865217893,1.919908046722412,1.919908046722412,352200,0.0,0.0
2001-12-07,1.9420608282089233,1.9686441399797243,1.9420608282089233,1.9420608282089233,14400,0.0,0.0
2001-12-10,1.919908046722412,1.919908046722412,1.919908046722412,1.919908046722412,567600,0.0,0.0
2001-12-11,1.9199082536116454,1.9199082536116454,1.8829866647720337,1.8829866647720337,109800,0.0,0.0
2001-12-12,1.9051393729915,1.9420609587191087,1.8534497022628782,1.8534497022628784,250200,0.0,0.0
2001-12-13,1.9199084284624477,1.9199084284624477,1.7869916261026064,1.8091444969177246,25800,0.0,0.0
2001-12-14,1.7958528558413325,1.8312972784042356,1.7958528558413325,1.8312972784042358,190200,0.0,0.0
2001-12-17,1.9199082536116454,1.9199082536116454,1.809144332154467,1.8829866647720337,12000,0.0,0.0
2001-12-18,1.8829866647720337,1.8829866647720337,1.8829866647720337,1.8829866647720337,3000,0.0,0.0
2001-12-19,1.9051394673173652,1.9051394673173652,1.8091442692404827,1.8239121437072754,37800,0.0,0.0
2001-12-20,1.816528206473879,1.8239121437072754,1.816528206473879,1.8239121437072754,3600,0.0,0.0
2001-12-21,1.7796068428782226,1.8903707744229459,1.7722229047155722,1.8091444969177246,255000,0.0,0.0
2001-12-24,1.8756026620567454,1.8756026620567454,1.8239121437072754,1.8239121437072754,21600,0.0,0.0
2001-12-27,1.9937504134231436,1.9937504134231436,1.9568288277836687,1.9642136096954346,58200,0.0,0.0
2001-12-28,1.9642136096954346,1.9642136096954346,1.9568288277836687,1.9642136096954346,34800,0.0,0.0
2001-12-31,1.9937504134231436,1.9937504134231436,1.9642136096954346,1.9642136096954346,76200,0.0,0.0
2002-01-02,1.890370488166809,1.890370488166809,1.890370488166809,1.890370488166809,8400,0.0,0.0
2002-01-03,1.9125232649663624,1.919908046722412,1.9125232649663624,1.919908046722412,382200,0.0,0.0
2002-01-04,1.9568288326263426,1.9568288326263426,1.9199080919570812,1.9568288326263428,861600,0.0,0.0
2002-01-07,1.9199080919570812,1.9568288326263426,1.9199080919570812,1.9568288326263428,281400,0.0,0.0
2002-01-08,1.956829235441383,2.1030375957489014,1.956829235441383,2.1030375957489014,794400,0.0,0.0
2002-01-09,2.1414362288742477,2.27435302734375,2.1414362288742477,2.27435302734375,19200,0.0,0.0
2002-01-10,2.215278525101511,2.215278525101511,2.030672263030283,2.1045145988464355,35400,0.0,0.0
2002-01-11,1.9937503337860107,2.058731552909876,1.9937503337860107,1.9937503337860107,1846800,0.0,0.0
2002-01-14,1.9937506725913599,2.1045145988464355,1.9937506725913599,2.1045145988464355,36600,0.0,0.0
2002-01-15,2.067592863913797,2.067592863913797,1.99079704284668,1.9907970428466797,441600,0.0,0.0
2002-01-16,1.9922732457753947,1.9922732457753947,1.9642136096954346,1.9642136096954346,38400,0.0,0.0
2002-01-17,1.9642137341906003,1.9715976715087893,1.9642137341906003,1.971597671508789,4200,0.0,0.0
2002-01-18,1.978981615613975,1.9937503337860107,1.978981615613975,1.9937503337860107,621600,0.0,0.0
2002-01-21,1.9863666350323086,1.9863666350323086,1.9346761152419576,1.978981852531433,189000,0.0,0.0
2002-01-22,1.9346760511398313,1.9346760511398313,1.9346760511398313,1.9346760511398315,9000,0.0,0.0
2002-01-23,1.9346760511398313,1.9346760511398313,1.9199081767506898,1.9346760511398315,903000,0.0,0.0
2002-01-24,1.919908046722412,1.9346759201113801,1.919908046722412,1.919908046722412,1206000,0.0,0.0
2002-01-25,1.9199082403635082,1.978981852531433,1.9199082403635082,1.978981852531433,8400,0.0,0.0
2002-01-28,1.9213844097919428,1.9642136096954346,1.9213844097919428,1.9642136096954346,16800,0.0,0.0
2002-01-29,2.06759273964051,2.06759273964051,1.9642136096954346,1.9642136096954346,4800,0.0,0.0
2002-01-30,1.9642136096954346,1.9937504134231436,1.9642136096954346,1.9642136096954346,24000,0.0,0.0
2002-01-31,1.9568287009521108,1.9568287009521108,1.9420608282089233,1.9420608282089233,58200,0.0,0.0
2002-02-01,1.9420608282089233,1.9420608282089233,1.9420608282089233,1.9420608282089233,9600,0.0,0.0
2002-02-04,1.9420609588894309,1.9568288326263426,1.9420609588894309,1.9568288326263428,64200,0.0,0.0
2002-02-05,1.9420609540833038,1.9642136096954346,1.9420609540833038,1.9642136096954346,15000,0.0,0.0
2002-02-06,1.9642135312381015,1.9937503337860107,1.9642135312381015,1.9937503337860107,19800,0.0,0.0
2002-02-07,2.005564928045942,2.005564928045942,1.9937503337860107,1.9937503337860107,4200,0.0,0.0
2002-02-08,1.9937509004466214,2.070547580718994,1.9937509004466214,2.070547580718994,19200,0.0,0.0
2002-02-11,2.0675927409606776,2.0823614597320557,2.0675927409606776,2.0823614597320557,24600,0.0,0.0
2002-02-12,2.0675933361053467,2.082362059127816,2.0675933361053467,2.0675933361053467,42600,0.0,0.0
2002-02-13,2.1045144313789983,2.1709728240966797,2.1045144313789983,2.1709728240966797,31200,0.0,0.0
2002-02-14,2.200509467682073,2.200509467682073,2.1414358615875244,2.1414358615875244,36000,0.0,0.0
2002-02-15,2.1414358615875244,2.1488197982676045,2.1414358615875244,2.1414358615875244,113400,0.0,0.0
2002-02-18,2.1414363469256408,2.1562042236328125,2.1414363469256408,2.1562042236328125,443400,0.0,0.0
2002-02-19,2.156204058894698,2.1709729908006894,2.156204058894698,2.1576812267303467,189000,0.0,0.0
2002-02-20,2.170973156667179,2.170973156667179,2.1562042236328125,2.1562042236328125,172800,0.0,0.0
2002-02-21,2.170973156667179,2.170973156667179,2.1562042236328125,2.1562042236328125,310800,0.0,0.0
2002-02-22,2.2005099664087164,2.2005099664087164,2.1414363469256408,2.1562042236328125,118800,0.0,0.0
2002-02-25,2.1562035830251083,2.1694953441619873,2.1562035830251083,2.1694953441619873,229200,0.0,0.0
2002-02-26,2.193125247972441,2.296505217214718,2.193125247972441,2.2891204357147217,205800,0.0,0.0
2002-02-27,2.3555788571016922,2.3555788571016922,2.2891204704322443,2.3112733364105225,174600,0.0,0.0
2002-02-28,2.2891204719189773,2.2891204719189773,2.185741346103214,2.215278148651123,410400,0.0,0.0
2002-03-01,2.193125282658457,2.215278148651123,2.193125282658457,2.215278148651123,176400,0.0,0.0
2002-03-04,2.2152779842695223,2.25219956569451,2.2152779842695223,2.2167551517486572,105600,0.0,0.0
2002-03-05,2.2521996971955,2.2891204357147217,2.230046831553199,2.2891204357147217,252600,0.0,0.0
2002-03-06,2.2891206410670897,2.2891206410670897,2.2595838363366414,2.2669677734375,187200,0.0,0.0
2002-03-07,2.2743526450103224,2.3777315616607666,2.2743526450103224,2.3777315616607666,1683000,0.0,0.0
2002-03-08,2.362964245755956,2.377732122650698,2.311273930173619,2.326042652130127,83400,0.0,0.0
2002-03-11,2.326042382113471,2.326042382113471,2.2891207927736534,2.303889513015747,49800,0.0,0.0
2002-03-12,2.2595842483876067,2.326042652130127,2.2595842483876067,2.326042652130127,12000,0.0,0.0
2002-03-13,2.3555789064834722,2.3777315616607666,2.3555789064834722,2.3777315616607666,86400,0.0,0.0
2002-03-14,2.385117002419829,2.4589593410491943,2.385117002419829,2.4589593410491943,61800,0.0,0.0
2002-03-15,2.495880732821498,2.577107003030986,2.4737278639961473,2.5254173278808594,129600,0.0,0.0
2002-03-18,2.4811116732278786,2.525417197322672,2.4811116732278786,2.495880603790283,1298400,0.0,0.0
2002-03-19,2.503264840070663,2.503264840070663,2.3998848489638314,2.4368064403533936,247200,0.0,0.0
2002-03-20,2.4737277030944824,2.4737277030944824,2.466342921013736,2.4737277030944824,84600,0.0,0.0
2002-03-21,2.4737278733049624,2.4737278733049624,2.4072694778442383,2.4072694778442383,135600,0.0,0.0
2002-03-22,2.444190221807376,2.444190221807376,2.4072694778442383,2.4072694778442383,4800,0.0,0.0
2002-03-25,2.407269981830556,2.429422855377197,2.3998851976956033,2.4294228553771973,46800,0.0,0.0
2002-03-26,2.4294225936936917,2.4294225936936917,2.3998849391937256,2.3998849391937256,45000,0.0,0.0
2002-03-27,2.4146533012390137,2.4146533012390137,2.3998845818209955,2.4146533012390137,162600,0.0,0.0
2002-03-28,2.429422855377197,2.429422855377197,2.4131767528112205,2.4294228553771973,65400,0.0,0.0
2002-04-01,2.4294221795910143,2.4737277030944824,2.422037397510268,2.4737277030944824,45600,0.0,0.0
2002-04-02,2.473727734254627,2.560861825942993,2.4441900844173774,2.560861825942993,165000,0.0,0.0
2002-04-03,2.546093184571278,2.5844919435820857,2.546093184571278,2.5549542903900146,85200,0.0,0.0
2002-04-04,2.6583343154554595,2.6583343154554595,2.5844919772689368,2.599259853363037,132600,0.0,0.0
2002-04-05,2.510648592721572,2.575630664825439,2.510648592721572,2.5756306648254395,11400,0.0,0.0
2002-04-08,2.5106485218638666,2.5623388290405273,2.5106485218638666,2.5623388290405273,22200,0.0,0.0
2002-04-09,2.584491729736328,2.584491729736328,2.5254172733018283,2.584491729736328,55800,0.0,0.0
2002-04-10,2.583014726638794,2.583014726638794,2.5549542418477817,2.583014726638794,15600,0.0,0.0
2002-04-11,2.5475703180616396,2.5475703180616396,2.510648727416992,2.510648727416992,14400,0.0,0.0
2002-04-12,2.4737281247491762,2.4737281247491762,2.3260425987000213,2.3998849391937256,34200,0.0,0.0
2002-04-15,2.348195431911208,2.4294225544317034,2.348195431911208,2.362964153289795,67200,0.0,0.0
2002-04-16,2.3629644459989163,2.451575517654419,2.3629644459989163,2.451575517654419,30600,0.0,0.0
2002-04-17,2.5032652840806113,2.540186882019043,2.5032652840806113,2.540186882019043,461400,0.0,0.0
2002-04-18,2.5401863802104745,2.5401863802104745,2.5032647895658267,2.510648727416992,660000,0.0,0.0
2002-04-19,2.510648727416992,2.510648727416992,2.510648727416992,2.510648727416992,153000,0.0,0.0
2002-04-22,2.4737277030944824,2.4737277030944824,2.4737277030944824,2.4737277030944824,3600,0.0,0.0
2002-04-23,2.473728031742956,2.473728031742956,2.4368064403533936,2.4368064403533936,6600,0.0,0.0
2002-04-24,2.399884800544747,2.510648727416992,2.399884800544747,2.510648727416992,1282200,0.0,0.0
2002-04-25,2.4914501932323674,2.510648727416992,2.4914501932323674,2.510648727416992,225000,0.0,0.0
2002-04-26,2.5091724782121982,2.512125968933106,2.5091724782121982,2.5121259689331055,16200,0.0,0.0
2002-04-29,2.510648444517204,2.510648444517204,2.4737277030944824,2.4737277030944824,123600,0.0,0.0
2002-04-30,2.4811118014955733,2.5254173278808594,2.4811118014955733,2.5254173278808594,27000,0.0,0.0
2002-05-01,2.510648727416992,2.5254174481810208,2.510648727416992,2.510648727416992,160200,0.0,0.0
2002-05-02,2.5254179470720177,2.540186882019043,2.5254179470720177,2.540186882019043,62400,0.0,0.0
2002-05-03,2.5106485847183757,2.606644630432129,2.5106485847183757,2.606644630432129,190800,0.0,0.0
2002-05-06,2.5697229773125496,2.5697229773125496,2.532801389694214,2.532801389694214,74400,0.0,0.0
2002-05-07,2.5254171562148766,2.5844916099104833,2.5254171562148766,2.569722890853882,35400,0.0,0.0
2002-05-08,2.5401864768886453,2.6287975372527623,2.5401864768886453,2.621412754058838,694800,0.0,0.0
2002-05-09,2.6287970945431263,2.6731026172637944,2.5992594455998232,2.673102617263794,51000,0.0,0.0
2002-05-10,2.658334038550323,2.806019544601441,2.658334038550323,2.8060195446014404,73800,0.0,0.0
2002-05-13,2.73217653112391,2.9950566291809086,2.73217653112391,2.995056629180908,135000,0.0,0.0
2002-05-14,2.8798623085021973,2.931551778615218,2.8798623085021973,2.8798623085021973,109800,0.0,0.0
2002-05-15,2.887245683641408,2.916783332824707,2.8798617466927303,2.916783332824707,82200,0.0,0.0
2002-05-16,2.9315515472957867,3.027547597885132,2.9315515472957867,3.027547597885132,236400,0.0,0.0
2002-05-17,3.027547084843718,3.1013894081115723,3.027547084843718,3.1013894081115723,262800,0.0,0.0
2002-05-21,3.071853042247212,3.071853042247212,3.027547515228953,3.057084321975708,203400,0.0,0.0
2002-05-22,3.027547128590596,3.027547128590596,2.894630353244778,2.9241671562194824,100800,0.0,0.0
2002-05-23,2.9093985508144344,2.9537040738950893,2.9093985508144344,2.916783332824707,18000,0.0,0.0
2002-05-24,2.916783847974629,3.020162997557077,2.916783847974629,2.953704595565796,114600,0.0,0.0
2002-05-27,3.027547597885132,3.03493153569164,3.027547597885132,3.027547597885132,103800,0.0,0.0
2002-05-28,3.027547084843718,3.1013894081115723,3.027547084843718,3.1013894081115723,200400,0.0,0.0
2002-05-29,3.0644682492088564,3.175232172012329,3.0644682492088564,3.175232172012329,451200,0.0,0.0
2002-05-30,3.1309268414224314,3.2490755542742624,3.1013900329239763,3.1383116245269775,496200,0.0,0.0
2002-05-31,3.1383116245269775,3.1383116245269775,3.1013900329239763,3.1383116245269775,327000,0.0,0.0
2002-06-03,3.1013894081115723,3.1013894081115723,3.0644678239468703,3.1013894081115723,491400,0.0,0.0
2002-06-04,3.1013894921166747,3.167847880629396,3.0644679069519043,3.0644679069519043,730200,0.0,0.0
2002-06-05,3.06446846551806,3.06446846551806,3.012778997421265,3.0127789974212646,319200,0.0,0.0
2002-06-06,3.012778994945095,3.012778994945095,2.8872461318969727,2.8872461318969727,355800,0.0,0.0
2002-06-07,2.887245683641408,2.916783332824707,2.8296483980038576,2.916783332824707,522000,0.0,0.0
2002-06-10,2.8429408073425293,2.85770952966143,2.8429408073425293,2.8429408073425293,219000,0.0,0.0
2002-06-11,2.8207874191572464,2.8207874191572464,2.7321763690450656,2.8060195446014404,131400,0.0,0.0
2002-06-12,2.6583340167999268,2.6657179540174147,2.5844916869093595,2.6583340167999268,39600,0.0,0.0
2002-06-13,2.5475701416484133,2.6657179981903636,2.5475701416484133,2.584491729736328,151800,0.0,0.0
2002-06-14,2.584491729736328,2.584491729736328,2.566769519565224,2.584491729736328,97200,0.0,0.0
2002-06-17,2.621412754058838,2.6952559381585663,2.621412754058838,2.621412754058838,76800,0.0,0.0
2002-06-18,2.7321766851467006,2.7321766851467006,2.621412754058838,2.621412754058838,26400,0.0,0.0
2002-06-19,2.621412723831338,2.6952559070795807,2.599259853363037,2.599259853363037,78600,0.0,0.0
2002-06-20,2.6937787359788627,2.6937787359788627,2.5549543206439416,2.5771071910858154,40800,0.0,0.0
2002-06-21,2.6214126542892373,2.6214126542892373,2.510648727416992,2.510648727416992,51000,0.0,0.0
2002-06-24,2.4737276634348984,2.547569990158081,2.4737276634348984,2.547569990158081,34200,0.0,0.0
2002-06-25,2.5328016614674977,2.6494732063605455,2.5328016614674977,2.5771071910858154,31800,0.0,0.0
2002-06-26,2.5475703826057003,2.5771071910858154,2.5475703826057003,2.5771071910858154,37200,0.0,0.0
2002-06-27,2.6214124293238306,2.6583340167999268,2.5475700994332633,2.6583340167999268,425400,0.0,0.0
2002-06-28,2.6583340167999268,2.695255604276023,2.6583340167999268,2.6583340167999268,31200,0.0,0.0
2002-07-02,2.677533509362698,2.677533509362698,2.650950193405151,2.6509501934051514,64800,0.0,0.0
2002-07-03,2.65094995986309,2.65094995986309,2.5992594439593777,2.6435651779174805,187800,0.0,0.0
2002-07-04,2.6435651779174805,2.6435651779174805,2.6435651779174805,2.6435651779174805,0,0.0,0.0
2002-07-05,2.6435651779174805,2.6435651779174805,2.6435651779174805,2.6435651779174805,6600,0.0,0.0
2002-07-08,2.6435651779174805,2.6435651779174805,2.6435651779174805,2.6435651779174805,72600,0.0,0.0
2002-07-09,2.584491729736328,2.584491729736328,2.584491729736328,2.584491729736328,4200,0.0,0.0
2002-07-10,2.5549539270588433,2.6066444430797397,2.547569990158081,2.547569990158081,400200,0.0,0.0
2002-07-11,2.54757082132889,2.54757082132889,2.540186882019043,2.540186882019043,177600,0.0,0.0
2002-07-12,2.6583337311433057,2.6583337311433057,2.633227586746216,2.633227586746216,9000,0.0,0.0
2002-07-15,2.5475701094856507,2.584491697107435,2.5475701094856507,2.5623388290405273,56400,0.0,0.0
2002-07-16,2.584491729736328,2.584491729736328,2.584491729736328,2.584491729736328,1200,0.0,0.0
2002-07-17,2.562338861389743,2.584491729736328,2.562338861389743,2.584491729736328,4200,0.0,0.0
2002-07-18,2.6140287826658914,2.6140287826658914,2.5771071910858154,2.5771071910858154,45000,0.0,0.0
2002-07-19,2.5771069473348436,2.584491729736328,2.5697230099949984,2.584491729736328,37200,0.0,0.0
2002-07-22,2.547569990158081,2.547569990158081,2.5401860532573193,2.547569990158081,60600,0.0,0.0
2002-07-23,2.5328013899307744,2.5623388290405273,2.5328013899307744,2.5623388290405273,38400,0.0,0.0
2002-07-24,2.333426449246562,2.4368064403533936,2.333426449246562,2.4368064403533936,22800,0.0,0.0
2002-07-25,2.4368064925901303,2.4368064925901303,2.362964153289795,2.362964153289795,36000,0.0,0.0
2002-07-26,2.3629641026359836,2.5106487780708036,2.3629641026359836,2.4368064403533936,33600,0.0,0.0
2002-07-29,2.422037810354186,2.422037810354186,2.3998849391937256,2.3998849391937256,378000,0.0,0.0
2002-07-30,2.3644400108074684,2.399884428103452,2.3644400108074684,2.3777315616607666,100800,0.0,0.0
2002-07-31,2.377731662741399,2.4737277030944824,2.3703477257222554,2.4737277030944824,73800,0.0,0.0
2002-08-01,2.5106487780708036,2.5401864314602256,2.3998848489638314,2.4368064403533936,28200,0.0,0.0
2002-08-02,2.399884582303955,2.399884582303955,2.3526255674714873,2.3733012676239014,43200,0.0,0.0
2002-08-06,2.3629641026359836,2.4368064403533936,2.3629641026359836,2.4368064403533936,337800,0.0,0.0
2002-08-07,2.362964153289795,2.392500962250669,2.362964153289795,2.362964153289795,36600,0.0,0.0
2002-08-08,2.362964153289795,2.362964153289795,2.327519729018226,2.362964153289795,323400,0.0,0.0
2002-08-09,2.362964153289795,2.362964153289795,2.362964153289795,2.362964153289795,600,0.0,0.0
2002-08-12,2.362964245755956,2.362964245755956,2.326042652130127,2.326042652130127,1081200,0.0,0.0
2002-08-13,2.362964153289795,2.4087460064769886,2.362964153289795,2.362964153289795,16800,0.0,0.0
2002-08-14,2.326042537441606,2.3334264755249023,2.326042537441606,2.3334264755249023,43200,0.0,0.0
2002-08-15,2.3334264755249023,2.3349036434193375,2.326042537441606,2.3334264755249023,142800,0.0,0.0
2002-08-16,2.362964153289795,2.3644404761375273,2.348195431911208,2.362964153289795,21000,0.0,0.0
2002-08-19,2.362964191477747,2.3998849391937256,2.362964191477747,2.3998849391937256,4800,0.0,0.0
2002-08-20,2.436806531971451,2.436806531971451,2.3998849391937256,2.3998849391937256,4200,0.0,0.0
2002-08-21,2.370348129755506,2.3998849391937256,2.362964191477747,2.3998849391937256,33000,0.0,0.0
2002-08-22,2.4368064403533936,2.4368064403533936,2.4368064403533936,2.4368064403533936,9600,0.0,0.0
2002-08-23,2.466343198921179,2.510648727416992,2.4515751119534235,2.510648727416992,22200,0.0,0.0
2002-08-26,2.4737284705138918,2.540186882019043,2.4737284705138918,2.540186882019043,7200,0.0,0.0
2002-08-27,2.5667696973079623,2.5667696973079623,2.510648727416992,2.510648727416992,513000,0.0,0.0
2002-08-28,2.546093150213643,2.546093150213643,2.510648727416992,2.510648727416992,11400,0.0,0.0
2002-08-29,2.5475701967062094,2.5475701967062094,2.51064860782035,2.5254173278808594,373800,0.0,0.0
2002-08-30,2.512125487305421,2.532801185980388,2.512125487305421,2.531324863433838,21000,0.0,0.0
2002-09-03,2.5342785538801835,2.5342785538801835,2.510648727416992,2.510648727416992,17400,0.0,0.0
2002-09-04,2.510648727416992,2.510648727416992,2.481111919685208,2.510648727416992,342600,0.0,0.0
2002-09-05,2.51064860782035,2.5254173278808594,2.4811118014955733,2.5254173278808594,44400,0.0,0.0
2002-09-06,2.4884961386410236,2.54757060583944,2.4884961386410236,2.489973306655884,106800,0.0,0.0
2002-09-09,2.473727827517298,2.4899728700542236,2.473727827517298,2.481111764907837,16800,0.0,0.0
2002-09-10,2.510648444517204,2.510648444517204,2.4737277030944824,2.4737277030944824,13800,0.0,0.0
2002-09-11,2.495880851714661,2.510648727416992,2.495880851714661,2.510648727416992,10200,0.0,0.0
2002-09-12,2.5106491619322946,2.5475707589669225,2.5106491619322946,2.519510269165039,36600,0.0,0.0
2002-09-13,2.5387090914291526,2.544616706212605,2.5254173278808594,2.5254173278808594,17400,0.0,0.0
2002-09-16,2.5254173278808594,2.5254173278808594,2.5254173278808594,2.5254173278808594,6600,0.0,0.0
2002-09-17,2.5180339461232344,2.519510269165039,2.5121263300359433,2.519510269165039,495000,0.0,0.0
2002-09-18,2.5254179470720177,2.540186882019043,2.5254179470720177,2.540186882019043,87000,0.0,0.0
2002-09-19,2.5180339461232344,2.5209874372686882,2.5180339461232344,2.519510269165039,51600,0.0,0.0
2002-09-20,2.532801597297611,2.5844919087062874,2.510648727416992,2.510648727416992,833400,0.0,0.0
2002-09-23,2.5106491970290694,2.518033981323242,2.473728444540164,2.518033981323242,70800,0.0,0.0
2002-09-24,2.518033981323242,2.519510304385685,2.518033981323242,2.518033981323242,54000,0.0,0.0
2002-09-25,2.495880603790283,2.495880603790283,2.495880603790283,2.495880603790283,600,0.0,0.0
2002-09-26,2.4737275160820995,2.4811114525430216,2.4737275160820995,2.4796342849731445,10800,0.0,0.0
2002-09-27,2.4722507479440656,2.4722507479440656,2.444190263748169,2.444190263748169,4800,0.0,0.0
2002-09-30,2.4663429741404572,2.4663429741404572,2.4146533012390137,2.4146533012390137,6000,0.0,0.0
2002-10-01,2.4737275926337308,2.4737275926337308,2.3910233186574286,2.408745527267456,29400,0.0,0.0
2002-10-02,2.436806123072929,2.472250541969707,2.436806123072929,2.442713737487793,448200,0.0,0.0
2002-10-03,2.442714077294196,2.577107200741831,2.442714077294196,2.478158712387085,253200,0.0,0.0
2002-10-04,2.5254173278808594,2.5387090914291526,2.5254173278808594,2.5254173278808594,29400,0.0,0.0
2002-10-07,2.5401864553013467,2.54757039337079,2.5401864553013467,2.546093225479126,50400,0.0,0.0
2002-10-08,2.5475703180616396,2.5623390388256686,2.510648727416992,2.510648727416992,63600,0.0,0.0
2002-10-09,2.5091721553860196,2.510648478025671,2.495880603790283,2.495880603790283,39600,0.0,0.0
2002-10-10,2.4368059204806944,2.466342722506965,2.303889149402867,2.392500400543213,43200,0.0,0.0
2002-10-11,2.39102396346093,2.39102396346093,2.3275198936462402,2.3275198936462402,11400,0.0,0.0
2002-10-15,2.429422254435303,2.5623388290405273,2.377731735993235,2.5623388290405273,178200,0.0,0.0
2002-10-16,2.510648280842006,2.5520005226135254,2.451574675886,2.5520005226135254,642600,0.0,0.0
2002-10-17,2.569722857187354,2.569722857187354,2.547569990158081,2.547569990158081,43200,0.0,0.0
2002-10-18,2.5106484042656954,2.547569990158081,2.5106484042656954,2.547569990158081,320400,0.0,0.0
2002-10-21,2.547569990158081,2.547569990158081,2.5106484042656954,2.547569990158081,151800,0.0,0.0
2002-10-22,2.5106484042656954,2.5549539270588433,2.5106484042656954,2.547569990158081,15000,0.0,0.0
2002-10-23,2.5475700235343792,2.5697228908538814,2.5401860865368784,2.569722890853882,328200,0.0,0.0
2002-10-24,2.436806109467667,2.5697228908538814,2.436806109467667,2.569722890853882,88200,0.0,0.0
2002-10-25,2.5697229355212317,2.636181116104126,2.5697229355212317,2.636181116104126,164400,0.0,0.0
2002-10-28,2.6435651779174805,2.65094995986309,2.6435651779174805,2.6435651779174805,66000,0.0,0.0
2002-10-29,2.658334220331253,2.658334220331253,2.5918758225698872,2.6140286922454834,143400,0.0,0.0
2002-10-30,2.6140287857842877,2.6435655942996386,2.599259853363037,2.599259853363037,138000,0.0,0.0
2002-10-31,2.658334038550323,2.806019544601441,2.628797233111671,2.8060195446014404,580800,0.0,0.0
2002-11-01,2.658334197600566,2.7174086570739746,2.656857029778871,2.7174086570739746,111600,0.0,0.0
2002-11-04,2.673102227868292,2.8060189879334745,2.673102227868292,2.732175827026367,12600,0.0,0.0
2002-11-05,2.806019544601441,2.806019544601441,2.806019544601441,2.8060195446014404,16800,0.0,0.0
2002-11-06,2.7336535906001567,2.7469451427459717,2.732176422837758,2.7469451427459717,144600,0.0,0.0
2002-11-07,2.7469449380768496,2.7690978050231934,2.7469449380768496,2.7690978050231934,309000,0.0,0.0
2002-11-08,2.7986347622619054,2.806019544601441,2.7986347622619054,2.8060195446014404,241200,0.0,0.0
2002-11-11,2.8207874191572464,2.8207874191572464,2.769097956823253,2.8060195446014404,16200,0.0,0.0
2002-11-12,2.806019544601441,2.806019544601441,2.658334038550323,2.8060195446014404,404400,0.0,0.0
2002-11-13,2.8060197052078264,2.8060197052078264,2.6657181284042584,2.7823898792266846,25800,0.0,0.0
2002-11-14,2.7823898792266846,2.7823898792266846,2.6657181284042584,2.7823898792266846,6600,0.0,0.0
2002-11-15,2.658334508887187,2.7676212787628174,2.658334508887187,2.7676212787628174,3000,0.0,0.0
2002-11-18,2.7321765830765896,2.7321765830765896,2.6583342467972324,2.723315477371216,76800,0.0,0.0
2002-11-19,2.723315477371216,2.723315477371216,2.723315477371216,2.723315477371216,28800,0.0,0.0
2002-11-20,2.724792288138542,2.7321762250272243,2.6731026172637944,2.673102617263794,63000,0.0,0.0
2002-11-21,2.7159319172963325,2.7159319172963325,2.6657185554504395,2.6657185554504395,12000,0.0,0.0
2002-11-22,2.710023478710999,2.710023478710999,2.6583340167999268,2.6583340167999268,10800,0.0,0.0
2002-11-25,2.6583340167999268,2.6583340167999268,2.6583340167999268,2.6583340167999268,312000,0.0,0.0
2002-11-26,2.653903472647381,2.653903472647381,2.5992596729476336,2.6509501934051514,18000,0.0,0.0
2002-11-27,2.599259760352715,2.621412630028311,2.599259760352715,2.6140286922454834,112800,0.0,0.0
2002-11-28,2.6066448777944493,2.661287836855407,2.6066448777944493,2.621412754058838,13800,0.0,0.0
2002-11-29,2.628796776046379,2.6804864406585693,2.628796776046379,2.6804864406585693,9000,0.0,0.0
2002-12-02,2.732176346690494,2.732176346690494,2.6583340167999268,2.6583340167999268,301200,0.0,0.0
2002-12-03,2.6583340167999268,2.6583340167999268,2.6583340167999268,2.6583340167999268,754800,0.0,0.0
2002-12-04,2.6598111845211556,2.6598111845211556,2.6583340167999268,2.6583340167999268,35400,0.0,0.0
2002-12-05,2.6804867654178737,2.6804867654178737,2.6731026172637944,2.673102617263794,3600,0.0,0.0
2002-12-06,2.702639579772949,2.702639579772949,2.702639579772949,2.702639579772949,7200,0.0,0.0
2002-12-09,2.754329442977905,2.754329442977905,2.70263976551684,2.7543294429779053,32400,0.0,0.0
2002-12-10,2.7543294371713234,2.761714220046997,2.7543294371713234,2.761714220046997,75000,0.0,0.0
2002-12-11,2.6878707748662864,2.746945018020631,2.6878707748662864,2.739561080932617,6000,0.0,0.0
2002-12-12,2.7469451427459717,2.761714073919597,2.732176422837758,2.7469451427459717,267600,0.0,0.0
2002-12-13,2.7026397598192293,2.7690981578609772,2.7026397598192293,2.761714220046997,114000,0.0,0.0
2002-12-16,2.806019318027627,2.8650929241349954,2.739560930177012,2.820787191390991,63600,0.0,0.0
2002-12-17,2.806019544601441,2.8207874191572464,2.806019544601441,2.8060195446014404,65400,0.0,0.0
2002-12-18,2.8134034818793436,2.8134034818793436,2.776481894101156,2.8060195446014404,162000,0.0,0.0
2002-12-19,2.834079577589832,2.835556745529175,2.806019935970878,2.835556745529175,9600,0.0,0.0
2002-12-20,2.8060197309494943,2.9669959545135502,2.8060197309494943,2.96699595451355,87000,0.0,0.0
2002-12-23,2.813403606477158,3.064468259580625,2.813403606477158,3.057084321975708,93600,0.0,0.0
2002-12-24,3.04822329979271,3.04822329979271,3.027547597885132,3.027547597885132,57000,0.0,0.0
2002-12-27,3.027547597885132,3.027547597885132,3.027547597885132,3.027547597885132,600,0.0,0.0
2002-12-30,2.983241683038732,2.9906256198883057,2.983241683038732,2.9906256198883057,82200,0.0,0.0
2002-12-31,3.012778842121251,3.012778842121251,2.9832420349121094,2.9832420349121094,37200,0.0,0.0
2003-01-02,3.027547597885132,3.027547597885132,3.027547597885132,3.027547597885132,4800,0.0,0.0
2003-01-03,3.027547597885132,3.027547597885132,3.012778877210422,3.027547597885132,88200,0.0,0.0
2003-01-06,3.0127790593042794,3.0127790593042794,2.953704595565796,2.953704595565796,175200,0.0,0.0
2003-01-07,2.946320499309132,2.953704437165947,2.8946308216571794,2.902014970779419,3763200,0.0,0.0
2003-01-08,2.9093987941741943,2.9093987941741943,2.8946307077761477,2.9093987941741943,38400,0.0,0.0
2003-01-09,2.9020146138657568,2.916783332824707,2.8946304656516806,2.916783332824707,271800,0.0,0.0
2003-01-10,2.8798624018743344,2.8798624018743344,2.8429408073425293,2.8429408073425293,6000,0.0,0.0
2003-01-13,2.8355568687139727,2.8429408073425293,2.820787935129625,2.8429408073425293,54600,0.0,0.0
2003-01-14,2.7469452938829346,2.754329442977905,2.7469452938829346,2.7543294429779053,78000,0.0,0.0
2003-01-15,2.7690978050231934,2.7690978050231934,2.7690978050231934,2.7690978050231934,1800,0.0,0.0
2003-01-16,2.7690978050231934,2.7690978050231934,2.7543290862153667,2.7690978050231934,216600,0.0,0.0
2003-01-17,2.8060193907773647,2.8798617172241214,2.7690978050231934,2.7690978050231934,139800,0.0,0.0
2003-01-20,2.82817241276219,2.8946305947136217,2.806019544601441,2.8060195446014404,1864200,0.0,0.0
2003-01-21,2.8429407151674804,2.8798623085021973,2.820787843672826,2.8798623085021973,28200,0.0,0.0
2003-01-22,2.8798619134060335,2.8798619134060335,2.8355563877605614,2.850325107574463,279000,0.0,0.0
2003-01-23,2.8281727228550486,2.8650934696197514,2.819311616872261,2.865093469619751,93600,0.0,0.0
2003-01-24,2.8355559557899963,2.8355559557899963,2.820787026960593,2.8222641944885254,213600,0.0,0.0
2003-01-27,2.7912509441375732,2.8060196643854622,2.7912509441375732,2.7912509441375732,140400,0.0,0.0
2003-01-28,2.7912508799397875,2.7912508799397875,2.7469451427459717,2.7469451427459717,12000,0.0,0.0
2003-01-29,2.7321765325133542,2.7321765325133542,2.687871004806429,2.7174086570739746,60600,0.0,0.0
2003-01-30,2.7543291311400617,2.850324959895099,2.7543291311400617,2.8473706245422363,87600,0.0,0.0
2003-01-31,2.850325107574463,2.8798619134060335,2.850325107574463,2.850325107574463,55800,0.0,0.0
2003-02-03,2.86509302773378,2.9537040738950893,2.86509302773378,2.916783332824707,37800,0.0,0.0
2003-02-04,2.8798617466927303,2.9389361999977335,2.8798617466927303,2.916783332824707,46800,0.0,0.0
2003-02-05,2.916783847974629,2.953704595565796,2.8946309768890566,2.953704595565796,48000,0.0,0.0
2003-02-06,2.953704595565796,2.990626188218707,2.953704595565796,2.953704595565796,51600,0.0,0.0
2003-02-07,2.9758569410681157,2.9758569410681157,2.916783332824707,2.916783332824707,7200,0.0,0.0
2003-02-10,2.8650936795554336,2.8650936795554336,2.8060200578725114,2.8429408073425293,31800,0.0,0.0
2003-02-11,2.9153067338812924,2.9167839018369146,2.8429407151674804,2.8798623085021973,59400,0.0,0.0
2003-02-12,2.8946304656516806,2.916783332824707,2.8946304656516806,2.916783332824707,10200,0.0,0.0
2003-02-13,2.9167839018369146,2.9167839018369146,2.8798623085021973,2.8798623085021973,69000,0.0,0.0
2003-02-14,2.8798623085021973,2.8798623085021973,2.8798623085021973,2.8798623085021973,31800,0.0,0.0
2003-02-17,2.8798623085021973,2.8798623085021973,2.8798623085021973,2.8798623085021973,0,0.0,0.0
2003-02-18,2.8650935866621348,2.8798623085021973,2.8429407151674804,2.8798623085021973,34200,0.0,0.0
2003-02-19,2.9093991183860033,2.9167839018369146,2.8798623085021973,2.8798623085021973,87600,0.0,0.0
2003-02-20,2.8798623085021973,2.8798623085021973,2.8429407151674804,2.8798623085021973,48600,0.0,0.0
2003-02-21,2.87986163485934,2.953703959194187,2.87986163485934,2.9241671562194824,33000,0.0,0.0
2003-02-24,2.953704595565796,2.953704595565796,2.8946309768890566,2.953704595565796,111000,0.0,0.0
2003-02-25,2.9537043264053837,3.249075350589089,2.9537043264053837,3.175232172012329,484200,0.0,0.0
2003-02-26,3.1087737760771623,3.175232172012329,3.1013898384972363,3.175232172012329,124200,0.0,0.0
2003-02-27,3.2416905679474963,3.2416905679474963,3.175232172012329,3.175232172012329,391800,0.0,0.0
2003-02-28,3.175232172012329,3.182616954653922,3.1737558492802607,3.175232172012329,533400,0.0,0.0
2003-03-03,3.1752321619170987,3.190000882091662,3.160464286804199,3.160464286804199,32400,0.0,0.0
2003-03-04,3.1752325474635765,3.1752325474635765,3.1176352500915527,3.1176352500915527,90000,0.0,0.0
2003-03-05,3.1087733446668153,3.1102505122555613,3.0644678239468703,3.1013894081115723,144000,0.0,0.0
2003-03-06,3.1013898534264284,3.1013898534264284,3.0497003887293785,3.0792369842529297,38400,0.0,0.0
2003-03-07,3.1013894081115723,3.138310992276274,3.1013894081115723,3.1013894081115723,46200,0.0,0.0
2003-03-10,3.1013894081115723,3.1013894081115723,3.1013894081115723,3.1013894081115723,229800,0.0,0.0
2003-03-11,3.1013894081115723,3.1309262106594815,3.1013894081115723,3.1013894081115723,142800,0.0,0.0
2003-03-12,3.1013894081115723,3.1604638582689404,3.1013894081115723,3.1013894081115723,603600,0.0,0.0
2003-03-13,3.1013894921166747,3.1013894921166747,3.0644679069519043,3.0644679069519043,173400,0.0,0.0
2003-03-14,3.057084405438282,3.057084405438282,3.012778877210422,3.027547597885132,285000,0.0,0.0
2003-03-17,3.0718527280107453,3.0718527280107453,2.9906256198883057,2.9906256198883057,105600,0.0,0.0
2003-03-18,2.9537044905705923,2.9537044905705923,2.89463087399374,2.8961071968078613,318600,0.0,0.0
2003-03-19,2.9020150644142526,2.9020150644142526,2.8872461318969727,2.8872461318969727,4800,0.0,0.0
2003-03-20,2.8887230557864965,2.909398756755595,2.8798619505431344,2.8946306705474854,129000,0.0,0.0
2003-03-21,3.005394264550792,3.005394264550792,2.89463035543397,2.9773337841033936,95400,0.0,0.0
2003-03-24,2.9906261267907164,3.0275477186852515,2.9537045348961817,3.0127789974212646,286800,0.0,0.0
2003-03-25,3.0275472055247383,3.0275472055247383,2.9906256198883057,2.9906256198883057,78600,0.0,0.0
2003-03-26,2.931551694869995,2.931551694869995,2.931551694869995,2.931551694869995,7200,0.0,0.0
2003-03-27,2.9167836915547483,2.9271211200481195,2.9020149707794194,2.902014970779419,25200,0.0,0.0
2003-03-28,2.820787183848369,2.9241671562194824,2.820787183848369,2.9241671562194824,22800,0.0,0.0
2003-03-31,2.9241671562194824,2.9241671562194824,2.9241671562194824,2.9241671562194824,600,0.0,0.0
2003-04-01,3.086620734540005,3.086620734540005,2.820787183848369,2.9241671562194824,248400,0.0,0.0
2003-04-02,2.8207875440195482,2.9241675295906955,2.670148752160807,2.813403606414795,335400,0.0,0.0
2003-04-03,2.8207875379365444,2.878384828567505,2.8207875379365444,2.878384828567505,49800,0.0,0.0
2003-04-04,2.8060200578725114,2.8429408073425293,2.8060200578725114,2.8429408073425293,426600,0.0,0.0
2003-04-07,2.8060200578725114,2.9020152740872387,2.8060200578725114,2.8429408073425293,658800,0.0,0.0
2003-04-08,2.842940343291473,2.842940343291473,2.6908252324341513,2.7469451427459717,190200,0.0,0.0
2003-04-09,2.813403537271283,2.813403537271283,2.721838994951328,2.7469451427459717,132600,0.0,0.0
2003-04-10,2.7912513355536106,2.8429408073425293,2.7912513355536106,2.8429408073425293,81600,0.0,0.0
2003-04-11,2.865093155478745,2.865093155478745,2.806019544601441,2.8060195446014404,75600,0.0,0.0
2003-04-14,2.8207876239476484,2.8207876239476484,2.761714220046997,2.761714220046997,53400,0.0,0.0
2003-04-15,2.835556745529175,2.835556745529175,2.835556745529175,2.835556745529175,40800,0.0,0.0
2003-04-16,2.835556121081311,2.835556121081311,2.791250599602698,2.820787191390991,159000,0.0,0.0
2003-04-17,2.82817241276219,2.8798618750961835,2.806019544601441,2.8060195446014404,384600,0.0,0.0
2003-04-21,2.9167839964061395,2.9167839964061395,2.8429408073425293,2.8429408073425293,890400,0.0,0.0
2003-04-22,2.8429405990300674,2.894630912093238,2.8429405990300674,2.865093469619751,387000,0.0,0.0
2003-04-23,2.8798623085021973,2.8798623085021973,2.8798623085021973,2.8798623085021973,3000,0.0,0.0
2003-04-24,2.9093990646600876,2.968473317133135,2.9093990646600876,2.953704595565796,327000,0.0,0.0
2003-04-25,2.916783332824707,2.916783332824707,2.916783332824707,2.916783332824707,150000,0.0,0.0
2003-04-28,2.8946312449976213,2.952228546142578,2.8946312449976213,2.952228546142578,13200,0.0,0.0
2003-04-29,2.9537042829724065,2.9537042829724065,2.894630670547485,2.8946306705474854,171000,0.0,0.0
2003-04-30,2.968472677579625,2.968472677579625,2.9241671562194824,2.9241671562194824,26400,0.0,0.0
2003-05-01,2.9537044017467338,2.9669959545135502,2.9537044017467338,2.96699595451355,97800,0.0,0.0
2003-05-02,2.9610892299605385,3.061514883697411,2.9610892299605385,3.0497004985809326,164400,0.0,0.0
2003-05-05,3.0497004676317734,3.0644683432447906,3.0260704300460683,3.027547597885132,66600,0.0,0.0
2003-05-06,2.9906260811603445,3.0629920959472656,2.9906260811603445,3.0629920959472656,10200,0.0,0.0
2003-05-07,3.012778842462212,3.042315438409276,3.0053946934754463,3.0290238857269287,703800,0.0,0.0
2003-05-08,2.9832420255847656,3.0275475531580844,2.9832420255847656,3.014256000518799,34200,0.0,0.0
2003-05-09,2.80601991507764,2.9551817634941404,2.80601991507764,2.953704595565796,178200,0.0,0.0
2003-05-12,2.9537044170424283,3.057084405438282,2.9537044170424283,3.027547597885132,58800,0.0,0.0
2003-05-13,3.0349305436342404,3.0482223033905025,3.0053937457360718,3.048222303390503,170400,0.0,0.0
2003-05-14,3.005394338649037,3.005394338649037,2.9906256198883057,2.9906256198883057,36600,0.0,0.0
2003-05-15,3.012778997421265,3.0275477186852515,3.0053948480547032,3.0127789974212646,70800,0.0,0.0
2003-05-16,3.012778997421265,3.05708452741693,3.012778997421265,3.0127789974212646,123600,0.0,0.0
2003-05-20,3.012778997421265,3.05708452741693,3.011301829523262,3.0127789974212646,280200,0.0,0.0
2003-05-21,3.027547844694926,3.042315721511841,3.0231173971436758,3.042315721511841,374400,0.0,0.0
2003-05-22,3.042315721511841,3.057084654655957,3.042315721511841,3.042315721511841,78600,0.0,0.0
2003-05-23,2.953704034251873,2.9906256198883057,2.953704034251873,2.9906256198883057,7200,0.0,0.0
2003-05-26,2.953704595565796,2.953704595565796,2.953704595565796,2.953704595565796,8400,0.0,0.0
2003-05-27,2.9684736728668213,2.9684736728668213,2.9684736728668213,2.9684736728668213,3000,0.0,0.0
2003-05-28,2.9684731031439866,2.9832420349121094,2.9684731031439866,2.9832420349121094,15600,0.0,0.0
2003-05-29,2.9610892253061256,2.983242095242759,2.953704442374589,2.958134889602661,119400,0.0,0.0
2003-05-30,2.9610891999106297,3.042315473498149,2.9610891999106297,3.027547597885132,67200,0.0,0.0
2003-06-02,2.9684731031439866,3.0570843698330945,2.9684731031439866,2.9832420349121094,4800,0.0,0.0
2003-06-03,2.9832420349121094,2.9832420349121094,2.975857252129917,2.9832420349121094,61200,0.0,0.0
2003-06-04,3.0260702826200028,3.0260702826200028,2.983241924317746,3.0245931148529053,21600,0.0,0.0
2003-06-05,3.0201627223405505,3.175232172012329,3.0201627223405505,3.175232172012329,140400,0.0,0.0
2003-06-06,3.1013894081115723,3.1013894081115723,3.1013894081115723,3.1013894081115723,23400,0.0,0.0
2003-06-09,3.1013898920597085,3.1013898920597085,3.027547557269324,3.0364086627960205,27600,0.0,0.0
2003-06-10,3.0659449915356163,3.102866575700318,3.0659449915356163,3.1013894081115723,67800,0.0,0.0
2003-06-11,3.1013894834533176,3.167847871780396,3.1013894834533176,3.1678478717803955,46200,0.0,0.0
2003-06-12,3.1087738158039038,3.1663711071014404,3.1087738158039038,3.1663711071014404,8400,0.0,0.0
2003-06-13,3.1456950506860926,3.167847917536893,3.1161582469940186,3.1161582469940186,143400,0.0,0.0
2003-06-16,3.108773946762085,3.138311600092282,3.108773946762085,3.108773946762085,138600,0.0,0.0
2003-06-17,3.116158636614604,3.1264960649787423,3.116158636614604,3.1235427856445312,148800,0.0,0.0
2003-06-18,3.130926623188704,3.1397877285002274,3.034931421279907,3.0349314212799072,176400,0.0,0.0
2003-06-19,3.027547597885132,3.027547597885132,3.027547597885132,3.027547597885132,27000,0.0,0.0
2003-06-20,3.02754774539103,3.0984365940093994,3.02754774539103,3.0984365940093994,11400,0.0,0.0
2003-06-23,3.029024466728145,3.029024466728145,2.9684736728668213,2.9684736728668213,145200,0.0,0.0
2003-06-24,2.9551817634941404,2.968473317133135,2.953704595565796,2.953704595565796,132000,0.0,0.0
2003-06-25,2.953704034251873,2.9906256198883057,2.953704034251873,2.9906256198883057,49800,0.0,0.0
2003-06-26,2.879862255321718,2.953704595565796,2.879862255321718,2.953704595565796,49200,0.0,0.0
2003-06-27,2.8946312449976213,2.952228546142578,2.8946312449976213,2.952228546142578,58200,0.0,0.0
2003-06-30,2.924167439051506,2.924167439051506,2.850325107574463,2.850325107574463,13200,0.0,0.0
2003-07-02,2.84294001360233,2.946319984644028,2.84294001360233,2.8488476276397705,31200,0.0,0.0
2003-07-03,2.938936998188033,2.9684735990662285,2.938936998188033,2.9448437690734863,162600,0.0,0.0
2003-07-04,2.953704595565796,2.953704595565796,2.953704595565796,2.953704595565796,600,0.0,0.0
2003-07-07,2.909398908636234,2.9167836915547483,2.9020149707794194,2.902014970779419,10800,0.0,0.0
2003-07-08,2.8872456052149236,2.946320056915283,2.8872456052149236,2.946320056915283,600,0.0,0.0
2003-07-09,2.8872461318969727,2.8872461318969727,2.8872461318969727,2.8872461318969727,341400,0.0,0.0
2003-07-10,2.8798623085021973,2.8798623085021973,2.8429407151674804,2.8798623085021973,376800,0.0,0.0
2003-07-11,2.8798623085021973,2.8798623085021973,2.8798623085021973,2.8798623085021973,48000,0.0,0.0
2003-07-14,2.902014781861475,2.902014781861475,2.850325107574463,2.850325107574463,37800,0.0,0.0
2003-07-15,2.8503251024474245,2.8503251024474245,2.828172445297241,2.828172445297241,5400,0.0,0.0
2003-07-16,2.828172418088259,2.828172418088259,2.7764818993298803,2.7986347675323486,364800,0.0,0.0
2003-07-17,2.7986347675323486,2.7986347675323486,2.7986347675323486,2.7986347675323486,0,0.0,0.0
2003-07-18,2.7986346088426584,2.8842923751195486,2.7690978050231934,2.7690978050231934,507600,0.0,0.0
2003-07-21,2.806019544601441,2.806019544601441,2.806019544601441,2.8060195446014404,1200,0.0,0.0
2003-07-22,2.806019318027627,2.820787191390991,2.806019318027627,2.820787191390991,61200,0.0,0.0
2003-07-23,2.8798623085021973,2.8798623085021973,2.8798623085021973,2.8798623085021973,268800,0.0,0.0
2003-07-24,2.879862152951384,2.916783744291845,2.879862152951384,2.8961071968078613,58200,0.0,0.0
2003-07-25,2.9079222679138184,2.9079222679138184,2.9079222679138184,2.9079222679138184,1800,0.0,0.0
2003-07-28,2.887246246891349,2.887246246891349,2.813403905283674,2.8798623085021973,42600,0.0,0.0
2003-07-29,2.8060201339726785,2.8326034545898438,2.8060201339726785,2.8326034545898438,2400,0.0,0.0
2003-07-30,2.763190342217033,2.806019544601441,2.763190342217033,2.8060195446014404,649800,0.0,0.0
2003-07-31,2.8281725232288997,2.9093987941741943,2.8281725232288997,2.9093987941741943,241200,0.0,0.0
2003-08-01,2.850325107574463,2.850325107574463,2.850325107574463,2.850325107574463,8400,0.0,0.0
2003-08-05,2.8429403456865487,2.968472986154234,2.8429403456865487,2.9566586017608643,56400,0.0,0.0
2003-08-06,2.9566590986756487,2.9980102960638355,2.918260335922241,2.918260335922241,49200,0.0,0.0
2003-08-07,2.9182595761616463,2.946320056915283,2.9182595761616463,2.946320056915283,99600,0.0,0.0
2003-08-08,2.9537044308173774,2.95518159866333,2.9537044308173774,2.95518159866333,16200,0.0,0.0
2003-08-11,3.0260704300460683,3.0866212129914326,2.99062600746378,3.027547597885132,42600,0.0,0.0
2003-08-12,3.071853434542213,3.086621522903442,3.071853434542213,3.0866215229034424,16200,0.0,0.0
2003-08-13,3.042315721511841,3.042315721511841,3.042315721511841,3.042315721511841,4200,0.0,0.0
2003-08-14,3.0866212129914326,3.0866212129914326,3.027547597885132,3.027547597885132,9000,0.0,0.0
2003-08-15,3.057084321975708,3.057084321975708,3.027547515228953,3.057084321975708,36000,0.0,0.0
2003-08-18,3.027547597885132,3.057084405438282,3.027547597885132,3.027547597885132,88800,0.0,0.0
2003-08-19,3.0127795965023756,3.0201635360717773,3.0127795965023756,3.0201635360717773,4800,0.0,0.0
2003-08-20,3.0201635360717773,3.0201635360717773,3.0201635360717773,3.0201635360717773,37200,0.0,0.0
2003-08-21,3.020162614770742,3.071852922439575,3.020162614770742,3.071852922439575,166800,0.0,0.0
2003-08-22,3.0423157789616435,3.086621522903442,3.027547901865859,3.0866215229034424,42000,0.0,0.0
2003-08-25,3.0792369842529297,3.0792369842529297,3.0792369842529297,3.0792369842529297,4200,0.0,0.0
2003-08-26,3.034932260272475,3.034932260272475,3.0201635360717773,3.0201635360717773,112200,0.0,0.0
2003-08-27,3.0201628150169304,3.0497004676317734,3.0201628150169304,3.027547597885132,278400,0.0,0.0
2003-08-28,3.0290239514018307,3.0497004985809326,3.0275476286094776,3.0497004985809326,84600,0.0,0.0
2003-08-29,3.0644679069519043,3.0644679069519043,3.0275471668487066,3.0644679069519043,8400,0.0,0.0
2003-09-02,3.027547597885132,3.06299202046742,3.027547597885132,3.027547597885132,37200,0.0,0.0
2003-09-03,3.029023837966018,3.057084321975708,3.020162732562366,3.057084321975708,43800,0.0,0.0
2003-09-04,3.027547597885132,3.027547597885132,3.027547597885132,3.027547597885132,7800,0.0,0.0
2003-09-05,3.012778877210422,3.027547597885132,3.012778877210422,3.027547597885132,4200,0.0,0.0
2003-09-08,3.027547562623953,3.027547562623953,2.9832420349121094,2.9832420349121094,28800,0.0,0.0
2003-09-09,2.9832420349121094,2.9832420349121094,2.9832420349121094,2.9832420349121094,7800,0.0,0.0
2003-09-10,2.998009910353128,3.027547562623953,2.9832420349121094,2.9832420349121094,757800,0.0,0.0
2003-09-11,3.042316199841877,3.042316199841877,2.9832427818974008,3.0201635360717773,26400,0.0,0.0
2003-09-12,3.026070676735442,3.1013901864956646,3.026070676735442,3.042315721511841,66000,0.0,0.0
2003-09-15,3.0866211182757177,3.175232172012329,3.0718530318504493,3.175232172012329,156600,0.0,0.0
2003-09-16,3.1530796845052085,3.2121541500091553,3.1530796845052085,3.2121541500091553,36600,0.0,0.0
2003-09-17,3.2195375242255837,3.249075174331665,3.2047696498668667,3.249075174331665,230400,0.0,0.0
2003-09-18,3.3229175038409227,3.3598390911263625,3.2269223064665633,3.249075174331665,49200,0.0,0.0
2003-09-19,3.249075422471797,3.3081490370723188,3.249075422471797,3.263843297958374,131400,0.0,0.0
2003-09-22,3.249075174331665,3.249075174331665,3.2269223064665633,3.249075174331665,32400,0.0,0.0
2003-09-23,3.240214229588179,3.3007647991180424,3.240214229588179,3.300764799118042,30000,0.0,0.0
2003-09-24,3.2859962829010256,3.3007650039678826,3.2564594745635986,3.2564594745635986,20400,0.0,0.0
2003-09-25,3.2564593910740167,3.285996198654175,3.2564593910740167,3.285996198654175,109200,0.0,0.0
2003-09-26,3.3007648016780666,3.3007648016780666,3.2564592749890795,3.2594127655029297,18600,0.0,0.0
2003-09-29,3.2608900495335655,3.285996198654175,3.2608900495335655,3.285996198654175,34800,0.0,0.0
2003-09-30,3.2859961675153464,3.2859961675153464,3.249075422471797,3.263843297958374,46800,0.0,0.0
2003-10-01,3.263842973546343,3.3125791549682613,3.263842973546343,3.3125791549682617,1200,0.0,0.0
2003-10-02,3.263843297958374,3.278612229772058,3.263843297958374,3.263843297958374,408600,0.0,0.0
2003-10-03,3.263843709539318,3.322918176651001,3.263843709539318,3.322918176651001,150600,0.0,0.0
2003-10-06,3.3214405002914513,3.330301605622376,3.2933808615737283,3.300764799118042,201000,0.0,0.0
2003-10-07,3.3081485836137983,3.3081485836137983,3.2933804988861084,3.2933804988861084,280800,0.0,0.0
2003-10-08,3.3007647991180424,3.308148947927772,3.3007647991180424,3.300764799118042,73200,0.0,0.0
2003-10-09,3.300765034533967,3.322917905073966,3.278612375259399,3.2786123752593994,388800,0.0,0.0
2003-10-10,3.3155337305337484,3.3155337305337484,3.3007647991180424,3.300764799118042,34200,0.0,0.0
2003-10-14,3.300765304300482,3.322918176651001,3.300765304300482,3.322918176651001,217200,0.0,0.0
2003-10-15,3.322917668078062,3.322917668078062,3.3007647991180424,3.300764799118042,142800,0.0,0.0
2003-10-16,3.293380819934771,3.3229176260656645,3.293380819934771,3.3214404582977295,13800,0.0,0.0
2003-10-17,3.3155333995819087,3.3155333995819087,3.3155333995819087,3.315533399581909,600,0.0,0.0
2003-10-20,3.2564591893307564,3.2859959950810587,3.249075251974944,3.284519672393799,32400,0.0,0.0
2003-10-21,3.2490754532607564,3.3081490684210726,3.2490754532607564,3.285996198654175,486600,0.0,0.0
2003-10-22,3.2490758682369494,3.250552191204228,3.212154273066163,3.2195382118225098,148800,0.0,0.0
2003-10-23,3.190000719181124,3.2859959165554833,3.1826167820017655,3.249075174331665,83400,0.0,0.0
2003-10-24,3.2490749771106846,3.2933804988861084,3.2490749771106846,3.2933804988861084,80400,0.0,0.0
2003-10-27,3.285996198654175,3.285996198654175,3.285996198654175,3.285996198654175,51600,0.0,0.0
2003-10-28,3.3140566834556124,3.315533851296027,3.285996198654175,3.285996198654175,45000,0.0,0.0
2003-10-29,3.3140563964843754,3.3140563964843754,3.3140563964843754,3.314056396484375,10200,0.0,0.0
2003-10-30,3.285996198654175,3.285996198654175,3.285996198654175,3.285996198654175,123600,0.0,0.0
2003-10-31,3.2638436543883493,3.3967604637146,3.2638436543883493,3.3967604637145996,741000,0.0,0.0
2003-11-03,3.433680885414993,3.477986402973725,3.4262969493865962,3.4262969493865967,437400,0.0,0.0
2003-11-04,3.4336814417210957,3.4617419242858887,3.3967598542089292,3.4617419242858887,88200,0.0,0.0
2003-11-05,3.4691260598082487,3.4706032276153564,3.433681637992726,3.4706032276153564,362400,0.0,0.0
2003-11-06,3.5414922031993123,3.6552096217950827,3.5414922031993123,3.603520154953003,172800,0.0,0.0
2003-11-07,3.6832703651230174,3.684746265411377,3.610903927537274,3.684746265411377,85200,0.0,0.0
2003-11-10,3.6847460485721037,3.6921310424804683,3.6109037150434613,3.6921310424804688,561000,0.0,0.0
2003-11-11,3.692131043591501,3.692131043591501,3.6625936031341553,3.6625936031341553,23400,0.0,0.0
2003-11-12,3.6699783521986964,3.6773625014051254,3.6109038909547038,3.618288040161133,120600,0.0,0.0
2003-11-13,3.633056585207643,3.6625936031341553,3.633056585207643,3.6625936031341553,4800,0.0,0.0
2003-11-14,3.6182876827216655,3.7659731874459705,3.6182876827216655,3.633056402206421,116400,0.0,0.0
2003-11-17,3.6330567517022754,3.6330567517022754,3.603520154953003,3.603520154953003,13800,0.0,0.0
2003-11-18,3.603519565041235,3.6182874384674535,3.599088907241821,3.5990889072418213,90600,0.0,0.0
2003-11-19,3.618287780885697,3.618287780885697,3.5119543075561523,3.5119543075561523,43800,0.0,0.0
2003-11-20,3.544445753097534,3.559214474249842,3.544445753097534,3.544445753097534,61800,0.0,0.0
2003-11-21,3.544445156042475,3.5518293041093534,3.52967643737793,3.5296764373779297,193800,0.0,0.0
2003-11-24,3.472079308866309,3.547398805618286,3.472079308866309,3.547398805618286,149400,0.0,0.0
2003-11-25,3.542968358375577,3.5444455261678356,3.4720795154571538,3.4720795154571533,74400,0.0,0.0
2003-11-26,3.4720797377536883,3.544445753097534,3.4720797377536883,3.544445753097534,112800,0.0,0.0
2003-11-27,3.5592142751152474,3.6109037399291988,3.5592142751152474,3.610903739929199,16200,0.0,0.0
2003-11-28,3.6109038909547038,3.618288040161133,3.544445703035137,3.618288040161133,9000,0.0,0.0
2003-12-01,3.6182874398414255,3.67588472366333,3.6182874398414255,3.67588472366333,90600,0.0,0.0
2003-12-02,3.6330561583348198,3.67588472366333,3.6330561583348198,3.67588472366333,6600,0.0,0.0
2003-12-03,3.662594067249692,3.83095487949969,3.662594067249692,3.8294789791107178,1485000,0.0,0.0
2003-12-04,3.836862429717643,3.904798208455208,3.836862429717643,3.860492467880249,51600,0.0,0.0
2003-12-05,3.8634454806555367,3.9136586189270024,3.8634454806555367,3.913658618927002,31200,0.0,0.0
2003-12-08,3.913659008503697,4.061343680103441,3.913659008503697,3.9210431575775146,131400,0.0,0.0
2003-12-09,4.087926478761335,4.087926478761335,3.9505790488334345,3.9653477668762207,100200,0.0,0.0
2003-12-10,3.987500593617258,3.987500593617258,3.943194862453648,3.986023426055908,381600,0.0,0.0
2003-12-11,3.9727327823638916,3.9727327823638916,3.9727327823638916,3.9727327823638916,54000,0.0,0.0
2003-12-12,3.9136586189270024,3.9875009473763994,3.9136586189270024,3.913658618927002,40800,0.0,0.0
2003-12-15,3.8398151397705083,3.8767367235870895,3.8398151397705083,3.839815139770508,28200,0.0,0.0
2003-12-16,3.8398158143637287,3.8412929821980613,3.779265031612288,3.8028950691223145,52200,0.0,0.0
2003-12-17,3.8043713918949567,3.825047938798008,3.729051888516105,3.8028950691223145,72600,0.0,0.0
2003-12-18,3.8028948195429697,3.898890018463135,3.736436637408303,3.8988900184631348,42600,0.0,0.0
2003-12-19,3.898889674070864,3.9801165686888478,3.876736807805818,3.9284262657165527,436200,0.0,0.0
2003-12-22,3.980116519751391,3.9875006675720215,3.9505790834073196,3.9875006675720215,39600,0.0,0.0
2003-12-23,3.9210419096458926,4.0022687911987305,3.9210419096458926,4.0022687911987305,136800,0.0,0.0
2003-12-24,4.0022687911987305,4.059866065211158,4.0022687911987305,4.0022687911987305,55800,0.0,0.0
2003-12-29,4.003746784496108,4.120418548583984,4.003746784496108,4.120418548583984,87000,0.0,0.0
2003-12-30,4.120417081436244,4.172106534200842,4.098264217376709,4.098264217376709,41400,0.0,0.0
2003-12-31,4.098264541742633,4.10712585708009,4.0687279506998335,4.090880393981934,21600,0.0,0.0
2004-01-02,4.098265556044882,4.135187149047852,4.076112684749274,4.135187149047852,145800,0.0,0.0
2004-01-05,4.133709981105502,4.1794928916390655,4.133709981105502,4.135187149047852,536400,0.0,0.0
2004-01-06,4.275487178241677,4.28287132696101,4.231181863394846,4.265149116516113,466200,0.0,0.0
2004-01-07,4.28287207596443,4.28287207596443,4.232659771385491,4.253335475921631,103200,0.0,0.0
2004-01-08,4.2828719566581555,4.318316382759233,4.2828719566581555,4.312409400939941,168000,0.0,0.0
2004-01-09,4.305024948527429,4.3271778210904275,4.253335475921631,4.253335475921631,1104600,0.0,0.0
2004-01-12,4.282871776251347,4.282871776251347,4.173585011641941,4.17506217956543,29400,0.0,0.0
2004-01-13,4.176537567989069,4.200167179107666,4.175061245457626,4.200167179107666,114000,0.0,0.0
2004-01-14,4.17949367150213,4.19426155090332,4.135187920643785,4.19426155090332,16200,0.0,0.0
2004-01-15,4.1351868618767185,4.209029197692871,4.1351868618767185,4.209029197692871,115800,0.0,0.0
2004-01-16,4.209029197692871,4.209029197692871,4.136663184654791,4.209029197692871,270600,0.0,0.0
2004-01-19,4.077588878097823,4.209028483982561,4.077588878097823,4.136662483215332,39000,0.0,0.0
2004-01-20,4.1351868618767185,4.231182067450055,4.1351868618767185,4.209029197692871,819600,0.0,0.0
2004-01-21,4.268102322699721,4.268102322699721,4.209027880983855,4.21345853805542,628200,0.0,0.0
2004-01-22,4.244473620292028,4.244473620292028,4.209029197692871,4.209029197692871,901200,0.0,0.0
2004-01-23,4.209029236405777,4.2385658329792255,4.209029236405777,4.211982727050781,51600,0.0,0.0
2004-01-26,4.244473620292028,4.244473620292028,4.209029197692871,4.209029197692871,103200,0.0,0.0
2004-01-27,4.172106816815095,4.20902840025893,4.172106816815095,4.173583984375,14400,0.0,0.0
2004-01-28,4.207551158114517,4.207551158114517,4.172106742858887,4.172106742858887,12600,0.0,0.0
2004-01-29,4.099741384836553,4.170630211802475,4.08349550049344,4.098264217376709,107400,0.0,0.0
2004-01-30,4.083497679232075,4.113035128758237,4.076113528116016,4.111557960510254,72600,0.0,0.0
2004-02-02,4.061343680998872,4.2533349372072395,4.061343680998872,4.209029197692871,102000,0.0,0.0
2004-02-03,4.275487227435579,4.275487227435579,4.210506210920774,4.225274085998535,105000,0.0,0.0
2004-02-04,4.20902948999204,4.20902948999204,4.126326254048134,4.135187149047852,85200,0.0,0.0
2004-02-05,4.135186728648054,4.135186728648054,4.076112270355225,4.076112270355225,50400,0.0,0.0
2004-02-06,4.076112684749274,4.17210789698907,4.061343963041911,4.135187149047852,95400,0.0,0.0
2004-02-09,4.1351877355752205,4.209030086993072,4.1351877355752205,4.183923721313477,39600,0.0,0.0
2004-02-10,4.231182067450055,4.245950788131794,4.186876327935686,4.209029197692871,67800,0.0,0.0
2004-02-11,4.20902927134337,4.210506439208984,4.20902927134337,4.210506439208984,28200,0.0,0.0
2004-02-12,4.209028592086976,4.312408354392058,4.209028592086976,4.285825252532959,244200,0.0,0.0
2004-02-13,4.3124085138791095,4.356714248657227,4.3124085138791095,4.356714248657227,43800,0.0,0.0
2004-02-16,4.356713987656247,4.4084034450930485,4.349328994750977,4.349328994750977,13200,0.0,0.0
2004-02-17,4.393635035396921,4.423172473907471,4.349329300161901,4.423172473907471,64800,0.0,0.0
2004-02-18,4.415788011222246,4.429079563106136,4.356714400345979,4.36409854888916,56400,0.0,0.0
2004-02-19,4.356714248657227,4.429079408897829,4.356714248657227,4.356714248657227,275400,0.0,0.0
2004-02-20,4.418742157578769,4.418742157578769,4.356714213890549,4.358190536499023,91800,0.0,0.0
2004-02-23,4.359667704169094,4.39363495502635,4.356714213890549,4.358190536499023,316200,0.0,0.0
2004-02-24,4.358190640901113,4.492584592533513,4.358190640901113,4.48815393447876,1230000,0.0,0.0
2004-02-25,4.489631697160572,4.711159558885925,4.489631697160572,4.708205223083496,1600800,0.0,0.0
2004-02-26,4.681621619555121,4.873612880706787,4.637316301430846,4.873612880706787,375600,0.0,0.0
2004-02-27,4.836690763063214,4.945978357463113,4.836690763063214,4.932686805725098,100800,0.0,0.0
2004-03-01,4.988807024005476,4.988807024005476,4.910534034688579,4.940070629119873,322200,0.0,0.0
2004-03-02,4.917918183296403,4.947454777727697,4.8366908584870645,4.940070629119873,2014200,0.0,0.0
2004-03-03,4.954839652931689,4.954839652931689,4.872135162353516,4.872135162353516,30000,0.0,0.0
2004-03-04,4.8145387089514635,4.873613174226428,4.725927644835341,4.799770832061768,87000,0.0,0.0
2004-03-05,4.7259271027495515,4.799770281505822,4.7259271027495515,4.798293113708496,75000,0.0,0.0
2004-03-08,4.799770208465569,5.013913057427374,4.799770208465569,5.006529331207275,246000,0.0,0.0
2004-03-09,5.021298050846811,5.095140383411939,5.021298050846811,5.093663215637207,392400,0.0,0.0
2004-03-10,5.093663291038549,5.095140458835147,5.00652940492679,5.008006572723389,76800,0.0,0.0
2004-03-11,4.873611809679921,4.947454131169713,4.799769488190129,4.888380527496338,154800,0.0,0.0
2004-03-12,4.8957650507053625,4.8957650507053625,4.845551490783691,4.845551490783691,22200,0.0,0.0
2004-03-15,4.733311309847375,4.83669022181028,4.733311309847375,4.762847900390625,33000,0.0,0.0
2004-03-16,4.725926317150034,4.762847900390625,4.689005578970971,4.762847900390625,122400,0.0,0.0
2004-03-17,4.725927352905273,4.725927352905273,4.696390755888651,4.725927352905273,164400,0.0,0.0
2004-03-18,4.725925788010491,4.725925788010491,4.587102475902157,4.615161895751953,54000,0.0,0.0
2004-03-19,4.578242900070716,4.584149881736265,4.362622013104808,4.563474178314209,64200,0.0,0.0
2004-03-22,4.652085305954061,4.652085305954061,4.452710305919349,4.50439977645874,41400,0.0,0.0
2004-03-23,4.504398856328089,4.578242028522407,4.504398856328089,4.526551723480225,85200,0.0,0.0
2004-03-24,4.5767646575033325,4.622547557439457,4.575287489902905,4.57824182510376,317400,0.0,0.0
2004-03-25,4.578242430608975,4.607779026031494,4.578242430608975,4.607779026031494,298200,0.0,0.0
2004-03-26,4.607779726617964,4.68900706650338,4.607779726617964,4.616641044616699,100200,0.0,0.0
2004-03-29,4.607779026031494,4.652084764226942,4.607779026031494,4.607779026031494,117600,0.0,0.0
2004-03-30,4.689005817022207,4.799769727305711,4.689005817022207,4.690482139587402,181800,0.0,0.0
2004-03-31,4.873612880706787,4.9179186213619195,4.7997705429893776,4.873612880706787,240600,0.0,0.0
2004-04-01,4.873612126228681,4.947454452514648,4.866227978106243,4.947454452514648,817200,0.0,0.0
2004-04-02,4.990284614830925,5.05674280299734,4.935640811920166,4.935640811920166,886800,0.0,0.0
2004-04-05,4.947454452514648,5.019820456213078,4.88838084500435,4.947454452514648,360600,0.0,0.0
2004-04-06,5.021297653592979,5.183751025902459,5.021297653592979,5.095139980316162,200400,0.0,0.0
2004-04-07,5.095139539064028,5.390509665438538,5.058217956369145,5.117292404174805,591000,0.0,0.0
2004-04-08,5.242826396949846,5.279747144246218,5.142399682637024,5.154215335845947,277200,0.0,0.0
2004-04-12,5.2428256804225475,5.2428256804225475,5.16898250579834,5.16898250579834,107400,0.0,0.0
2004-04-13,5.242825984954834,5.242825984954834,5.241348817154364,5.242825984954834,8400,0.0,0.0
2004-04-14,5.198519744765572,5.198519744765572,5.095139980316162,5.095139980316162,192000,0.0,0.0
2004-04-15,5.0951421569710496,5.2782721519470215,5.0951421569710496,5.2782721519470215,124200,0.0,0.0
2004-04-16,5.278269882101384,5.390510116995172,5.278269882101384,5.389033794403076,181200,0.0,0.0
2004-04-19,5.4392462438486,5.501274188645318,5.420047711633366,5.483551979064941,61200,0.0,0.0
2004-04-20,5.53967209251006,5.53967209251006,5.242824810725434,5.464352607727051,336000,0.0,0.0
2004-04-21,5.462876370721385,5.462876370721385,5.242825703709286,5.3166680335998535,250200,0.0,0.0
2004-04-22,5.177843476719565,5.604654108505081,5.177843476719565,5.5736403465271,314400,0.0,0.0
2004-04-23,5.464354457091606,5.539673967365866,5.420048713684082,5.420048713684082,51600,0.0,0.0
2004-04-26,5.390511079745015,5.390511079745015,5.316668740042778,5.369835376739502,159600,0.0,0.0
2004-04-27,5.316668175645088,5.833566188812256,5.316668175645088,5.833566188812256,244800,0.0,0.0
2004-04-28,5.6120381355285645,5.657821038697318,5.575117393526555,5.6120381355285645,279600,0.0,0.0
2004-04-29,5.6120381355285645,5.648959722592189,5.589885267796551,5.6120381355285645,180600,0.0,0.0
2004-04-30,5.538195610046387,5.563301967235821,5.3654037549018545,5.538195610046387,219000,0.0,0.0
2004-05-03,5.685881309655814,5.685881309655814,5.53819580646293,5.6120381355285645,122400,0.0,0.0
2004-05-04,5.58250196949016,5.58250196949016,5.545580379598714,5.564779758453369,220800,0.0,0.0
2004-05-05,5.612037861624551,5.612037861624551,5.5367183685302725,5.536718368530273,1141800,0.0,0.0
2004-05-06,5.53671911300536,5.607607957795134,5.464353945446022,5.588409423828125,1455000,0.0,0.0
2004-05-07,5.4717374825146745,5.576593570140878,5.4717374825146745,5.479121208190918,760800,0.0,0.0
2004-05-10,5.510135470115461,5.538196165423532,5.09514047218965,5.242825984954834,1005600,0.0,0.0
2004-05-11,5.316668599615453,5.464354120180899,5.316668599615453,5.446631908416748,604800,0.0,0.0
2004-05-12,5.4643540000095925,5.4717381491162165,5.390510818819961,5.397895812988281,96600,0.0,0.0
2004-05-13,5.501273343853,5.501273343853,5.434815173764811,5.464352607727051,106800,0.0,0.0
2004-05-14,5.538196206818919,5.538196206818919,5.4658301951650605,5.523427486419678,307200,0.0,0.0
2004-05-17,5.612037988571629,5.612037988571629,5.479121208190918,5.479121208190918,471000,0.0,0.0
2004-05-18,5.464354852343492,5.483553389496806,5.393465995788574,5.393465995788574,148200,0.0,0.0
2004-05-19,5.39198753121165,5.396418189313711,5.3166680335998535,5.3166680335998535,452400,0.0,0.0
2004-05-20,5.389033908163172,5.389033908163172,5.1689824015066925,5.287131309509277,81600,0.0,0.0
2004-05-21,5.316669382947556,5.316669382947556,5.1719381768151,5.205905437469482,468000,0.0,0.0
2004-05-25,5.427432346873719,5.427432346873719,5.324052570448852,5.35359001159668,639600,0.0,0.0
2004-05-26,5.352112453354721,5.352112453354721,5.2974686560011905,5.3166680335998535,651600,0.0,0.0
2004-05-27,5.3092835725804415,5.3166677206286606,5.198519661734011,5.238394737243652,1633200,0.0,0.0
2004-05-28,5.242825703709286,5.3166680335998535,5.222149158389395,5.3166680335998535,460200,0.0,0.0
2004-05-31,5.316668661314239,5.353590253149496,5.316668661314239,5.324052810668945,374400,0.0,0.0
2004-06-01,5.4274321478978065,5.464353736713582,5.316668226512137,5.390510559082031,45600,0.0,0.0
2004-06-02,5.461399560275826,5.564779758453369,5.394941374520569,5.564779758453369,207600,0.0,0.0
2004-06-03,5.567732842178827,5.612038581161018,5.501274656236381,5.589885711669922,288000,0.0,0.0
2004-06-04,5.464353477397297,5.6120381355285645,5.464353477397297,5.6120381355285645,496200,0.0,0.0
2004-06-07,5.464353394300654,5.648959636688232,5.464353394300654,5.648959636688232,271800,0.0,0.0
2004-06-08,5.671112926130975,5.708034515380859,5.648960057087212,5.708034515380859,150000,0.0,0.0
2004-06-09,5.73018759497033,5.734617830917197,5.612038674041861,5.656344413757324,69000,0.0,0.0
2004-06-10,5.67849716132195,5.774493217468262,5.612038970765775,5.774493217468262,600600,0.0,0.0
2004-06-11,5.68588227539672,5.774493338844458,5.68588227539672,5.7597246170043945,42600,0.0,0.0
2004-06-14,5.7597246170043945,5.773016170888836,5.7021273201306455,5.7597246170043945,63000,0.0,0.0
2004-06-15,5.759724400434302,5.8631041818349425,5.759724400434302,5.835043907165527,1577400,0.0,0.0
2004-06-16,5.83356632416854,5.981251836383757,5.83356632416854,5.966483116149902,1089600,0.0,0.0
2004-06-17,5.996019988197224,6.186534052727542,5.944329683544368,6.128936767578125,1919400,0.0,0.0
2004-06-18,6.269237613893188,6.2766217624466965,6.128937101253262,6.248562335968018,1622400,0.0,0.0
2004-06-21,6.273670334818515,6.273670334818515,6.130415439605714,6.130415439605713,104400,0.0,0.0
2004-06-22,6.145183229801416,6.350466060627907,6.145183229801416,6.216072082519531,87000,0.0,0.0
2004-06-23,6.202779379417711,6.239700966934787,6.128937049445185,6.165857791900635,208200,0.0,0.0
2004-06-24,6.2397004003878465,6.2397004003878465,6.12893649295529,6.2027788162231445,282000,0.0,0.0
2004-06-25,6.202779094154676,6.2529922311525965,6.128936767578126,6.128936767578125,96600,0.0,0.0
2004-06-28,6.188010098051109,6.2027788162231445,6.143704366065776,6.2027788162231445,224400,0.0,0.0
2004-06-29,6.1732439994812,6.1732439994812,6.128938254759883,6.173243999481201,309000,0.0,0.0
2004-06-30,6.173242224940623,6.276621139490999,6.12893649295529,6.2027788162231445,324600,0.0,0.0
2004-07-02,6.12893649295529,6.2042559838118905,6.12893649295529,6.2027788162231445,54000,0.0,0.0
2004-07-05,5.988636056578955,6.055094242095947,5.923654616343692,6.055094242095947,7800,0.0,0.0
2004-07-06,6.05509412244186,6.115645748166224,6.012265552402203,6.0698628425598145,2823600,0.0,0.0
2004-07-07,6.1289374961982785,6.164381918576115,6.055094315781518,6.0565714836120605,342600,0.0,0.0
2004-07-08,6.02555764633803,6.2027797560705675,6.02555764633803,6.055094242095947,630600,0.0,0.0
2004-07-09,6.055094494306201,6.069863215331154,6.044757276903533,6.046233177185059,84600,0.0,0.0
2004-07-12,6.0550933246258865,6.205732306339087,5.981251001358032,6.2027788162231445,131400,0.0,0.0
2004-07-13,6.201301926499742,6.276621420731226,5.981251269363438,6.128936767578125,82200,0.0,0.0
2004-07-14,6.2027793173333405,6.42578431780333,6.1761957914883565,6.350464820861816,132600,0.0,0.0
2004-07-15,6.350464820861817,6.350464820861817,6.278098814274854,6.350464820861816,147600,0.0,0.0
2004-07-16,6.350464907352529,6.350464907352529,6.313543319702148,6.313543319702148,292200,0.0,0.0
2004-07-19,6.320927275509643,6.350464713741745,6.3135431272170175,6.326834678649902,24600,0.0,0.0
2004-07-20,6.328312356809034,6.328312356809034,6.254469177802988,6.26185417175293,27600,0.0,0.0
2004-07-21,6.313543361013611,6.350464948905581,6.279576108597377,6.292867660522461,90600,0.0,0.0
2004-07-22,6.298775501915546,6.298775501915546,6.241178205663243,6.250039100646973,34200,0.0,0.0
2004-07-23,6.335695782712759,6.343079508227615,6.31354291604504,6.338649272918701,66000,0.0,0.0
2004-07-26,6.335695743560792,6.335695743560792,6.24117687453133,6.335695743560791,64800,0.0,0.0
2004-07-27,6.348988511339325,6.350465679247075,6.238224579986537,6.239701747894287,81600,0.0,0.0
2004-07-28,6.247084548208477,6.350464307820403,6.2027788162231445,6.2027788162231445,948000,0.0,0.0
2004-07-29,6.276622295379638,6.320928035524216,6.128937621646653,6.276622295379639,27600,0.0,0.0
2004-07-30,6.31945070246692,6.335695743560792,6.202778966906635,6.335695743560791,897600,0.0,0.0
2004-08-03,6.335697612068214,6.679803827202669,6.335697612068214,6.58971643447876,70800,0.0,0.0
2004-08-04,6.424306785613718,6.645834605807294,6.424306785613718,6.461228370666504,763200,0.0,0.0
2004-08-05,6.439076619617735,6.53507182781703,6.439076619617735,6.493719577789307,29400,0.0,0.0
2004-08-06,6.461228737242769,6.461228737242769,6.350464820861817,6.350464820861816,61800,0.0,0.0
2004-08-09,6.424307433963287,6.535071355238516,6.387385845184325,6.387385845184326,62400,0.0,0.0
2004-08-10,6.365233353137941,6.421354323514478,6.241177872276317,6.276622295379639,1002600,0.0,0.0
2004-08-11,6.276622650297954,6.3489886684573875,6.128937968213981,6.14370584487915,397200,0.0,0.0
2004-08-12,6.239702245161743,6.239702245161743,6.1348452869600125,6.201303482055664,528000,0.0,0.0
2004-08-13,6.269237498149589,6.424307150095246,6.201302149625257,6.350464820861816,775200,0.0,0.0
2004-08-16,6.350464196117958,6.350464196117958,6.202778707118436,6.347509860992432,22800,0.0,0.0
2004-08-17,6.313543757620094,6.313543757620094,6.239701422259135,6.2470855712890625,259800,0.0,0.0
2004-08-18,6.304681690743864,6.313543006550295,6.128936767578126,6.128936767578125,167400,0.0,0.0
2004-08-19,6.130412141122317,6.201300966476286,6.089060748863229,6.090537071228027,315000,0.0,0.0
2004-08-20,6.056571290225237,6.128937300500801,6.056571290225237,6.0698628425598145,108600,0.0,0.0
2004-08-23,6.114168023141023,6.114168023141023,5.7744921392250745,5.832089424133301,199800,0.0,0.0
2004-08-24,5.863103406450304,5.863103406450304,5.53819580646293,5.6120381355285645,3724800,0.0,0.0
2004-08-25,5.545579566852835,5.858672761011694,5.538195418969083,5.826181411743164,3068400,0.0,0.0
2004-08-26,5.833566393664856,6.055094242095947,5.796645648967459,6.055094242095947,445200,0.0,0.0
2004-08-27,6.05509447789101,6.202779997616741,6.029988117000595,6.08463191986084,289800,0.0,0.0
2004-08-30,6.186534337243476,6.202779379417711,6.100876778142068,6.165857791900635,603000,0.0,0.0
2004-08-31,6.2027788162231445,6.2027788162231445,6.14222804353858,6.2027788162231445,48000,0.0,0.0
2004-09-01,6.128937218679558,6.320927619934082,6.128937218679558,6.320927619934082,1169400,0.0,0.0
2004-09-02,6.320927382131474,6.372617688644169,6.27662164656677,6.350464820861816,274800,0.0,0.0
2004-09-03,6.356371801570915,6.357848969278998,6.285482540161226,6.350464820861816,140400,0.0,0.0
2004-09-07,6.350464907352529,6.350464907352529,6.313543319702148,6.313543319702148,10200,0.0,0.0
2004-09-08,6.306159973144531,6.335696993502596,6.2470859324284005,6.306159973144531,300600,0.0,0.0
2004-09-09,6.306160094409126,6.320928393606713,6.276622650952201,6.291391372680664,5638200,0.0,0.0
2004-09-10,6.289912824109717,6.304681542596468,6.202778948401786,6.232315540313721,20400,0.0,0.0
2004-09-13,6.24117722712733,6.350464820861817,6.24117722712733,6.350464820861816,247200,0.0,0.0
2004-09-14,6.313543233714293,6.387385562947722,6.313543233714293,6.350464820861816,1140600,0.0,0.0
2004-09-15,6.347511113075311,6.372618318756381,6.288437497365967,6.357849597930908,449400,0.0,0.0
2004-09-16,6.350464820861817,6.372617688644169,6.346034162799184,6.350464820861816,277200,0.0,0.0
2004-09-17,6.35046520443895,6.535071461203811,6.27662202568367,6.498149871826172,3252600,0.0,0.0
2004-09-20,6.455321563422748,6.761030240126264,6.455321563422748,6.740354537963867,278400,0.0,0.0
2004-09-21,6.941206569890211,6.957452460298765,6.660605069652236,6.793521881103516,165000,0.0,0.0
2004-09-22,6.794997170260652,6.794997170260652,6.557224282846876,6.601529598236084,60000,0.0,0.0
2004-09-23,6.64583572095467,6.662080764770508,6.603007148341437,6.662080764770508,27600,0.0,0.0
2004-09-24,6.682756719224674,6.682756719224674,6.535071212398512,6.5705156326293945,137400,0.0,0.0
2004-09-27,6.6458355135245295,6.9781272892007555,6.644358345698494,6.904284954071045,267600,0.0,0.0
2004-09-28,6.896899344003844,7.0445848461343745,6.793520422080244,7.023909568786621,178800,0.0,0.0
2004-09-29,7.088891149302816,7.096275298241783,6.970743076155992,7.074122428894043,115200,0.0,0.0
2004-09-30,7.236577027594706,7.236577027594706,7.044585765269005,7.088891506195068,419400,0.0,0.0
2004-10-01,7.161257557960971,7.177503024551875,7.088891542249072,7.1553497314453125,170400,0.0,0.0
2004-10-04,7.155348484492027,7.322232934877927,7.125811892246213,7.310418128967285,129000,0.0,0.0
2004-10-05,7.384261783277204,7.458104967301335,7.339956041875072,7.36949348449707,223200,0.0,0.0
2004-10-06,7.384261453042228,7.530469801587404,7.381307962430632,7.435952186584473,490800,0.0,0.0
2004-10-07,7.523085360254416,7.524562528033671,7.282358560996894,7.382784843444824,503400,0.0,0.0
2004-10-08,7.379830665052879,7.521608352661133,7.243960803625806,7.521608352661133,134400,0.0,0.0
2004-10-12,7.52456222641497,7.52456222641497,7.266112804412842,7.266112804412842,102600,0.0,0.0
2004-10-13,7.103659989655952,7.192270618210785,6.803857893590989,6.8895158767700195,448800,0.0,0.0
2004-10-14,7.007664108168589,7.103660583496093,6.904285173722788,7.103660583496094,127200,0.0,0.0
2004-10-15,7.155349429159986,7.209993653139855,7.133196982051001,7.204085826873779,54600,0.0,0.0
2004-10-18,7.204086191495298,7.323711440086481,7.176025916700018,7.199655532836914,122400,0.0,0.0
2004-10-19,7.125813249359811,7.207039738566991,6.955974853885076,7.096275806427002,152400,0.0,0.0
2004-10-20,7.2144241338973885,7.2144241338973885,7.088891068186365,7.09184455871582,133200,0.0,0.0
2004-10-21,7.1922702074898535,7.1922702074898535,7.088890442528106,7.1435346603393555,76200,0.0,0.0
2004-10-22,7.236576911645717,7.236576911645717,7.10661402672354,7.147965431213379,266400,0.0,0.0
2004-10-25,7.149441868567692,7.149441868567692,7.013572000139277,7.088891506195068,70200,0.0,0.0
2004-10-26,7.088890997535574,7.088890997535574,6.955974206825616,7.066738128662109,543000,0.0,0.0
2004-10-27,7.125812707383011,7.125812707383011,6.978127194075148,7.051969528198242,204600,0.0,0.0
2004-10-28,7.016525075024676,7.043108179980208,6.970743013986723,7.029816627502441,20400,0.0,0.0
2004-10-29,6.955973798374539,7.074121862054319,6.955973798374539,7.023909568786621,127200,0.0,0.0
2004-11-01,7.121382146105444,7.121382146105444,6.904284954071045,6.904284954071045,122400,0.0,0.0
2004-11-02,6.941206020098308,7.236577064399836,6.874747830902068,7.1553497314453125,138600,0.0,0.0
2004-11-03,7.08889139261239,7.199655320621958,7.023910372682155,7.147965431213379,192000,0.0,0.0
2004-11-04,7.199655346859259,7.2956501317721285,7.155349606481629,7.193747520446777,196800,0.0,0.0
2004-11-05,7.310418636559953,7.310418636559953,7.2454376220703125,7.2454376220703125,333600,0.0,0.0
2004-11-08,7.236576778485152,7.236576778485152,6.8762247271191175,6.8880391120910645,138600,0.0,0.0
2004-11-09,6.882130378867278,6.889514526044009,6.823055933861214,6.852592945098877,404400,0.0,0.0
2004-11-10,6.857024877608258,7.059354181641931,6.857024877608258,6.95154333114624,195000,0.0,0.0
2004-11-11,7.088891649884261,7.305988855254558,7.015049310218545,7.22328519821167,287400,0.0,0.0
2004-11-12,7.236577005429351,7.517178058624267,7.236577005429351,7.517178058624268,72600,0.0,0.0
2004-11-15,7.51717867515487,7.56886941453453,7.310419942945166,7.347341537475586,187800,0.0,0.0
2004-11-16,7.339956275140553,7.458105204321615,7.339956275140553,7.399031162261963,370800,0.0,0.0
2004-11-17,7.421182155609131,7.428566303785604,7.406413014194593,7.421182155609131,211200,0.0,0.0
2004-11-18,7.421182981184589,7.421182981184589,7.369493093137399,7.391646385192871,294600,0.0,0.0
2004-11-19,7.450720390235665,7.450720390235665,7.388692855834961,7.388692855834961,73200,0.0,0.0
2004-11-22,7.3886916456331955,7.531946494534551,7.3886916456331955,7.5038862228393555,252600,0.0,0.0
2004-11-23,7.509793451693021,7.718029298705319,7.509793451693021,7.644186973571777,103800,0.0,0.0
2004-11-24,7.716552527903215,7.827316443830351,7.67963178596858,7.791872024536133,199800,0.0,0.0
2004-11-25,7.827318320374696,8.004540459333546,7.8066430379591925,7.873101234436035,35400,0.0,0.0
2004-11-26,7.871622273681761,8.416580543768585,7.871622273681761,8.047368049621582,106200,0.0,0.0
2004-11-29,8.050323935006837,8.180286845976552,8.034078465502889,8.072476387023926,822000,0.0,0.0
2004-11-30,8.07838190622686,8.320585866355978,8.07838190622686,8.307293891906738,334800,0.0,0.0
2004-12-01,8.308771059643865,8.410673661903129,8.270372304033275,8.307293891906738,1050600,0.0,0.0
2004-12-02,8.307294258884573,8.307294258884573,8.01192407803368,8.065091133117676,513000,0.0,0.0
2004-12-03,7.989771918561843,8.122688293457031,7.938081184360522,8.122688293457031,906600,0.0,0.0
2004-12-06,8.115303389240879,8.122688383538469,8.085766792297363,8.085766792297363,134400,0.0,0.0
2004-12-07,8.122687972125409,8.122687972125409,7.827316947280483,7.833224773406982,261600,0.0,0.0
2004-12-08,7.833223421463418,8.171422958374023,7.562959225443353,8.171422958374023,435000,0.0,0.0
2004-12-09,8.211300364467647,8.490425109863281,8.211300364467647,8.490425109863281,322800,0.0,0.0
2004-12-10,8.639585955730471,8.675030377131002,8.491900444030762,8.491900444030762,258000,0.0,0.0
2004-12-13,8.556883456571066,8.725245114662004,8.46236498679164,8.581990242004395,262800,0.0,0.0
2004-12-14,8.596758037459761,8.735581398010254,8.596758037459761,8.735581398010254,341400,0.0,0.0
2004-12-15,8.78727023659223,9.156482696533203,8.78727023659223,9.156482696533203,832200,0.0,0.0
2004-12-16,9.156482696533203,9.230325864570634,9.112176964723053,9.156482696533203,938400,0.0,0.0
2004-12-17,9.237708892074156,9.451852532302008,9.171250724949308,9.230324745178223,341400,0.0,0.0
2004-12-20,9.370628800997586,9.370628800997586,9.23771241604343,9.304170608520508,56400,0.0,0.0
2004-12-21,9.242142039824639,9.34109115600586,9.231803555335132,9.34109115600586,128400,0.0,0.0
2004-12-22,9.450379424281827,9.451856592320103,9.230328710039647,9.237712860107422,832800,0.0,0.0
2004-12-23,9.253956930510073,9.69701266860868,9.253956930510073,9.599540710449219,221400,0.0,0.0
2004-12-24,9.599540710449219,9.627600986067895,9.575911938680695,9.599540710449219,173400,0.0,0.0
2004-12-29,9.5847719423859,9.821068099130985,9.553758177445824,9.747225761413574,240000,0.0,0.0
2004-12-30,9.754608710899246,9.88752507145472,9.609877543959696,9.81959056854248,70800,0.0,0.0
2004-12-31,9.782669896983148,9.821067810058594,9.747225474514652,9.821067810058594,22200,0.0,0.0
2005-01-04,9.74722623816934,9.825499238286918,9.540467513435278,9.599540710449219,255000,0.0,0.0
2005-01-05,9.53308251874678,9.673383896840157,9.525698369120036,9.599540710449219,2749800,0.0,0.0
2005-01-06,9.459238352100462,9.592154709856922,9.447423545965187,9.469576835632324,298800,0.0,0.0
2005-01-07,9.43708487470621,9.525696341488878,9.30564568722941,9.510927200317383,222600,0.0,0.0
2005-01-10,9.61430726253406,9.61430726253406,9.454806969403615,9.52569580078125,177000,0.0,0.0
2005-01-11,9.59954015106157,10.08542528078043,9.59954015106157,10.042595863342285,842400,0.0,0.0
2005-01-12,10.038165482992614,10.337967188059299,9.968753802573053,10.222772598266602,891000,0.0,0.0
2005-01-13,10.314336067932956,10.336488512905973,10.239016571938444,10.24197006225586,1654200,0.0,0.0
2005-01-14,10.243447010514897,10.33796545914028,10.190279960632324,10.190279960632324,318000,0.0,0.0
2005-01-17,10.190279078128055,10.249353103402957,10.190279078128055,10.23458480834961,37800,0.0,0.0
2005-01-18,10.234587722903653,10.24935602216264,10.190281980064933,10.19471263885498,148800,0.0,0.0
2005-01-19,10.233108527033002,10.23458569469087,10.18732647037818,10.190279960632324,274200,0.0,0.0
2005-01-20,10.17551133863812,10.17551133863812,10.044072142472748,10.08690071105957,143400,0.0,0.0
2005-01-21,10.072133305189796,10.117915368232474,10.026350397085409,10.042595863342285,115200,0.0,0.0
2005-01-24,10.109054638995934,10.116439633683516,10.027828148050087,10.1105318069458,439800,0.0,0.0
2005-01-25,10.19028045953259,10.337965965270996,10.19028045953259,10.337965965270996,213000,0.0,0.0
2005-01-26,10.337965420440451,11.15023354653953,10.19175709013769,11.076391220092773,356400,0.0,0.0
2005-01-27,11.03946867244466,11.03946867244466,10.636288134768243,10.782496452331543,261600,0.0,0.0
2005-01-28,10.987780864153972,10.987780864153972,10.633336647269653,10.744100570678711,388800,0.0,0.0
2005-01-31,10.744100570678713,10.744100570678713,10.593461567237458,10.744100570678711,135600,0.0,0.0
2005-02-01,10.789882323072888,11.280196348135107,10.789882323072888,11.244751930236816,567000,0.0,0.0
2005-02-02,11.216693744353949,11.60067627718354,11.12365244698314,11.593291282653809,246000,0.0,0.0
2005-02-03,11.59329116269311,11.597721821340409,11.44708280757919,11.504679679870605,98400,0.0,0.0
2005-02-04,11.740975447846063,11.740975447846063,11.430836135727361,11.445605278015137,296400,0.0,0.0
2005-02-07,11.445603377488915,11.445603377488915,11.292010069619144,11.407204627990723,468600,0.0,0.0
2005-02-08,11.371764183044434,11.40868577792888,11.309736647292945,11.371764183044434,48000,0.0,0.0
2005-02-09,11.297922077633823,11.519449961508995,11.297922077633823,11.421977996826172,164400,0.0,0.0
2005-02-10,11.44708189756396,11.813341762714359,11.436744258249902,11.63021183013916,255000,0.0,0.0
2005-02-11,11.782328738318252,11.782328738318252,11.408684700940382,11.62135124206543,366000,0.0,0.0
2005-02-14,11.661227994838903,11.681904122787047,11.593292628758903,11.655320167541504,353400,0.0,0.0
2005-02-15,11.652365323459499,11.652365323459499,11.534218086909856,11.593291282653809,159000,0.0,0.0
2005-02-16,11.565232174530912,11.565232174530912,11.210787074771735,11.35404109954834,1397400,0.0,0.0
2005-02-17,11.22703088881858,11.327456323663613,11.128081776653787,11.15023422241211,174000,0.0,0.0
2005-02-18,11.179771488838682,11.333363974213519,11.179771488838682,11.224077224731445,157800,0.0,0.0
2005-02-21,11.151712705141563,11.209309577941896,11.067531880222552,11.209309577941895,38400,0.0,0.0
2005-02-22,11.370285278698514,11.389484233259923,11.216691952084041,11.297919273376465,339000,0.0,0.0
2005-02-23,11.388007931466385,11.388007931466385,10.930183131211791,11.00402545928955,517200,0.0,0.0
2005-02-24,11.188635108028903,11.962505520006236,11.188635108028903,11.711441040039062,1124400,0.0,0.0
2005-02-25,11.785280539380127,12.553243783958672,11.742451972732072,11.969886779785156,633000,0.0,0.0
2005-02-28,11.969886985736045,12.398174349708777,11.894567489624023,11.894567489624023,262200,0.0,0.0
2005-03-01,11.859125078515945,12.147111137683197,11.596245803990884,11.8148193359375,270000,0.0,0.0
2005-03-02,11.813342824084025,11.813342824084025,11.486958009203567,11.593291282653809,515400,0.0,0.0
2005-03-03,11.522401010787288,12.331716537475584,11.522401010787288,12.331716537475586,606600,0.0,0.0
2005-03-04,12.257875556624969,12.405561089376233,12.11019086893549,12.346487045288086,517200,0.0,0.0
2005-03-07,12.315468799610375,12.331715107636413,12.154493027653041,12.186983108520508,139200,0.0,0.0
2005-03-08,12.220955198434421,12.405561486486533,12.198802748090419,12.240153312683105,259800,0.0,0.0
2005-03-09,12.22095197545416,12.22095197545416,11.850261484001107,11.925580978393555,454200,0.0,0.0
2005-03-10,11.823679095398724,11.857647193092806,11.445605278015137,11.445605278015137,392400,0.0,0.0
2005-03-11,11.231463147592091,11.733592928561297,11.18863457265213,11.689287185668945,198600,0.0,0.0
2005-03-14,11.687808697851766,11.687808697851766,11.445605574840044,11.63021183013916,204000,0.0,0.0
2005-03-15,11.6671347622859,11.696671360904265,11.519449234008789,11.519449234008789,518400,0.0,0.0
2005-03-16,11.520925613527796,11.652364820483275,11.447082431911833,11.615443229675293,414600,0.0,0.0
2005-03-17,11.668609741947563,11.86798513991747,11.63021183013916,11.63021183013916,382800,0.0,0.0
2005-03-18,11.630211016711065,11.630211016711065,11.224076945433755,11.297919273376465,582600,0.0,0.0
2005-03-21,11.482527400582311,11.556370585707736,11.334842720454946,11.337796211242676,481800,0.0,0.0
2005-03-22,11.371761552604914,11.371761552604914,11.172386169433596,11.172386169433594,273600,0.0,0.0
2005-03-23,10.965627886497089,10.96710505422737,10.448729883972314,10.677641868591309,2196600,0.0,0.0
2005-03-24,10.63333690783251,11.002550276597258,10.63333690783251,10.882925033569336,336600,0.0,0.0
2005-03-28,10.939046478782357,10.96562958661747,10.337967568734026,10.538819313049316,438000,0.0,0.0
2005-03-29,10.56097111289478,11.05867020680462,10.56097111289478,10.891786575317383,522000,0.0,0.0
2005-03-30,11.061622078754153,11.15023354653953,10.928705722137675,11.076391220092773,358200,0.0,0.0
2005-03-31,11.593291575616465,11.608060719987407,11.260999770789288,11.519449234008789,255000,0.0,0.0
2005-04-01,11.593290903933458,11.777898014849661,11.519448566604002,11.704054832458496,465000,0.0,0.0
2005-04-04,11.726206456885933,11.887183940950152,11.622827529907227,11.622827529907227,376200,0.0,0.0
2005-04-05,11.563754976998098,11.594768743572086,11.260999770789288,11.519449234008789,166200,0.0,0.0
2005-04-06,11.517970026470351,11.541599639205456,11.373238859733238,11.430835723876953,265200,0.0,0.0
2005-04-07,11.439698052024315,11.615442995392263,11.225554350768356,11.343703269958496,149400,0.0,0.0
2005-04-08,11.343701751010325,11.413113418368276,11.305302998263995,11.321548461914062,527400,0.0,0.0
2005-04-11,11.336318191205848,11.386531756131573,11.002550095551873,11.385054588317871,111600,0.0,0.0
2005-04-12,11.43083841130476,11.43083841130476,11.060148668739725,11.120699882507324,214800,0.0,0.0
2005-04-13,11.209309931813635,11.209309931813635,10.51666604311852,10.88440227508545,446400,0.0,0.0
2005-04-14,10.819418968373794,10.965627298552024,10.779543892410496,10.906553268432617,264600,0.0,0.0
2005-04-15,10.85338929348052,10.85338929348052,10.485653034912112,10.662875175476074,219000,0.0,0.0
2005-04-18,10.574262750013615,10.928706971553506,10.450206849943811,10.9213228225708,298200,0.0,0.0
2005-04-19,11.128083600226175,11.444129943847656,11.033565130736518,11.444129943847656,195000,0.0,0.0
2005-04-20,11.665655725816801,11.665655725816801,11.089683694395761,11.224077224731445,252600,0.0,0.0
2005-04-21,11.076393959154252,11.371764183044434,11.076393959154252,11.371764183044434,115200,0.0,0.0
2005-04-22,11.312691886027064,11.551941575203646,11.312691886027064,11.541603088378906,132600,0.0,0.0
2005-04-25,11.54307671365277,11.888660430908205,11.54307671365277,11.888660430908203,382200,0.0,0.0
2005-04-26,12.110190035232952,12.110190035232952,11.92410659790039,11.92410659790039,726600,0.0,0.0
2005-04-27,11.879797840032904,11.879797840032904,11.252135162226288,11.665654182434082,345600,0.0,0.0
2005-04-28,11.593291400794618,11.724731459824863,11.482527467522498,11.681902885437012,70200,0.0,0.0
2005-04-29,11.667134150610089,11.732115171200775,11.520925797953904,11.62135124206543,79200,0.0,0.0
2005-05-02,11.621350862134019,11.622828029963905,11.48252666328381,11.600675582885742,178200,0.0,0.0
2005-05-03,11.593291575616465,11.62282901929659,11.504680089637848,11.519449234008789,158400,0.0,0.0
2005-05-04,11.66861079031378,11.776421231682317,11.559324026088689,11.593291282653809,312600,0.0,0.0
2005-05-05,11.625780431891684,11.625780431891684,11.485479923411406,11.512063026428223,258600,0.0,0.0
2005-05-06,11.513539282470898,11.544553043321423,11.388007916447389,11.467757225036621,440400,0.0,0.0
2005-05-09,11.467757868134752,11.794142649333239,11.467757868134752,11.792665481567383,244800,0.0,0.0
2005-05-10,11.792664936792397,12.108711219153099,11.546030325110593,11.854692459106445,192000,0.0,0.0
2005-05-11,11.814819948397993,11.814819948397993,11.482528129426846,11.62873649597168,429000,0.0,0.0
2005-05-12,11.54898604089083,11.54898604089083,11.179773481132658,11.18715763092041,252000,0.0,0.0
2005-05-13,11.188630804855233,11.297917534800286,10.853384777745324,10.928704261779785,489600,0.0,0.0
2005-05-16,10.927231628349853,10.928707951241726,10.707180081655329,10.751485824584961,292200,0.0,0.0
2005-05-17,10.781021069244161,11.076391220092773,10.62004359760278,11.076391220092773,272400,0.0,0.0
2005-05-18,11.148759295464906,11.216693808986596,11.032087536037798,11.08377742767334,223800,0.0,0.0
2005-05-19,11.14875722394878,11.15023354653953,11.002548893646019,11.076391220092773,514200,0.0,0.0
2005-05-20,11.111835638194608,11.111835638194608,11.014363699679961,11.076391220092773,64200,0.0,0.0
2005-05-24,11.187157485681913,11.962505034194521,11.187157485681913,11.56375503540039,366400,0.0,3.0
2005-05-25,11.7409765809319,11.7409765809319,11.439698556098111,11.452990531921387,759000,0.0,0.0
2005-05-26,11.519446329373737,11.718821700022133,11.452988154178122,11.559321403503418,267200,0.0,0.0
2005-05-27,11.918198562899414,12.073268232141091,11.74540710449219,11.745407104492188,244200,0.0,0.0
2005-05-30,11.80743462811939,12.184032154638748,11.785282180408368,12.130865097045898,185600,0.0,0.0
2005-05-31,12.13086480641231,12.13086480641231,11.962504010681712,12.073267936706543,301000,0.0,0.0
2005-06-01,12.161878244124981,12.361252784729004,12.09541921886203,12.361252784729004,263800,0.0,0.0
2005-06-02,12.427709234202936,12.582778863118252,12.272640450349112,12.409987449645996,146600,0.0,0.0
2005-06-03,12.51189138729598,12.627085957083784,12.294794221371053,12.59607219696045,185800,0.0,0.0
2005-06-06,12.675823778002595,12.804309490866888,12.511892798073196,12.702406883239746,403200,0.0,0.0
2005-06-07,12.830891842691415,12.844183817060344,12.449864539793404,12.627086639404297,439400,0.0,0.0
2005-06-08,12.627086639404297,12.782156293461938,12.57835024511319,12.627086639404297,530600,0.0,0.0
2005-06-09,12.737850557293807,12.782156293461938,12.511892063391809,12.627086639404297,223200,0.0,0.0
2005-06-10,12.649238492718428,12.94608581256635,12.649238492718428,12.937225341796875,878800,0.0,0.0
2005-06-13,13.070144567071372,13.681561127534309,13.070144567071372,13.579658508300781,660600,0.0,0.0
2005-06-14,13.956254005432129,14.022712188826619,13.81890698040863,13.956254005432129,724400,0.0,0.0
2005-06-15,14.089171479196514,14.363865550826015,13.956255101964397,14.217658042907715,980400,0.0,0.0
2005-06-16,14.266393786824018,14.355005264282227,14.222087203033237,14.355005264282227,474000,0.0,0.0
2005-06-17,14.456910363062608,14.798063511484788,14.377160188619833,14.474631309509277,353200,0.0,0.0
2005-06-20,14.598685119738803,14.620837565904907,14.06701796113578,14.129045486450195,556000,0.0,0.0
2005-06-21,14.089169798501837,14.129044875927123,13.557503507934033,13.929670333862305,480600,0.0,0.0
2005-06-22,13.916378062840677,14.168919651105956,13.606238766162363,14.084739685058594,259400,0.0,0.0
2005-06-23,14.173352305809289,14.377158375354531,14.009422163518055,14.222087860107422,254400,0.0,0.0
2005-06-24,14.288546942174435,14.35500597609439,13.95625515282154,14.177783012390137,105800,0.0,0.0
2005-06-27,14.332850047535203,14.332850047535203,14.004989802800115,14.270822525024414,229600,0.0,0.0
2005-06-28,14.266394587217913,14.266394587217913,13.97840769185252,14.009422302246094,253200,0.0,0.0
2005-06-29,14.000561225056224,14.009422542463474,13.3005332060565,13.553074836730957,467000,0.0,0.0
2005-06-30,13.712574341978055,13.712574341978055,13.149893396513143,13.34483814239502,228600,0.0,0.0
2005-07-04,13.712574217573563,13.712574217573563,13.544212578774285,13.63725471496582,43400,0.0,0.0
2005-07-05,13.71700421009241,13.845490770068256,13.628393576200988,13.690421104431152,249000,0.0,0.0
2005-07-06,12.981532456558144,13.95182473481831,12.981532456558144,13.80561637878418,507200,0.0,0.0
2005-07-07,13.513198114210558,14.151198524088906,13.513198114210558,13.734725952148438,362000,0.0,0.0
2005-07-08,13.756877714437783,14.067017010166888,13.335975350304393,13.491044998168945,110400,0.0,0.0
2005-07-11,13.486614899567702,13.734725839404197,13.225211985341852,13.730295181274414,233600,0.0,0.0
2005-07-12,13.823337350916034,13.956253714938413,13.734725878193359,13.90308666229248,130200,0.0,0.0
2005-07-13,13.903086737154103,14.040434605119968,13.690420215548533,13.734725952148438,117400,0.0,0.0
2005-07-14,13.734725801963506,14.067017555236818,13.734725801963506,14.067017555236816,189800,0.0,0.0
2005-07-15,13.956255977708732,14.177783850370774,13.956255977708732,14.08917236328125,313000,0.0,0.0
2005-07-18,14.173352353791358,14.22208790825448,14.067019082605839,14.177783012390137,488200,0.0,0.0
2005-07-19,14.2220866608208,14.487921083060572,14.177781768842483,14.417032241821289,322000,0.0,0.0
2005-07-20,14.598690047890054,15.006300603340033,14.53223099683353,14.904397964477539,370800,0.0,0.0
2005-07-21,15.037308796884014,15.063892745467443,14.45247544903455,14.527795791625977,188800,0.0,0.0
2005-07-22,14.731603363179309,15.174659103425302,14.709450914191713,15.099340438842773,98600,0.0,0.0
2005-07-25,15.17466105377194,15.617716850962362,14.988578430211357,15.582271575927734,244600,0.0,0.0
2005-07-26,15.560114808648308,15.861392802391208,15.506948600965227,15.595560073852539,764600,0.0,0.0
2005-07-27,15.728478512542214,16.100645395655192,15.617714579355296,16.029756546020508,390200,0.0,0.0
2005-07-28,16.61458916276897,17.05321506032037,16.171533451761796,16.45952033996582,421600,0.0,0.0
2005-07-29,16.83611305947801,17.048779547940867,16.556987553941696,16.756362915039062,163800,0.0,0.0
2005-08-02,16.836115451031986,17.389935038236985,16.836115451031986,17.367782592773438,326800,0.0,0.0
2005-08-03,17.713367282585256,17.722228599699914,16.55256178253947,16.725353240966797,485400,0.0,0.0
2005-08-04,16.836113948873656,17.257017135620117,16.66332252350228,17.257017135620117,563400,0.0,0.0
2005-08-05,17.3013207617862,17.412084661272825,17.27916831991347,17.332334518432617,489400,0.0,0.0
2005-08-08,17.52728303564514,17.655767896345804,17.124102440743684,17.45639419555664,406000,0.0,0.0
2005-08-09,17.629185000239502,17.94375411112597,17.27917062552871,17.389934539794922,353800,0.0,0.0
2005-08-10,17.367783465531065,17.482977201804136,16.94245040681357,17.234867095947266,912000,0.0,0.0
2005-08-11,17.057642116932495,17.146253582837293,16.8006690348209,16.938016891479492,684600,0.0,0.0
2005-08-12,17.062074456677546,17.319047576848547,16.836116790771484,16.836116790771484,306600,0.0,0.0
2005-08-15,16.95131053042247,16.95131053042247,16.570284043808655,16.836116790771484,457000,0.0,0.0
2005-08-16,16.525980810677808,16.813967753393698,15.958869934082031,15.958869934082031,388600,0.0,0.0
2005-08-17,15.910130527903434,16.24685212489481,15.179087928083844,15.697463989257812,443000,0.0,0.0
2005-08-18,15.666451002110213,15.803797197773484,15.422770686785654,15.644298553466797,374000,0.0,0.0
2005-08-19,15.728478604515125,16.791813045376816,15.728478604515125,16.503826141357422,422600,0.0,0.0
2005-08-22,16.991183413639142,17.101947325566705,16.393058965279558,16.658891677856445,246000,0.0,0.0
2005-08-23,16.991183413639142,16.991183413639142,16.658891677856445,16.658891677856445,479400,0.0,0.0
2005-08-24,16.747505311742746,17.048783326366422,16.486102378175833,16.836116790771484,540800,0.0,0.0
2005-08-25,17.053214852626812,17.053214852626812,16.836116813223065,17.004478454589844,159800,0.0,0.0
2005-08-26,17.013341285730785,17.257021607480162,16.946882247924805,16.946882247924805,233600,0.0,0.0
2005-08-29,17.257017860431887,17.589309597063604,16.94687856821765,17.035490036010742,314000,0.0,0.0
2005-08-30,17.217142784431154,17.279170304849366,16.92472612380017,17.035490036010742,202400,0.0,0.0
2005-08-31,17.03549197562229,17.607034233332545,17.026630658821738,17.589311599731445,447000,0.0,0.0
2005-09-01,17.607032543117757,18.519726114355237,17.5450033314685,18.231740951538086,778000,0.0,0.0
2005-09-02,18.444407834853802,18.444407834853802,17.965906904676828,18.1209774017334,760000,0.0,0.0
2005-09-06,18.120980410471027,18.120980410471027,17.093091230672155,17.828563690185547,327800,0.0,0.0
2005-09-07,17.996919206407256,18.05894672414979,17.695641242980855,17.722225189208984,908000,0.0,0.0
2005-09-08,17.872872824514886,17.899456783614298,17.372219247281475,17.717803955078125,542000,0.0,0.0
2005-09-09,17.713372450166265,18.346942442648892,17.66906754179117,17.717803955078125,311800,0.0,0.0
2005-09-12,17.726654219830518,17.881724697468933,17.101945877075195,17.101945877075195,144800,0.0,0.0
2005-09-13,17.212712959247185,17.567158864968434,17.17283787935971,17.234867095947266,804200,0.0,0.0
2005-09-14,17.38993382004072,17.673489158406397,17.305753857126888,17.611461639404297,349400,0.0,0.0
2005-09-15,17.775392787231503,18.19629600654834,17.775392787231503,18.160852432250977,565400,0.0,0.0
2005-09-16,18.16528656903435,18.829870223999023,17.98806358499432,18.829870223999023,394600,0.0,0.0
2005-09-19,19.272921065259755,19.600782994851716,18.803281460742404,19.082406997680664,348400,0.0,0.0
2005-09-20,19.051395652782748,19.051395652782748,18.43554848233347,18.683658599853516,625600,0.0,0.0
2005-09-21,18.989366902660716,19.11342195344579,18.745686614280046,18.878602981567383,363400,0.0,0.0
2005-09-22,19.051394655254015,19.27292250008255,18.661505175121263,18.88746452331543,708800,0.0,0.0
2005-09-23,18.80771714763568,18.80771714763568,18.13870201076571,18.58618927001953,702200,0.0,0.0
2005-09-26,18.386813459589565,19.04696726480509,17.81527114160159,18.69695281982422,238000,0.0,0.0
2005-09-27,18.77226436768444,18.77226436768444,18.36908385928661,18.38680648803711,252400,0.0,0.0
2005-09-28,18.648214290529037,18.807714611323036,18.524159236632972,18.68808937072754,346400,0.0,0.0
2005-09-29,18.727962322392273,19.148865523288883,18.692517059522885,19.10455894470215,427000,0.0,0.0
2005-09-30,19.10455569247835,19.42355624350582,18.745681762695312,18.745681762695312,301000,0.0,0.0
2005-10-03,19.042533561504506,19.6007846834748,18.878603427647416,19.49888038635254,229600,0.0,0.0
2005-10-04,19.494446355708636,19.494446355708636,19.100127143024206,19.184307098388672,878800,0.0,0.0
2005-10-05,18.967211642465013,19.13557156065999,18.967211642465013,19.0513916015625,809400,0.0,0.0
2005-10-06,18.962782081326285,19.007088661800577,17.545003618490355,17.576017379760742,955600,0.0,0.0
2005-10-07,17.766532928252044,18.603909622572374,17.766532928252044,18.32035255432129,339600,0.0,0.0
2005-10-11,18.342505223510884,18.936199882748628,18.342505223510884,18.76340675354004,326000,0.0,0.0
2005-10-12,18.940630157010748,18.96278260279546,18.502004293930995,18.56403350830078,290000,0.0,0.0
2005-10-13,18.497574799223237,18.497574799223237,16.973463855348395,17.899450302124023,541800,0.0,0.0
2005-10-14,17.50512730116783,18.276044845581055,17.50512730116783,18.276044845581055,430000,0.0,0.0
2005-10-17,18.696949014626963,18.82986537335542,17.948183874572337,18.280475616455078,235600,0.0,0.0
2005-10-18,18.03236644220141,18.26275559769856,17.890588760375977,17.890588760375977,225000,0.0,0.0
2005-10-19,17.832995182130396,18.165287017822266,16.867133444509463,18.165287017822266,600600,0.0,0.0
2005-10-20,17.908309587138945,18.120977798624345,17.412087703960648,17.593740463256836,288400,0.0,0.0
2005-10-21,17.32790594916878,17.91273924520283,17.194989598274333,17.722225189208984,525200,0.0,0.0
2005-10-24,17.67792466092038,18.82543909245554,17.30132626872245,18.39124298095703,195400,0.0,0.0
2005-10-25,18.674802329282457,19.250774521487912,18.439981609981402,18.834300994873047,580600,0.0,0.0
2005-10-26,18.825438134675345,19.583063004137415,18.825438134675345,19.49445152282715,425600,0.0,0.0
2005-10-27,19.764713341529916,19.95965722425992,19.166587184080086,19.5166015625,460400,0.0,0.0
2005-10-28,19.671673852592086,19.831172485671228,19.051395193498596,19.804590225219727,559200,0.0,0.0
2005-10-31,19.893201679610822,20.136881977487235,19.636228561401364,19.636228561401367,616200,0.0,0.0
2005-11-01,19.671669852957283,20.469169616699222,19.671669852957283,20.46916961669922,448200,0.0,0.0
2005-11-02,20.46917298238887,21.13375650980329,20.380561507375617,21.04514503479004,760200,0.0,0.0
2005-11-03,21.399589839031897,21.598965240817968,21.28882591472001,21.536937713623047,884400,0.0,0.0
2005-11-04,21.643268910026766,21.687575491318896,21.03628311237235,21.355283737182617,636200,0.0,0.0
2005-11-07,21.37743835049774,21.48820227977493,20.91223018555823,21.15591049194336,286800,0.0,0.0
2005-11-08,21.178061855180676,21.37743725569368,20.86792253106304,21.062868118286133,210400,0.0,0.0
2005-11-09,21.21350868235118,21.21350868235118,20.60209130584633,20.797035217285156,524400,0.0,0.0
2005-11-10,20.748299758477934,20.77931352303969,20.065993557872513,20.24764633178711,527600,0.0,0.0
2005-11-11,20.51348243638666,20.51348243638666,20.12359287370317,20.26980209350586,169600,0.0,0.0
2005-11-14,20.274228997806542,20.495756857743835,20.243215232625197,20.314104080200195,423800,0.0,0.0
2005-11-15,20.38055815625611,20.68626592015566,20.38055815625611,20.46916961669922,252600,0.0,0.0
2005-11-16,20.26979614695139,20.819185900927337,20.070420764858376,20.686267852783203,427600,0.0,0.0
2005-11-17,20.823615894539596,20.823615894539596,20.686268032322747,20.735004425048828,430200,0.0,0.0
2005-11-18,20.672981078946712,20.82362010046995,20.247647967630595,20.447023391723633,363200,0.0,0.0
2005-11-21,20.32296747318313,20.57994062821666,20.190051081669477,20.531204223632812,443800,0.0,0.0
2005-11-22,20.602090207567212,21.000841016666254,20.602090207567212,20.912229537963867,298400,0.0,0.0
2005-11-23,21.089452341392168,21.089452341392168,20.87678579108993,21.022994995117188,455000,0.0,0.0
2005-11-24,21.222364282430355,21.257807852178296,21.111600380518137,21.133752822875977,274000,0.0,0.0
2005-11-25,21.13375784376833,21.13375784376833,20.730577212626375,20.92995262145996,110800,0.0,0.0
2005-11-28,20.867919921875,20.956531387703976,20.6774058618858,20.867919921875,155000,0.0,0.0
2005-11-29,20.867924473561896,21.266675311705782,20.867924473561896,21.022994995117188,393600,0.0,0.0
2005-11-30,21.217936897819584,21.70972898817554,21.04514544772119,21.488201141357422,382200,0.0,0.0
2005-12-01,21.46604960435006,22.58255020244124,21.39959057143901,22.46292495727539,631000,0.0,0.0
2005-12-02,22.59583933139806,22.59583933139806,22.26797738960197,22.334436416625977,359600,0.0,0.0
2005-12-05,22.33443736636637,22.55153539910308,22.307853416401667,22.330007553100586,365200,0.0,0.0
2005-12-06,22.35215953127213,22.52495097711338,21.75403334552552,22.52052116394043,351800,0.0,0.0
2005-12-07,22.578118726100463,22.928133144957453,22.578118726100463,22.640146255493164,436400,0.0,0.0
2005-12-08,22.60912828024485,22.81293515473838,22.55596207782715,22.790781021118164,299800,0.0,0.0
2005-12-09,22.72875645027564,22.79078397615926,22.52938105270448,22.70660400390625,475000,0.0,0.0
2005-12-12,22.728757043585457,23.01231242081154,22.2192440032959,22.2192440032959,312800,0.0,0.0
2005-12-13,22.39646697448344,22.941425323486328,22.374314525848884,22.941425323486328,413400,0.0,0.0
2005-12-14,22.941422078839324,23.32245022590879,22.715464430526847,23.255992889404297,346800,0.0,0.0
2005-12-15,23.08319899799884,23.606004807208247,23.08319899799884,23.526254653930664,331200,0.0,0.0
2005-12-16,24.0357709941182,24.279451283683674,23.792090704552724,24.142105102539062,698800,0.0,0.0
2005-12-19,24.545285629356233,24.545285629356233,23.849688338994042,24.01361846923828,291400,0.0,0.0
2005-12-20,24.01361642660925,24.08007375964398,23.4863791245353,23.925004959106445,663200,0.0,0.0
2005-12-21,24.31489878839701,24.407940085503967,23.690190280484835,23.902856826782227,181400,0.0,0.0
2005-12-22,24.102233098355427,24.292747203079863,23.929439938859396,23.987037658691406,202200,0.0,0.0
2005-12-23,24.080078072505646,24.226287273590547,23.74778627744739,24.119953155517578,153600,0.0,0.0
2005-12-28,24.097801190455925,24.292746795811844,23.809815976371006,23.92057991027832,300600,0.0,0.0
2005-12-29,24.190838490461303,24.345908986371846,23.72563038297613,24.25729751586914,127600,0.0,0.0
2005-12-30,24.257295727729797,24.811115264892578,24.062351859092814,24.811115264892578,109800,0.0,0.0
2006-01-03,25.254175998000477,25.36493992781627,24.83770423033754,24.992773056030273,1141800,0.0,0.0
2006-01-04,24.99276861262388,25.475699328366538,24.65604706950313,25.342782974243164,193600,0.0,0.0
2006-01-05,25.65292516064512,25.65292516064512,25.187715333437204,25.34721565246582,303000,0.0,0.0
2006-01-06,25.542156993860768,25.84786476111968,25.440252714651415,25.49785041809082,294000,0.0,0.0
2006-01-09,25.807993044336452,25.91875696298167,25.515576366717998,25.52000617980957,240200,0.0,0.0
2006-01-10,25.528868376230502,25.803564120829613,25.515577246374306,25.763689041137695,519200,0.0,0.0
2006-01-11,26.029520881626894,26.029520881626894,25.41810357747076,25.52000617980957,673200,0.0,0.0
2006-01-12,25.573175078829873,25.776980291486403,25.395952126009988,25.4757022857666,497200,0.0,0.0
2006-01-13,25.62191206050194,25.86559235860183,25.395952705990076,25.590896606445312,667000,0.0,0.0
2006-01-16,25.74153851341781,27.02640087018075,25.65292871512263,26.268775939941406,158200,0.0,0.0
2006-01-17,27.24349515846238,27.24349515846238,26.27320211437607,26.317508697509766,676200,0.0,0.0
2006-01-18,26.36181146669527,26.46814556752606,25.07694939142891,25.258602142333984,519000,0.0,0.0
2006-01-19,25.675078273803976,26.423841801881856,25.404814025112874,26.35295295715332,406000,0.0,0.0
2006-01-20,26.6099268346832,26.88905071806957,26.05167568766362,26.516883850097656,418400,0.0,0.0
2006-01-23,26.516883464868,27.00424575805664,26.317509748238013,27.00424575805664,300200,0.0,0.0
2006-01-24,26.982094477191357,27.0042469255387,26.48587084556881,26.84917640686035,388200,0.0,0.0
2006-01-25,26.782720841831786,26.782720841831786,26.44599752012861,26.583345413208008,452800,0.0,0.0
2006-01-26,26.592202964767694,26.694105571603828,26.002938080309598,26.543466567993164,283600,0.0,0.0
2006-01-27,26.539035571673576,26.671951935964234,26.361812625870517,26.530174255371094,469400,0.0,0.0
2006-01-30,26.52574601223249,26.80487159463433,26.494732246423784,26.592205047607422,317600,0.0,0.0
2006-01-31,26.578910234990772,26.71182659720618,25.697228713077507,26.68081283569336,278200,0.0,0.0
2006-02-01,26.7162583525726,27.026397680372032,26.401689211430664,26.858036041259766,823200,0.0,0.0
2006-02-02,26.70739313033549,26.97765733803815,26.029518549793046,26.30421257019043,348800,0.0,0.0
2006-02-03,26.570052109810934,26.570052109810934,26.07382848576434,26.228899002075195,224600,0.0,0.0
2006-02-06,26.339661707973764,27.10614786630298,26.27320267691193,27.026397705078125,351400,0.0,0.0
2006-02-07,26.80487110092999,26.91563503109912,26.029523589746066,26.228899002075195,488000,0.0,0.0
2006-02-08,26.029524113238278,26.220038212170582,25.741537212957315,25.830148696899414,743600,0.0,0.0
2006-02-09,26.379539452739316,26.49030338894653,25.475705327658815,25.697233200073242,552600,0.0,0.0
2006-02-10,25.5421621721252,26.14028670023373,24.487689116745628,24.78896713256836,1531000,0.0,0.0
2006-02-13,24.41236765230373,24.585160789757907,23.03889570007911,23.548410415649414,764200,0.0,0.0
2006-02-14,23.038896137105205,23.455367881908472,22.62685420559711,23.18953514099121,1985400,0.0,0.0
2006-02-15,23.171808929213608,23.481948205805466,22.476211730779784,22.524948120117188,1053000,0.0,0.0
2006-02-16,22.15278341132286,23.260422581889006,21.73188018848308,22.959144592285156,1081000,0.0,0.0
2006-02-17,23.477523348317764,23.681328573904313,22.70660565180226,22.905981063842773,741000,0.0,0.0
2006-02-20,23.043326235211207,24.372493336472438,23.043326235211207,24.3060359954834,386000,0.0,0.0
2006-02-21,24.589592225873762,24.788967636000127,23.38448013810856,23.836397171020508,575000,0.0,0.0
2006-02-22,23.583855991150244,23.761078956840546,23.185106853532258,23.30030059814453,647400,0.0,0.0
2006-02-23,23.477525756327623,23.477525756327623,21.935690205155794,22.24139976501465,853200,0.0,0.0
2006-02-24,22.59583846049093,22.59583846049093,21.73187959309458,22.04201889038086,1675000,0.0,0.0
2006-02-27,21.70973451016622,21.70973451016622,21.07173475749569,21.17363739013672,903200,0.0,0.0
2006-02-28,20.60208596021579,21.855934153569695,20.60208596021579,21.399585723876953,582200,0.0,0.0
2006-03-01,21.443897927555263,21.833785751602832,21.359716257492227,21.479341506958008,686200,0.0,0.0
2006-03-02,21.399589545165657,21.931256712586357,21.34642333546059,21.776187896728516,533800,0.0,0.0
2006-03-03,21.926824446034615,22.35215745633323,21.84264279245335,22.263545989990234,334200,0.0,0.0
2006-03-06,22.3743127374209,22.3743127374209,21.488201341879478,21.705299377441406,586000,0.0,0.0
2006-03-07,21.346421657880175,21.479338016758838,20.584365388128486,20.774879455566406,1156600,0.0,0.0
2006-03-08,20.38499368492282,20.907799589002966,20.18118845184032,20.64639663696289,1073600,0.0,0.0
2006-03-09,20.85020047501528,21.45718627073959,20.739436557322065,20.801464080810547,513200,0.0,0.0
2006-03-10,20.934385695356003,21.124899816788183,20.491329913443707,20.82362174987793,207200,0.0,0.0
2006-03-13,20.80589639330312,21.08502197265625,20.71285509689323,21.08502197265625,1357400,0.0,0.0
2006-03-14,21.13375805383379,21.886953111289827,21.13375805383379,21.70973014831543,1193200,0.0,0.0
2006-03-15,21.926824802949852,22.294560112592883,21.709726791381836,22.152782440185547,767200,0.0,0.0
2006-03-16,22.502801542175565,23.25156513772327,22.290134988826928,23.12751007080078,639600,0.0,0.0
2006-03-17,23.012317317367575,23.6370259189077,22.968012414045074,23.083206176757812,2148200,0.0,0.0
2006-03-20,22.843951179455217,23.012311118830702,21.873658170885058,22.08632469177246,1015400,0.0,0.0
2006-03-21,21.767327087590466,22.081896230020956,21.43946512483129,21.762895584106445,501800,0.0,0.0
2006-03-22,21.762897500644833,22.117341755028587,21.665426387016502,21.931259155273438,506400,0.0,0.0
2006-03-23,22.108477551354447,22.361019135962707,22.04201852798462,22.152782440185547,552400,0.0,0.0
2006-03-24,22.369882991088026,22.812938690185547,22.330007910564316,22.812938690185547,405400,0.0,0.0
2006-03-27,22.706606030528405,22.795217514038086,22.507230615162484,22.795217514038086,194400,0.0,0.0
2006-03-28,22.77306628311315,22.817371182174742,22.40089938457565,22.423051834106445,492600,0.0,0.0
2006-03-29,22.423047196401498,22.817366462913693,22.15721278664314,22.72432518005371,676400,0.0,0.0
2006-03-30,22.817367971511114,23.37118758247012,22.6401450199549,23.26042366027832,383000,0.0,0.0
2006-03-31,23.23827011348691,23.68132578127456,23.061047170322553,23.592714309692383,424800,0.0,0.0
2006-04-03,23.752213062582324,24.12437986671806,23.118643363992646,23.481948852539062,457000,0.0,0.0
2006-04-04,23.229410967482636,24.02248109254327,23.229410967482636,23.730064392089844,2155400,0.0,0.0
2006-04-05,23.925006769714656,24.097798214853977,23.592715009024175,24.004756927490234,248600,0.0,0.0
2006-04-06,24.124384569592074,25.16113503392553,24.124384569592074,24.921884536743164,1054800,0.0,0.0
2006-04-07,24.87757757252962,24.87757757252962,24.399076617936522,24.656049728393555,742800,0.0,0.0
2006-04-10,24.744659824409236,25.081383098189832,24.72693888114974,24.802257537841797,271800,0.0,0.0
2006-04-11,24.784535866811865,24.811119817918346,23.93386971288533,24.0357723236084,338400,0.0,0.0
2006-04-12,24.292744911799254,24.292744911799254,23.282576763623673,23.504104614257812,285600,0.0,0.0
2006-04-13,23.504104911730753,23.79209179724931,23.282577058292908,23.64145278930664,2157800,0.0,0.0
2006-04-17,23.91615105434857,24.035776319027697,23.623734304063042,23.74778938293457,280000,0.0,0.0
2006-04-18,23.81424210966473,24.762380966960034,23.619298224560215,24.6516170501709,178600,0.0,0.0
2006-04-19,24.651617655955203,25.254173648514936,23.92500661438257,25.143409729003906,276000,0.0,0.0
2006-04-20,25.27632780773202,25.586467141410157,23.637021349824785,24.91745376586914,331000,0.0,0.0
2006-04-21,24.91745122825135,25.56431209053628,24.771242048217005,24.85099220275879,201200,0.0,0.0
2006-04-24,24.850993907417557,24.873146354060218,24.21299431744281,24.633895874023438,165400,0.0,0.0
2006-04-25,24.855420074382533,25.099102022073478,24.1509615577012,24.21742057800293,577400,0.0,0.0
2006-04-26,24.27945282830998,24.54528727121252,23.978174807094497,24.261730194091797,447400,0.0,0.0
2006-04-27,23.85854593594855,24.19969898725429,23.038893664324725,23.925004959106445,365600,0.0,0.0
2006-04-28,24.03576973926378,24.20413136458898,23.712339307799073,24.009185791015625,315600,0.0,0.0
2006-05-01,24.035772220629124,24.585162043612087,24.035772220629124,24.500980377197266,192000,0.0,0.0
2006-05-02,24.567436177399887,24.678200090111226,23.592713407515458,24.190837860107422,405200,0.0,0.0
2006-05-03,24.19526813461005,24.558573614647155,23.97374032043508,24.21742057800293,175000,0.0,0.0
2006-05-04,24.235146631561,24.589590846275442,23.260423773503796,23.566131591796875,659600,0.0,0.0
2006-05-05,23.712337822446447,24.31932357004335,23.574989966952685,23.858545303344727,421600,0.0,0.0
2006-05-08,23.592713586179226,23.74335257621234,23.37118575907895,23.60600471496582,225000,0.0,0.0
2006-05-09,23.814244826521268,24.310466757113755,23.65474449772854,23.75664710998535,295200,0.0,0.0
2006-05-10,23.756645900953362,23.925007538346634,23.552840686811862,23.574993133544922,229200,0.0,0.0
2006-05-11,23.703476762195876,24.323755334825957,23.40219879150391,23.402198791503906,448400,0.0,0.0
2006-05-12,23.260424668681882,23.721203010605386,22.821798774132443,22.839521408081055,300400,0.0,0.0
2006-05-15,22.790782579909383,22.795214082985762,21.257810399386077,21.625547409057617,801800,0.0,0.0
2006-05-16,21.709726968608678,21.971129871141752,21.0451434899778,21.567949295043945,964000,0.0,0.0
2006-05-17,21.567951678355715,21.931257218276897,21.08945070960682,21.377437591552734,1086600,0.0,0.0
2006-05-18,21.37743861381803,21.48377273088823,20.94324420851799,20.95653533935547,523400,0.0,0.0
2006-05-19,20.86792001366476,21.222365878539733,20.145740535771388,20.99640655517578,591000,0.0,0.0
2006-05-23,21.621117511423627,22.773063328951842,21.35528477129122,21.488201141357422,398400,0.0,2.0
2006-05-24,21.48820337061439,21.48820337061439,20.681842059751734,21.248952865600586,608800,0.0,0.0
2006-05-25,21.248953355181488,22.675593410404094,21.248953355181488,22.126203536987305,383900,0.0,0.0
2006-05-26,22.578117429274556,22.96800690750743,22.17050700803548,22.914840698242188,350200,0.0,0.0
2006-05-29,23.030037374372846,24.004760349369715,22.817370820030106,23.047760009765625,211800,0.0,0.0
2006-05-30,23.925012860875132,24.376929973284287,22.897123554654836,23.083206176757812,538500,0.0,0.0
2006-05-31,23.393340588963664,24.36806346561285,22.97686883999578,23.960453033447266,3146900,0.0,0.0
2006-06-01,23.94273270369898,23.94273270369898,22.773065815219724,23.12751007080078,1239800,0.0,0.0
2006-06-02,23.42878684291269,23.42878684291269,22.54267540684317,22.98573112487793,466200,0.0,0.0
2006-06-05,23.260424592286903,23.260424592286903,21.621118140139146,21.94011878967285,424300,0.0,0.0
2006-06-06,21.993284650561478,21.993284650561478,21.054007040949923,21.8426456451416,412700,0.0,0.0
2006-06-07,21.842647350617714,21.842647350617714,20.42486866363448,20.726146697998047,698600,0.0,0.0
2006-06-08,19.937510186053334,21.009704367021726,19.20203765568387,20.82362174987793,1263200,0.0,0.0
2006-06-09,21.009699206051156,21.240088358865975,20.38056096154101,20.513477325439453,204400,0.0,0.0
2006-06-12,20.42486973093087,20.42486973093087,19.317230337927597,19.405841827392578,590000,0.0,0.0
2006-06-13,18.82986663452464,19.494450162801982,17.934893946963026,18.838727951049805,1352900,0.0,0.0
2006-06-14,18.617197435287274,19.715975174798345,18.617197435287274,19.140003204345703,826700,0.0,0.0
2006-06-15,19.94636716622046,20.194478958572162,19.503311480671687,20.0261173248291,551000,0.0,0.0
2006-06-16,19.778003513759987,20.16789295048188,19.538753062354065,19.937503814697266,219800,0.0,0.0
2006-06-19,19.724836613750572,19.937503110784167,18.386808424389844,18.81214141845703,399900,0.0,0.0
2006-06-20,18.838729775196484,19.432424518883067,17.34120093990523,17.979202270507812,1193800,0.0,0.0
2006-06-21,17.979199533308492,19.095698311637427,17.979199533308492,18.705810546875,621500,0.0,0.0
2006-06-22,18.741255426432442,19.04253343208748,17.98806041229484,18.431116104125977,531400,0.0,0.0
2006-06-23,18.431115366683276,18.909616305974925,18.431115366683276,18.65264320373535,691600,0.0,0.0
2006-06-26,18.96278013980969,19.37039218782339,18.431113059415896,19.0513916015625,560500,0.0,0.0
2006-06-27,19.31722671489157,19.370394612672825,18.448837999277025,18.65264320373535,308100,0.0,0.0
2006-06-28,18.4838813879914,18.741466330931406,18.181886065857018,18.32400131225586,173500,0.05,0.0
2006-06-29,18.43059032613581,19.629689312689813,18.217417436504714,19.54086685180664,556400,0.0,0.0
2006-06-30,20.24256094214463,20.313618566801566,19.478690206472034,19.807331085205078,379200,0.0,0.0
2006-07-04,20.3313800813517,20.651140213887405,19.905034367402273,20.251440048217773,165600,0.0,0.0
2006-07-05,20.37579564765932,20.51791091002323,19.096756592236577,19.993860244750977,741300,0.0,0.0
2006-07-06,19.76292070509977,20.162620902637155,19.345457372008706,19.807331085205078,690400,0.0,0.0
2006-07-07,19.727391334932147,19.96721145697072,18.67040936443166,19.007932662963867,223500,0.0,0.0
2006-07-10,19.18557631680408,19.18557631680408,18.474998412242556,18.66152572631836,623200,0.0,0.0
2006-07-11,18.821407748495318,19.61192407630579,18.66152766103983,18.87470054626465,318000,0.0,0.0
2006-07-12,18.87470480000087,18.87470480000087,18.697059841871123,18.714824676513672,769000,0.0,0.0
2006-07-13,18.963522394320986,18.963522394320986,18.297356514151495,18.386178970336914,544100,0.0,0.0
2006-07-14,18.475004639306533,18.60823920604527,17.9331907315507,18.297361373901367,1111100,0.0,0.0
2006-07-17,18.377296264843004,18.377296264843004,17.897656025511107,17.942068099975586,399500,0.0,0.0
2006-07-18,17.98647705801089,18.74146532273216,17.98647705801089,18.608232498168945,1164000,0.0,0.0
2006-07-19,18.776994666412204,18.776994666412204,18.412824128552266,18.56382179260254,806100,0.0,0.0
2006-07-20,18.661526007104975,18.75034845828003,18.38617793319492,18.49276351928711,568900,0.0,0.0
2006-07-21,18.51941500657863,18.652647866797636,18.492767756875732,18.54606056213379,317600,0.0,0.0
2006-07-24,18.554939416087997,18.82140677951108,18.554939416087997,18.776994705200195,358200,0.0,0.0
2006-07-25,19.18557530232452,20.411319624011924,19.18557530232452,20.402437210083008,650500,0.0,0.0
2006-07-26,20.437972407046303,21.894654803387,20.437972407046303,21.84136199951172,579400,0.0,0.0
2006-07-27,22.20552804353819,22.20552804353819,20.500143422028565,20.73996353149414,929100,0.0,0.0
2006-07-28,20.80214161740709,21.27289948696332,20.80214161740709,20.85543441772461,295100,0.0,0.0
2006-07-31,21.1574287687877,21.477188943758996,20.962020714164957,21.370601654052734,199500,0.0,0.0
2006-08-01,21.36172018278873,21.521600277340102,21.006432024978782,21.25513458251953,243300,0.0,0.0
2006-08-02,21.58377852300737,21.70813066630744,20.926494915256004,20.953142166137695,145800,0.0,0.0
2006-08-03,20.873196711275167,20.873196711275167,20.100443576964818,20.366910934448242,341800,0.0,0.0
2006-08-04,20.38467702647791,21.077488471725868,20.16262172856049,20.295854568481445,96400,0.0,0.0
2006-08-08,20.402440127801718,22.20552975369483,20.35802974595332,21.539363861083984,1007100,0.0,0.0
2006-08-09,21.592653871807148,21.672593904136754,20.029384575574213,21.450538635253906,623700,0.0,0.0
2006-08-10,21.503831256969747,21.503831256969747,20.748844704000206,21.228483200073242,190500,0.0,0.0
2006-08-11,21.423895899323774,21.477188696489595,20.686672377631297,21.12190055847168,211900,0.0,0.0
2006-08-14,21.121895593204265,21.18407079097302,20.3136146339163,20.59784507751465,165100,0.0,0.0
2006-08-15,20.56232356419338,21.04196389823235,20.47350109187345,20.873201370239258,209600,0.0,0.0
2006-08-16,21.09525179709011,21.388364701662734,20.73996368460017,20.962018966674805,313000,0.0,0.0
2006-08-17,20.562318739397362,20.864314057935506,20.091562626612347,20.76660919189453,373700,0.0,0.0
2006-08-18,20.437968953297688,20.686671486267677,20.002740791210762,20.20703125,407000,0.0,0.0
2006-08-21,20.3225023554591,20.651144977952566,20.295856801032375,20.55344009399414,126500,0.0,0.0
2006-08-22,20.517909668003906,21.22848593680984,20.384676829371227,21.104135513305664,447000,0.0,0.0
2006-08-23,21.255132201927072,21.31730741081169,20.615611895348398,21.00642967224121,230500,0.0,0.0
2006-08-24,20.83766550426546,21.05084005207111,20.828784784408533,21.024192810058594,129100,0.0,0.0
2006-08-25,21.0863700349759,21.095252449831413,20.668906701651252,21.033077239990234,102700,0.0,0.0
2006-08-28,20.57120088885478,20.784373753167323,20.38467526788655,20.517908096313477,96100,0.0,0.0
2006-08-29,20.517909248136924,20.615612424256234,19.647452913125324,20.437969207763672,448400,0.0,0.0
2006-08-30,20.349145561703413,20.42908559739893,19.816212555115712,20.30473518371582,288400,0.0,0.0
2006-08-31,20.056033762993447,20.464616378323413,19.833978472573172,20.01162338256836,165800,0.0,0.0
2006-09-01,20.029386059882818,20.38467587174248,19.984975680474047,20.37579345703125,123700,0.0,0.0
2006-09-05,20.224791932627877,20.411317523498195,19.98497186366856,20.18037986755371,107400,0.0,0.0
2006-09-06,20.0293862243483,20.0293862243483,19.247752358963112,19.585275650024414,411400,0.0,0.0
2006-09-07,19.105636815223296,19.540864968031773,18.759231114735343,19.141164779663086,500900,0.0,0.0
2006-09-08,18.83916870552849,19.24775129221874,18.759230365196117,19.043460845947266,508600,0.0,0.0
2006-09-11,18.661527688090167,18.661527688090167,18.03088975267356,18.26182746887207,443400,0.0,0.0
2006-09-12,17.99536017996336,19.36321983030314,17.853244935620197,18.075300216674805,405700,0.0,0.0
2006-09-13,18.643759711137225,19.26551512629513,18.492762064264433,18.945755004882812,182900,0.0,0.0
2006-09-14,19.061219862687622,19.44315512399473,18.386173463804052,18.625991821289062,363400,0.0,0.0
2006-09-15,18.457235681424244,18.457235681424244,17.675600138719652,18.084182739257812,880200,0.0,0.0
2006-09-18,17.764426543446895,18.501650177234033,17.764426543446895,18.31512451171875,637100,0.0,0.0
2006-09-19,18.31512451865849,18.688177543978135,17.59566402358991,17.693368911743164,521400,0.0,0.0
2006-09-20,17.320311866091856,17.746657597738754,16.56532357412505,16.84955406188965,460300,0.0,0.0
2006-09-21,16.920612981131384,17.32031319403739,16.867320184126406,16.991670608520508,612800,0.0,0.0
2006-09-22,16.876202784547473,17.258138171261354,16.7873803257993,16.796262741088867,329000,0.0,0.0
2006-09-25,16.849554255565906,16.849554255565906,15.996862782470894,16.254446029663086,399800,0.0,0.0
2006-09-26,15.845863616533196,17.142665532168888,15.845863616533196,17.098255157470703,373300,0.0,0.0
2006-09-27,17.240371704101562,17.542367018689266,16.87620118253651,17.240371704101562,309600,0.0,0.0
2006-09-28,17.293664062871034,17.489073787495514,16.698555863068577,16.787378311157227,982500,0.0,0.0
2006-09-29,16.74297120704186,16.9650265235964,16.529798306447216,16.72520637512207,360700,0.0,0.0
2006-10-02,16.79626104816454,16.831790705741707,15.677102246693545,15.899157524108887,468400,0.0,0.0
2006-10-03,15.508343487211834,15.59716595834609,15.090880075272867,15.259642601013184,639600,0.0,0.0
2006-10-04,15.11752743081108,15.41064040170505,14.211541268357813,15.170820236206055,886600,0.0,0.0
2006-10-05,15.552751833468097,16.165624873495684,15.463929383672498,15.899157524108887,1071000,0.0,0.0
2006-10-06,15.55275191403808,16.023509714490363,15.543869499597772,15.792572021484375,399600,0.0,0.0
2006-10-10,16.02351131009622,16.476502632629007,15.597163845242871,15.668221473693848,303200,0.0,0.0
2006-10-11,15.685985368403685,15.92580548542163,15.632692573782164,15.765925407409668,212300,0.0,0.0
2006-10-12,15.854751472557377,16.343272538514526,15.685988941310379,16.05904197692871,246800,0.0,0.0
2006-10-13,16.07680627770877,16.65414979856273,16.059041444661514,16.4232120513916,363800,0.0,0.0
2006-10-16,16.663026768877863,16.86731719970703,16.4320890971873,16.86731719970703,363400,0.0,0.0
2006-10-17,17.09826175306448,17.18708423087101,16.36103806732164,16.778501510620117,413400,0.0,0.0
2006-10-18,16.4320890971873,17.062725216915737,16.405441856325908,16.86731719970703,316300,0.0,0.0
2006-10-19,17.071610894163978,17.28478377936647,16.671912369714615,17.22260856628418,438500,0.0,0.0
2006-10-20,17.400250449030533,17.400250449030533,16.92949268415263,17.098255157470703,325000,0.0,0.0
2006-10-23,16.88507954750833,17.16042755272138,16.751846751059883,17.009429931640625,3526700,0.0,0.0
2006-10-24,16.929495424740654,17.249255595602197,16.840672966818286,17.18708038330078,1142800,0.0,0.0
2006-10-25,17.364725043437012,18.270711139828755,17.3380794897563,17.977598190307617,702700,0.0,0.0
2006-10-26,18.2973524811634,18.46611494130339,17.560129137369223,17.764419555664062,1999000,0.0,0.0
2006-10-27,17.782188384094837,17.897656391770607,17.40025300662142,17.58677864074707,824900,0.0,0.0
2006-10-30,17.675601636241982,17.764424095549227,17.46242875039309,17.63119125366211,279200,0.0,0.0
2006-10-31,17.346961458126856,17.755542416066973,17.0982589005888,17.49795913696289,290100,0.0,0.0
2006-11-01,17.062726037168176,17.755539085545305,16.21891703242587,16.3432674407959,942200,0.0,0.0
2006-11-02,16.36103650974613,16.876204799002398,15.952453828392429,16.183391571044922,704200,0.0,0.0
2006-11-03,16.130094905936904,17.08937361817025,16.130094905936904,16.787378311157227,387100,0.0,0.0
2006-11-06,16.876203590191544,17.693367200219352,16.654148279794285,17.49795913696289,536900,0.0,0.0
2006-11-07,17.542369521383314,17.879892847762214,17.471311889822097,17.49795913696289,631600,0.0,0.0
2006-11-08,17.711126771358252,17.853241992271798,17.471306700761488,17.764419555664062,483100,0.0,0.0
2006-11-09,17.871007514235977,18.27958836673388,17.728890593641996,18.235177993774414,599300,0.0,0.0
2006-11-10,18.208533591706527,18.332884010693455,17.844363055404187,18.137475967407227,243200,0.0,0.0
2006-11-13,17.89765693743635,18.297357157245205,17.338078323851448,17.63119125366211,322400,0.0,0.0
2006-11-14,17.586778175239495,18.05753599685156,17.418017375730138,17.933185577392578,392700,0.0,0.0
2006-11-15,17.98648010764651,18.563823574741452,17.7910720447652,18.341768264770508,347600,0.0,0.0
2006-11-16,18.403944218791587,18.697057171945854,18.119713681690193,18.20853614807129,325200,0.0,0.0
2006-11-17,17.80883493283407,18.199652747276026,16.885085737236537,17.89765739440918,606500,0.0,0.0
2006-11-20,17.853247010695394,18.17300550055923,17.853247010695394,17.89765739440918,249000,0.0,0.0
2006-11-21,17.897653890606627,18.945755004882812,17.817713860253544,18.945755004882812,198400,0.0,0.0
2006-11-22,18.8302859912766,18.8302859912766,17.99535777187764,18.430585861206055,417300,0.0,0.0
2006-11-23,18.208530609866223,18.510525887220165,18.173000956461234,18.430585861206055,83500,0.0,0.0
2006-11-24,18.430589812142507,18.87470041002546,18.315121802117833,18.652645111083984,69600,0.0,0.0
2006-11-27,18.66152953504983,18.963524909648548,18.217418889363202,18.44835662841797,222700,0.0,0.0
2006-11-28,18.226301933251907,18.74147023222385,18.226301933251907,18.5194149017334,287400,0.0,0.0
2006-11-29,18.82140894658384,19.67410054176173,18.55494155248005,19.41651725769043,321300,0.0,0.0
2006-11-30,19.540867642126535,20.571204164088673,19.540867642126535,20.260326385498047,409600,0.0,0.0
2006-12-01,20.251443454206,20.86431657992639,20.251443454206,20.41132354736328,315300,0.0,0.0
2006-12-04,20.553440405651198,20.553440405651198,20.00274414661147,20.171504974365234,83900,0.0,0.0
2006-12-05,20.30473673614009,20.349147117523128,19.984976568910337,20.064916610717773,192500,0.0,0.0
2006-12-06,19.94056561381581,20.04715120372751,19.54974783112897,19.807331085205078,244300,0.0,0.0
2006-12-07,19.57639769789467,19.984978670863686,19.57639769789467,19.869510650634766,111400,0.0,0.0
2006-12-08,19.8162151285396,20.189268112182617,19.762922329204184,20.189268112182617,649100,0.0,0.0
2006-12-11,19.94944572167792,20.198148247410828,19.81621289130747,19.931682586669922,239600,0.0,0.0
2006-12-12,19.896150445432824,20.047148086114984,19.452039936855538,19.469804763793945,249700,0.0,0.0
2006-12-13,19.425395361098005,19.52309852584625,19.00793037792442,19.167810440063477,390400,0.0,0.0
2006-12-14,19.274401779799124,19.567514724185582,19.274401779799124,19.398752212524414,363300,0.0,0.0
2006-12-15,19.229988028776507,19.718510689707614,18.80364227294922,18.80364227294922,243400,0.0,0.0
2006-12-18,18.652646055421314,19.00793421288554,18.279593066546987,18.53717803955078,256300,0.0,0.0
2006-12-19,18.430589812142507,19.4076334663145,18.430589812142507,18.652645111083984,793300,0.0,0.0
2006-12-20,18.64376254243121,19.629688603746544,18.572704915120486,19.06122589111328,173200,0.0,0.0
2006-12-21,19.354340891448356,19.354340891448356,18.501647652752908,18.67041015625,232800,0.0,0.0
2006-12-22,18.652640581848573,18.73258060558826,18.164119720458984,18.164119720458984,147400,0.0,0.0
2006-12-27,18.075083918365465,18.47576381290505,18.039468871239666,18.422340393066406,70500,0.05,0.0
2006-12-28,18.555899125167095,18.76959449514428,18.02165985107422,18.02165985107422,482200,0.0,0.0
2006-12-29,17.816866840137784,18.23535335114274,17.816866840137784,18.0928897857666,69600,0.0,0.0
2007-01-02,17.83467628399909,18.15521847624162,17.638787596090015,17.718923568725586,62100,0.0,0.0
2007-01-03,17.62988295008875,17.62988295008875,16.60592540218203,16.739484786987305,699400,0.0,0.0
2007-01-04,16.303192497003085,16.686064040068423,15.80456992148311,16.036073684692383,449000,0.0,0.0
2007-01-05,16.027169763830212,16.668255942995412,16.000457202835822,16.463464736938477,295100,0.0,0.0
2007-01-08,16.739485818919178,16.908661955861504,16.472367032841678,16.70387077331543,269800,0.0,0.0
2007-01-09,16.56140899658203,16.632640793841095,16.036073854933946,16.56140899658203,615500,0.0,0.0
2007-01-10,16.561407194300784,16.70387077331543,16.03607210982185,16.70387077331543,288900,0.0,0.0
2007-01-11,16.694965533637284,16.926469259499687,16.623733748625753,16.908660888671875,334700,0.0,0.0
2007-01-12,16.917565354554966,17.73673174491804,16.810716826116415,17.67440414428711,386800,0.0,0.0
2007-01-15,17.79015362691119,18.164120896769667,16.472364846762126,17.14016342163086,129900,0.0,0.0
2007-01-16,16.694964323133405,17.131259186982007,16.694964323133405,16.899755477905273,203800,0.0,0.0
2007-01-17,16.881946729546286,17.807961545073915,16.881946729546286,17.60317039489746,361100,0.0,0.0
2007-01-18,17.60317000753101,17.799056968828392,17.006603240966797,17.006603240966797,413400,0.0,0.0
2007-01-19,17.006605745999703,17.39838142460162,16.828525428917075,17.095645904541016,305700,0.0,0.0
2007-01-22,17.06002756545497,17.603170953263902,17.06002756545497,17.45180320739746,325100,0.0,0.0
2007-01-23,17.460709246574194,17.59426863692279,17.318245670429054,17.380573272705078,835500,0.0,0.0
2007-01-24,17.46961310894987,17.718923513438405,17.318245349810507,17.64769172668457,822400,0.0,0.0
2007-01-25,17.647689231094205,17.718921007775027,16.89085054242326,17.006603240966797,680200,0.0,0.0
2007-01-26,17.211396540890505,17.327147555622428,16.819620870959863,16.881948471069336,269700,0.0,0.0
2007-01-29,16.659349998631544,17.104549111774663,16.659349998631544,16.917566299438477,410400,0.0,0.0
2007-01-30,16.91756569515368,17.26482044754564,16.65044691612906,17.238109588623047,798800,0.0,0.0
2007-01-31,17.18468520598627,17.45180569468597,16.70387104360658,17.300437927246094,438800,0.0,0.0
2007-02-01,17.31824540384748,17.763444497023,17.31824540384748,17.718923568725586,385300,0.0,0.0
2007-02-02,17.80796390750108,20.033959395938712,17.80796390750108,19.27712059020996,943200,0.0,0.0
2007-02-05,19.40177532186413,19.74903003575591,18.600415677037567,18.992191314697266,755900,0.0,0.0
2007-02-06,19.170275607192707,19.526434580041865,18.920963477048325,18.965482711791992,639400,0.0,0.0
2007-02-07,18.974385143206085,19.67780053552732,18.85863412459995,19.588760375976562,397000,0.0,0.0
2007-02-08,19.749032213704044,19.749032213704044,19.286024745254227,19.44629669189453,164300,0.0,0.0
2007-02-09,19.44629467294626,19.989438058326133,19.401775447190364,19.927108764648438,572200,0.0,0.0
2007-02-12,19.855879156329056,19.944919315879815,19.588760375976562,19.588760375976562,447400,0.0,0.0
2007-02-13,19.7668388926024,19.7668388926024,19.490814253334882,19.73122215270996,335200,0.0,0.0
2007-02-14,19.766839668577692,20.47915751139323,19.766839668577692,20.033958435058594,398800,0.0,0.0
2007-02-15,19.81136213896491,19.882593934903348,19.588762564369798,19.775745391845703,384500,0.0,0.0
2007-02-16,19.757937523404216,20.630527395529356,19.74903333716214,20.48806381225586,423900,0.0,0.0
2007-02-19,20.621622768204944,20.790798906586115,20.256559631587574,20.61271858215332,78900,0.0,0.0
2007-02-20,20.59490927898305,20.701757808472223,20.033959169489247,20.505870819091797,321400,0.0,0.0
2007-02-21,20.470256933583745,21.111343105097593,20.212042306919834,20.924360275268555,903200,0.0,0.0
2007-02-22,21.2627063166961,21.2627063166961,20.772988030975277,20.933259963989258,544900,0.0,0.0
2007-02-23,20.888743527701116,21.191479088824323,20.84422429154182,20.924360275268555,383400,0.0,0.0
2007-02-26,20.924356058138834,21.76133077598829,20.924356058138834,21.458595275878906,295600,0.0,0.0
2007-02-27,21.013400445887143,21.271615072551054,20.92436027526855,20.924360275268555,230700,0.0,0.0
2007-02-28,19.677801870614285,21.013399259593083,19.677801870614285,20.746278762817383,1093100,0.0,0.0
2007-03-01,20.808606479547727,20.808606479547727,20.256558853646986,20.479158401489258,1202200,0.0,0.0
2007-03-02,20.47915697853036,20.586005501322365,19.766839154249162,20.42573356628418,327400,0.0,0.0
2007-03-05,20.033960633532047,20.550391550819988,20.033960633532047,20.220943450927734,265000,0.0,0.0
2007-03-06,20.479159767260303,20.790799494682936,20.25656020457269,20.46135139465332,755700,0.0,0.0
2007-03-07,20.47915708651365,21.280515067630336,20.470252901375726,21.19147491455078,183900,0.0,0.0
2007-03-08,21.235997482386452,21.280516713219,20.737374964202772,20.835317611694336,302900,0.0,0.0
2007-03-09,20.75518216237962,20.95107085891566,20.603814396101697,20.61271858215332,214100,0.0,0.0
2007-03-12,20.67504667912792,20.746278470939306,20.470255489957676,20.559295654296875,314500,0.0,0.0
2007-03-13,20.62161882505597,20.657235562452033,20.17641979740226,20.301074981689453,528000,0.0,0.0
2007-03-14,20.033960592843943,20.479159717129367,19.677801633075585,20.390119552612305,441700,0.0,0.0
2007-03-15,20.390117852204188,20.47915800929586,19.944918765045582,19.98053550720215,172400,0.0,0.0
2007-03-16,19.971631321663008,20.452445452678436,19.695608363148597,19.98053550720215,400800,0.0,0.0
2007-03-19,20.033961828872492,21.120247147761138,20.033961828872492,20.951072692871094,383100,0.0,0.0
2007-03-20,20.95106859855393,21.369555108031676,20.407925196102237,20.42573356628418,649300,0.0,0.0
2007-03-21,20.309984697367792,20.69285623715118,20.309984697367792,20.49696922302246,468500,0.0,0.0
2007-03-22,20.479158401489258,20.63943034766366,20.32779064102452,20.479158401489258,680700,0.0,0.0
2007-03-23,20.434636579631924,20.888738105135246,20.434636579631924,20.657236099243164,409600,0.0,0.0
2007-03-26,20.657240004899982,20.888742054562073,20.488063862485493,20.559295654296875,363900,0.0,0.0
2007-03-27,20.47915623303079,20.523675458565368,20.292173447826052,20.363405227661133,209200,0.0,0.0
2007-03-28,20.31888577065799,20.47915771143193,20.03395863074863,20.07847785949707,314800,0.0,0.0
2007-03-29,20.21203962339844,20.523677631737804,20.185327066269448,20.479158401489258,480300,0.0,0.0
2007-03-30,20.523676833190365,20.523676833190365,20.069575267764378,20.345598220825195,578700,0.0,0.0
2007-04-02,20.131906855967827,20.70176124572754,20.131906855967827,20.70176124572754,387600,0.0,0.0
2007-04-03,19.944919039787013,20.461349920072845,19.78464709447421,20.336694717407227,333900,0.0,0.0
2007-04-04,20.30107726831137,21.10243696698921,20.30107726831137,20.968875885009766,376900,0.0,0.0
2007-04-05,21.146956091555612,21.253804616954287,20.710661201252115,21.23599624633789,250200,0.0,0.0
2007-04-09,21.244900603613793,21.779138140032483,21.111339521209413,21.449691772460938,366900,0.0,0.0
2007-04-10,21.54763552686901,21.54763552686901,21.01339630669133,21.19147491455078,1020100,0.0,0.0
2007-04-11,21.146957939472937,21.218189729863376,20.942166754387898,21.164766311645508,682900,0.0,0.0
2007-04-12,21.244899747145578,22.108585314616846,21.200378822039035,21.86817741394043,741300,0.0,0.0
2007-04-13,21.903793386434895,22.42912839618493,21.903793386434895,22.144201278686523,551000,0.0,0.0
2007-04-16,22.30447353987817,22.30447353987817,21.707906696422718,21.87708282470703,499700,0.0,0.0
2007-04-17,22.099681985765717,22.11749035649825,21.146956229471176,21.20928382873535,509500,0.0,0.0
2007-04-18,21.325038710136,21.672293483256997,21.075726589410735,21.565444946289062,193900,0.0,0.0
2007-04-19,21.56544324733889,21.56544324733889,21.01339732834502,21.155860900878906,308400,0.0,0.0
2007-04-20,21.218189239501953,21.414076233973674,21.155861636638214,21.218189239501953,271500,0.0,0.0
2007-04-23,21.146958908770568,21.41407771040349,21.146958908770568,21.342845916748047,238100,0.0,0.0
2007-04-24,21.146960367896845,21.351751576499204,20.514778367872157,20.630529403686523,396100,0.0,0.0
2007-04-25,20.746277207030026,21.636675399577232,20.479158428585773,21.41407585144043,601700,0.0,0.0
2007-04-26,21.36955456690927,21.966121366500804,21.36955456690927,21.609962463378906,509300,0.0,0.0
2007-04-27,21.422982797028233,22.402421274668594,21.422982797028233,22.170917510986328,747300,0.0,0.0
2007-04-30,22.170912083358864,22.170912083358864,20.764083170231824,20.942163467407227,667000,0.0,0.0
2007-05-01,21.369556807746562,21.369556807746562,20.790798317196717,21.173669815063477,343400,0.0,0.0
2007-05-02,20.906546213671696,21.868176058472454,20.897642029202302,21.716808319091797,464500,0.0,0.0
2007-05-03,21.85927246288853,22.259952283307907,21.55653697597158,22.144201278686523,440200,0.0,0.0
2007-05-04,22.375706100382406,22.375706100382406,21.601060614604112,22.179819107055664,528200,0.0,0.0
2007-05-07,22.25995324935004,23.016791999487875,22.08187294403538,22.660633087158203,589900,0.0,0.0
2007-05-08,22.705158499119104,23.15035768537634,22.705158499119104,22.892141342163086,446600,0.0,0.0
2007-05-09,23.13254213890248,23.301718252757155,22.455839381783367,23.079118728637695,424200,0.0,0.0
2007-05-10,22.945560416370213,23.150351580451517,22.70515251159668,22.70515251159668,246300,0.0,0.0
2007-05-11,22.856519759621488,22.936655726114676,22.607207675164936,22.927751541137695,314900,0.0,0.0
2007-05-14,22.945560593445045,23.141447573864983,22.642825088423518,22.918848037719727,67000,0.0,0.0
2007-05-15,22.705154171578823,22.865426119812053,22.580498966641773,22.58940315246582,215100,0.0,0.0
2007-05-16,22.70515251159668,22.70515251159668,22.46474460682315,22.70515251159668,339800,0.0,0.0
2007-05-17,22.500361347515376,22.847616077766254,22.482552977169263,22.70515251159668,401500,0.0,0.0
2007-05-18,22.90994425246269,23.72020644231382,22.86542502377625,23.417470932006836,256800,0.0,0.0
2007-05-22,23.417471530285,23.666783632877827,23.266103771264305,23.506511688232422,203400,0.0,0.0
2007-05-23,23.68459129333496,24.209926341329325,23.426375012866675,23.68459129333496,380000,0.0,0.0
2007-05-24,23.551031909571922,24.17430959989934,23.551031909571922,23.68459129333496,451700,0.0,0.0
2007-05-25,23.72911062771105,23.880478382864542,23.150352163288773,23.417470932006836,363100,0.0,0.0
2007-05-28,23.58664963066754,23.818153381347656,23.31953083281351,23.818153381347656,45900,0.0,0.0
2007-05-29,23.711302969998883,23.720207155663893,22.5359776350137,22.54488182067871,356900,0.0,0.0
2007-05-30,22.242145765278995,22.696249033453032,22.037354594818076,22.52707290649414,405300,0.0,0.0
2007-05-31,22.53597833545817,23.052409231981716,22.455842360282123,22.776386260986328,382100,0.0,0.0
2007-06-01,22.998984519957613,23.515415387409906,22.580497994051356,22.69624900817871,313400,0.0,0.0
2007-06-04,21.992836160039634,23.301720899123698,21.992836160039634,22.90104103088379,230100,0.0,0.0
2007-06-05,22.518172386884594,23.132545951948682,22.438036409128433,22.838714599609375,300500,0.0,0.0
2007-06-06,22.749670933185772,22.945559603453734,22.170912503838704,22.571592330932617,299600,0.0,0.0
2007-06-07,22.402419774588274,22.562691730890236,21.200381800623425,21.565444946289062,272600,0.0,0.0
2007-06-08,21.850371446205948,21.850371446205948,20.99558833791565,21.23599624633789,319600,0.0,0.0
2007-06-11,21.44969546821112,21.44969546821112,20.755184173583984,20.755184173583984,425200,0.0,0.0
2007-06-12,20.64833576801351,20.737375932134416,20.123000667830038,20.48806381225586,579800,0.0,0.0
2007-06-13,20.47915860742379,21.173669815063477,20.47915860742379,21.173669815063477,560400,0.0,0.0
2007-06-14,21.120245673617024,21.40517453742338,21.066822254659524,21.351749420166016,617100,0.0,0.0
2007-06-15,21.458599747593617,21.458599747593617,20.755184263020915,20.897647857666016,877900,0.0,0.0
2007-06-18,20.746279934031374,21.146959852665027,20.630528901037206,20.924360275268555,807100,0.0,0.0
2007-06-19,20.746276686398335,20.89764444326475,20.479157914657478,20.532581329345703,481400,0.0,0.0
2007-06-20,20.523675534006543,20.746275059096853,20.256556783218013,20.265460968017578,419300,0.0,0.0
2007-06-21,20.27436517908292,20.425732924272413,19.65108582870275,19.927108764648438,511700,0.0,0.0
2007-06-22,19.92710967636528,20.06957494156143,19.51752734611285,19.74903106689453,282200,0.0,0.0
2007-06-25,19.375067356425042,19.642186169099013,18.876444780226972,18.983291625976562,904500,0.0,0.0
2007-06-26,18.698360520128237,18.87644082344931,18.2620656451212,18.60041618347168,864200,0.0,0.0
2007-06-27,18.636117670989595,19.79641342163086,18.609342728296443,19.79641342163086,393300,0.05,0.0
2007-06-28,20.16235410846673,20.16235410846673,19.537579289376467,19.814266204833984,678400,0.0,0.0
2007-06-29,19.707159604945556,20.073098575003197,19.359071731567383,19.359071731567383,597600,0.0,0.0
2007-07-03,19.35907296186494,19.635758168483285,19.189490937381393,19.457250595092773,928700,0.0,0.0
2007-07-04,19.412625171392705,20.037399995789603,19.412625171392705,19.484027862548828,162900,0.0,0.0
2007-07-05,19.582206421277725,19.93029431400193,19.367998356341726,19.78748893737793,1275100,0.0,0.0
2007-07-06,19.930291930021315,20.251604840178356,19.778561022710953,19.885665893554688,305900,0.0,0.0
2007-07-09,19.760709288032803,20.189127055176805,19.742859895447975,19.92136573791504,222600,0.0,0.0
2007-07-10,20.02847564801672,20.206981535427573,19.5911339256545,19.66253662109375,676900,0.0,0.0
2007-07-11,19.54650444524806,19.903517890813784,19.54650444524806,19.769638061523438,206700,0.0,0.0
2007-07-12,19.769637076027795,20.22482983482361,19.67145944737527,20.09095001220703,3099900,0.0,0.0
2007-07-13,20.20698147186881,20.840681881476645,20.20698147186881,20.537220001220703,1837500,0.0,0.0
2007-07-16,20.617547123311173,20.617547123311173,20.162354327716866,20.23375701904297,529600,0.0,0.0
2007-07-17,20.260533297289154,20.528292959286606,20.082025721041244,20.126651763916016,586100,0.0,0.0
2007-07-18,19.849964652817686,20.706798553466797,19.849964652817686,20.706798553466797,353600,0.0,0.0
2007-07-19,20.840682888580666,21.063816534705996,20.555072093920185,20.653249740600586,1247300,0.0,0.0
2007-07-20,20.52829202901388,20.555068674949965,20.055248165055758,20.26053237915039,828200,0.0,0.0
2007-07-23,20.08202466097745,20.358709857419438,19.573280308612578,19.635757446289062,371700,0.0,0.0
2007-07-24,19.287667885118008,19.41262214959706,18.564713834527055,19.05560874938965,761400,0.0,0.0
2007-07-25,18.96635679971604,19.064536132615533,18.341582012422716,18.743223190307617,1113200,0.0,0.0
2007-07-26,18.30588286227754,18.680747421662467,17.279468524220423,17.71681022644043,1802700,0.0,0.0
2007-07-27,17.627552389414053,18.520086687612235,17.40441881486451,17.85961151123047,308800,0.0,0.0
2007-07-30,18.163073070523588,18.69859398289173,17.85068572977767,17.939939498901367,345600,0.0,0.0
2007-07-31,17.7614346837184,18.4397610497313,17.422272351899103,17.948867797851562,616600,0.0,0.0
2007-08-01,17.67217758748302,18.073818683624268,17.63647710247824,17.850685119628906,681600,0.0,0.0
2007-08-02,17.975642940647294,17.975642940647294,17.44904748884711,17.493675231933594,878300,0.0,0.0
2007-08-03,17.493670191106396,17.529370672914105,17.092029130933174,17.190208435058594,654700,0.0,0.0
2007-08-07,16.690395105198476,16.770723342895508,16.511887532010768,16.770723342895508,818300,0.0,0.0
2007-08-08,16.556517890212984,18.073827550730407,16.520817387693366,17.466903686523438,535700,0.0,0.0
2007-08-09,17.466901445794456,17.850691587301373,16.958157007936304,17.672183990478516,635200,0.0,0.0
2007-08-10,17.252689433510486,17.78821040000516,17.074181877220855,17.627553939819336,677400,0.0,0.0
2007-08-13,17.761437528096963,18.029198919399683,17.654334333475543,17.752511978149414,310300,0.0,0.0
2007-08-14,17.984569896412037,17.984569896412037,17.48475105135695,17.71681022644043,287900,0.0,0.0
2007-08-15,17.54722859393137,17.814988270002747,17.315169413561403,17.36872100830078,587900,0.0,0.0
2007-08-16,17.18128989636838,17.42227463075746,16.73502262633284,17.16343879699707,454300,0.0,0.0
2007-08-17,17.97564001729499,17.97564001729499,16.529735423924926,17.047405242919922,466100,0.0,0.0
2007-08-20,16.55651382214106,17.33301956405313,16.55651382214106,16.69039535522461,358600,0.0,0.0
2007-08-21,16.610070300415227,16.6457708010066,16.315533935443785,16.351234436035156,343900,0.0,0.0
2007-08-22,16.511886894529496,16.958154107895158,16.511886894529496,16.80642318725586,280200,0.0,0.0
2007-08-23,16.77964716142033,16.958154734310188,16.538664151105714,16.833200454711914,341000,0.0,0.0
2007-08-24,16.779646164921424,16.958153727210192,16.431558291070036,16.699317932128906,186000,0.0,0.0
2007-08-27,16.726093613665018,17.065257622001017,16.404780701004427,17.0206298828125,105200,0.0,0.0
2007-08-28,16.895677402018116,16.99385673622642,16.074545640353826,16.3333797454834,325800,0.0,0.0
2007-08-29,16.45833239703474,17.011702690485627,16.28875040925991,16.815345764160156,775100,0.0,0.0
2007-08-30,16.859974554475475,16.984930530189146,16.51188667738762,16.82427406311035,315400,0.0,0.0
2007-08-31,16.868899699640345,16.958153479480885,16.58328896605002,16.779645919799805,380500,0.0,0.0
2007-09-04,16.53866816372382,16.77965123250584,16.10132637664745,16.75287628173828,502600,0.0,0.0
2007-09-05,16.529738877423878,16.877826777742523,16.511887779362816,16.69039535522461,934200,0.0,0.0
2007-09-06,16.735022724622855,16.940305261475004,16.51188908829455,16.60114288330078,453200,0.0,0.0
2007-09-07,16.511888800762694,16.958156065648172,16.511888800762694,16.743947982788086,448500,0.0,0.0
2007-09-10,16.663617023893085,16.797496841070604,16.511886110458764,16.672542572021484,558500,0.0,0.0
2007-09-11,16.511888800762694,16.743947982788086,16.511888800762694,16.743947982788086,606300,0.0,0.0
2007-09-12,16.735017901614963,17.199136139989527,16.64576413233154,17.047405242919922,648900,0.0,0.0
2007-09-13,17.00278111980249,18.145225864151392,17.00278111980249,17.877466201782227,557100,0.0,0.0
2007-09-14,17.850688609257162,18.11844825744629,17.850688609257162,18.11844825744629,470500,0.0,0.0
2007-09-17,18.029196032140874,18.109524266430185,17.89531450674248,17.948867797851562,250500,0.0,0.0
2007-09-18,17.850688337214645,17.984568159268896,17.725734063613917,17.76143455505371,479800,0.0,0.0
2007-09-19,17.716805321706488,18.645040062692715,17.716805321706488,17.850685119628906,453700,0.0,0.0
2007-09-20,17.556150549211328,17.70788145522138,17.065257342788644,17.22591209411621,488300,0.0,0.0
2007-09-21,17.127736520617827,17.404421722620302,17.127736520617827,17.35087013244629,328700,0.0,0.0
2007-09-24,17.350868445023217,17.395494482099153,17.136660402785175,17.333017349243164,153500,0.0,0.0
2007-09-25,17.1455887963128,18.29695924392394,17.056336698486056,17.77928924560547,452200,0.0,0.0
2007-09-26,17.672180659176046,18.24340383990574,17.493674798377125,18.02919578552246,402400,0.0,0.0
2007-09-27,17.76143576660062,18.33265898997041,17.636481484476484,18.314807891845703,365400,0.0,0.0
2007-09-28,18.180928819678275,18.689673220850693,18.073823928833008,18.073823928833008,308800,0.0,0.0
2007-10-01,18.180931020367485,18.73430153332239,17.96672121274818,18.61827278137207,585900,0.0,0.0
2007-10-02,18.600415222945422,18.74322057686494,18.154148066353397,18.279102325439453,449000,0.0,0.0
2007-10-03,18.29695434640007,18.341580383368445,17.413345535907602,17.457971572875977,474000,0.0,0.0
2007-10-04,17.600783348856734,17.600783348856734,16.690399265331674,16.8599796295166,754200,0.0,0.0
2007-10-05,16.770723594124977,16.80642408787269,16.592216018263183,16.69039535522461,965500,0.0,0.0
2007-10-09,16.681467400825166,16.967078119121133,16.601139173507654,16.91352653503418,699400,0.0,0.0
2007-10-10,16.824271311135043,17.00277714351074,16.690391511259765,16.815345764160156,655900,0.0,0.0
2007-10-11,16.868900053439344,17.109884753350805,16.7528713288751,16.949228286743164,276000,0.0,0.0
2007-10-12,17.011708967430025,17.44012686843127,17.011708967430025,17.4044246673584,137400,0.0,0.0
2007-10-15,17.4133466772378,17.823911691854075,17.4133466772378,17.76143455505371,498500,0.0,0.0
2007-10-16,17.627557393121407,18.00242197286758,17.58293134649371,17.89531707763672,287400,0.0,0.0
2007-10-17,17.734660324549306,19.002059315503693,17.734660324549306,18.975282669067383,539000,0.0,0.0
2007-10-18,18.975285605194973,19.15379150193492,18.74322640729588,19.028837203979492,575500,0.0,0.0
2007-10-19,19.046685891473224,19.18949127172401,18.52901596247053,18.75214958190918,867000,0.0,0.0
2007-10-22,18.743224842668607,18.82355308532715,18.511165664141107,18.82355308532715,474600,0.0,0.0
2007-10-23,18.56472075429838,19.01098809649185,18.56472075429838,18.903884887695312,254700,0.0,0.0
2007-10-24,18.743225903821312,19.09131384013241,18.671823206568405,18.81462860107422,384600,0.0,0.0
2007-10-25,18.966359319888305,19.23411900580749,18.439763795522616,18.83247947692871,420700,0.0,0.0
2007-10-26,18.83247730496504,19.41262435913086,18.02027108865802,19.41262435913086,230900,0.0,0.0
2007-10-29,18.30588198098799,18.86817794180786,18.30588198098799,18.645044326782227,342600,0.0,0.0
2007-10-30,18.66289480478842,18.74322303972002,18.11844825744629,18.11844825744629,633100,0.0,0.0
2007-10-31,17.8596106664736,18.118444715473743,17.252687100026378,17.850685119628906,716900,0.0,0.0
2007-11-01,17.672182479862183,17.85069006142623,17.270542974904775,17.71681022644043,427400,0.0,0.0
2007-11-02,17.806057493199585,17.85068352105268,17.190208435058594,17.190208435058594,231700,0.0,0.0
2007-11-05,16.74394585439777,16.949228361580918,16.51188670187035,16.761796951293945,304700,0.0,0.0
2007-11-06,16.779645021255554,17.10988347826912,16.779645021255554,16.91352653503418,107300,0.0,0.0
2007-11-07,16.779650304054346,16.958157910376613,16.556516647338867,16.556516647338867,353100,0.0,0.0
2007-11-08,16.565440873079357,16.815351161469135,16.51188927641532,16.645769119262695,241900,0.0,0.0
2007-11-09,16.511884077981954,16.815345867496948,16.333376542135237,16.422630310058594,415100,0.0,0.0
2007-11-12,16.333381362446815,16.556514996919447,16.333381362446815,16.476186752319336,110500,0.0,0.0
2007-11-13,16.60114009190623,16.895676374239883,16.15487289428711,16.15487289428711,326500,0.0,0.0
2007-11-14,16.16379628034319,16.38692984930486,15.84248339627869,15.913886070251465,174200,0.0,0.0
2007-11-15,16.18164725439858,16.37800590380541,15.976364759449803,16.003141403198242,597800,0.0,0.0
2007-11-16,16.083472521774446,16.351232197870225,15.726459052855239,16.181650161743164,2585200,0.0,0.0
2007-11-19,16.199500298403514,16.199500298403514,14.949952380232126,15.306965827941895,383300,0.0,0.0
2007-11-20,15.298041523111449,15.601503403938299,15.048132940577247,15.164161682128906,356100,0.0,0.0
2007-11-21,15.039205475473532,15.173085299405184,14.610789357942517,14.726818084716797,392000,0.0,0.0
2007-11-22,14.628638243719713,14.949951171875,14.441206837211972,14.949951171875,34000,0.0,0.0
2007-11-23,14.726816380188389,15.440843160096357,14.726816380188389,15.092755317687988,51500,0.0,0.0
2007-11-26,14.878549076438008,15.931739980482254,14.869623527816948,15.539024353027344,255900,0.0,0.0
2007-11-27,15.440845008574037,15.539024340955072,14.575087221495961,14.842846870422363,369700,0.0,0.0
2007-11-28,14.816071783471617,15.521173093415737,14.816071783471617,15.17308521270752,270700,0.0,0.0
2007-11-29,15.10168435283066,15.244489741791861,14.78037137648069,14.923176765441895,482900,0.0,0.0
2007-11-30,15.03920652543066,15.708607394197239,14.941027186585075,15.21771240234375,307300,0.0,0.0
2007-12-03,14.325176240535534,15.262338368973133,14.325176240535534,15.146307945251465,204000,0.0,0.0
2007-12-04,15.146310975809767,15.503326164195341,14.967805083991564,15.208789825439453,675700,0.0,0.0
2007-12-05,15.119533573504707,15.521173041665598,14.816071734072404,15.298039436340332,770800,0.0,0.0
2007-12-06,15.351595296872853,15.351595296872853,15.128461654199553,15.262341499328613,269200,0.0,0.0
2007-12-07,15.414072295850257,15.467623892910728,15.128461508361648,15.333744049072266,364600,0.0,0.0
2007-12-10,15.244487118285152,15.440844068721042,14.79821992898831,14.976727485656738,438600,0.0,0.0
2007-12-11,14.949951606638292,15.414069915832123,14.914249412527544,15.17308521270752,1349900,0.0,0.0
2007-12-12,15.208787973362885,15.467622080810411,15.021354852047994,15.324816703796387,547000,0.0,0.0
2007-12-13,15.262341873296242,15.904966167086481,15.137385872722719,15.860340118408203,276000,0.0,0.0
2007-12-14,15.824635185199165,15.824635185199165,15.37836796597274,15.592576026916504,160300,0.0,0.0
2007-12-17,15.530102729797363,15.699684791712397,15.262343012983953,15.530102729797363,295900,0.0,0.0
2007-12-18,15.530101366694407,15.744309461818684,15.485475318600662,15.681832313537598,366300,0.0,0.0
2007-12-19,15.663982093328425,15.699684295708805,15.530102239151415,15.628281593322754,237000,0.0,0.0
2007-12-20,15.619351985902094,15.708605766296388,15.619351985902094,15.708605766296387,193300,0.0,0.0
2007-12-21,15.717530541243095,17.038480978487907,15.663977254216874,17.0206298828125,2340400,0.0,0.0
2007-12-24,17.359794302245437,17.359794302245437,16.886750469890114,17.065258026123047,45900,0.0,0.0
2007-12-27,17.145797658981444,17.450055167682947,16.99366890463069,17.253183364868164,89100,0.05,0.0
2007-12-28,17.19948938999901,17.655875645926468,17.110003294467944,17.360567092895508,119300,0.0,0.0
2007-12-31,17.41426156048184,17.423210512671254,17.20844078063965,17.20844078063965,235000,0.0,0.0
2008-01-02,17.226337732292524,17.700621931071876,17.17264572896366,17.45900535583496,562500,0.0,0.0
2008-01-03,17.584288857287714,17.584288857287714,17.342672260184113,17.450057983398438,360400,0.0,0.0
2008-01-04,17.48585193245105,17.49479917716503,16.904182029439223,17.00261878967285,331200,0.0,0.0
2008-01-07,16.904181227499073,16.913130178626496,15.919820499213126,16.25092315673828,535100,0.0,0.0
2008-01-08,16.268819472090637,16.65361579884631,16.036151885986328,16.036151885986328,492000,0.0,0.0
2008-01-09,16.197230008379126,16.197230008379126,15.454484185844926,15.96456241607666,312400,0.0,0.0
2008-01-10,15.660301749498725,15.955610228501488,15.59766081559472,15.731891632080078,590100,0.0,0.0
2008-01-11,15.758744461703927,16.376206793354378,15.50817892411079,16.188283920288086,388900,0.0,0.0
2008-01-14,16.259869631477248,16.573076045883923,15.919818074614735,16.510435104370117,831100,0.0,0.0
2008-01-15,16.16143558887344,16.95787518249341,16.16143558887344,16.59097671508789,285800,0.0,0.0
2008-01-16,16.447793652369977,16.456742602785383,15.320253209433076,15.570816993713379,1077900,0.0,0.0
2008-01-17,15.633459785850995,16.313564736191736,14.604354262286732,14.953354835510254,445700,0.0,0.0
2008-01-18,14.067429556563216,14.067429556563216,12.528244939343683,12.975682258605957,2740100,0.0,0.0
2008-01-21,12.483500380565786,12.841450729212104,11.91078118820194,12.56403923034668,271700,0.0,0.0
2008-01-22,12.304523904325544,12.930935859680176,12.304523904325544,12.930935859680176,1039400,0.0,0.0
2008-01-23,12.93093866415342,12.93093866415342,11.651268480892359,12.170295715332031,920700,0.0,0.0
2008-01-24,12.608783231695355,12.653527132312242,12.179242980559732,12.483500480651855,641100,0.0,0.0
2008-01-25,12.841449548790466,12.966731433894342,12.367165444438022,12.501397132873535,1411200,0.0,0.0
2008-01-28,12.501399476196399,12.501399476196399,12.08080813906425,12.4298095703125,248200,0.0,0.0
2008-01-29,12.188191578497936,12.510346117458539,12.080806732177734,12.080806732177734,1129200,0.0,0.0
2008-01-30,12.000270745183915,12.331374313634209,11.874988821316782,12.277682304382324,1686100,0.0,0.0
2008-01-31,11.910782030896833,12.313475454873188,11.848140224735905,12.197141647338867,1187400,0.0,0.0
2008-02-01,12.232936056927768,13.262041522945152,12.232936056927768,13.190451622009277,1619300,0.0,0.0
2008-02-04,13.333631456935413,13.825812667153874,12.877246050692564,13.21729850769043,737300,0.0,0.0
2008-02-05,12.868296694032463,12.886193742037136,12.456654348898056,12.617732048034668,1144900,0.0,0.0
2008-02-06,12.796706561064639,13.172553949894791,12.608782866649562,12.751962661743164,874900,0.0,0.0
2008-02-07,12.680373210167005,13.17255441317552,12.590885408376757,13.074117660522461,965600,0.0,0.0
2008-02-08,13.029373587482572,13.772119382254528,13.029373587482572,13.602092742919922,548800,0.0,0.0
2008-02-11,13.512606197360386,13.968991574361791,13.512606197360386,13.807914733886719,668600,0.0,0.0
2008-02-12,13.915297987695222,14.819120541359425,13.816861251161779,14.568556785583496,1618500,0.0,0.0
2008-02-13,14.684890153067311,15.400789057882013,14.577506170763916,15.33814811706543,793000,0.0,0.0
2008-02-14,15.5171259697565,15.552920066821818,15.033892858090633,15.123380661010742,618400,0.0,0.0
2008-02-15,15.007045140449444,15.43658447265625,15.007045140449444,15.43658447265625,245800,0.0,0.0
2008-02-19,15.651352300611869,15.794532061198622,15.212864070460265,15.687148094177246,493600,0.0,0.0
2008-02-20,15.642407484128524,15.884024034005176,15.373945788824132,15.696101188659668,1064100,0.0,0.0
2008-02-21,15.884025041547076,15.884025041547076,15.499228668854965,15.561869621276855,614500,0.0,0.0
2008-02-22,15.40079242713474,16.00035853114907,15.40079242713474,15.884025573730469,879800,0.0,0.0
2008-02-25,15.615558007998974,16.886279646580487,15.615558007998974,16.823637008666992,563900,0.0,0.0
2008-02-26,16.55517786226909,17.611130020632167,16.55517786226909,16.948923110961914,1088300,0.0,0.0
2008-02-27,16.68940688058971,16.993664306973994,16.331457469207443,16.34040641784668,687200,0.0,0.0
2008-02-28,16.233023733075203,16.465691320068196,15.248663097046522,15.928766250610352,1396400,0.0,0.0
2008-02-29,15.705048671160169,16.027204075889728,14.711739017973798,15.40079116821289,827700,0.0,0.0
2008-03-03,15.311305946934421,15.543973562870933,15.203920236949125,15.508177757263184,584800,0.0,0.0
2008-03-04,15.606612781267215,15.606612781267215,14.559609479339887,14.675942420959473,832300,0.0,0.0
2008-03-05,14.532763305660167,15.078637358091703,14.34484045885853,14.944406509399414,1042100,0.0,0.0
2008-03-06,15.159175740365754,15.159175740365754,14.675942651796504,14.765430450439453,543900,0.0,0.0
2008-03-07,14.675943979639198,14.944407399857944,14.568559977022057,14.890713691711426,235800,0.0,0.0
2008-03-10,14.989147529949063,14.989147529949063,14.416428409321135,14.801224708557129,407600,0.0,0.0
2008-03-11,14.944406509399412,15.20391925595946,14.783328808233527,14.944406509399414,426900,0.0,0.0
2008-03-12,14.944405859167588,15.776637767584472,14.944405859167588,15.597663879394531,984400,0.0,0.0
2008-03-13,15.597664301600204,16.01825474241099,15.329200901791728,15.973511695861816,540100,0.0,0.0
2008-03-14,16.107738705688185,16.510432856065353,15.43658292628451,16.170379638671875,1071800,0.0,0.0
2008-03-17,15.624512106066573,16.10774528386481,15.03389491553858,16.027206420898438,1375600,0.0,0.0
2008-03-18,15.67820391208927,16.85943814945363,15.67820391208927,16.698360443115234,1215100,0.0,0.0
2008-03-19,16.75205065999081,17.092103938698774,16.48358898255839,16.64466667175293,1824600,0.0,0.0
2008-03-20,16.385153270549033,16.957874168993225,15.821383029666247,16.7878475189209,1408200,0.0,0.0
2008-03-24,16.913128704331783,17.63797661409004,16.56412817497369,17.548490524291992,829700,0.0,0.0
2008-03-25,17.45005275567603,18.702876714716005,17.05630749763341,18.693927764892578,1022000,0.0,0.0
2008-03-26,18.604444353944455,19.2666513745039,18.604444353944455,18.881855010986328,1126900,0.0,0.0
2008-03-27,18.631289650490892,18.846059358334145,18.46126299171743,18.60444450378418,875200,0.0,0.0
2008-03-28,18.604442195787666,18.604442195787666,17.915388401831596,18.541799545288086,371100,0.0,0.0
2008-03-31,18.541798376551917,19.230852127075195,18.452312295154165,19.230852127075195,549700,0.0,0.0
2008-04-01,19.195058713978693,19.195058713978693,18.398619248070027,18.693927764892578,719000,0.0,0.0
2008-04-02,18.702875673150157,18.783414510238146,18.523901807161614,18.774465560913086,837500,0.0,0.0
2008-04-03,18.34492771881286,18.935544767359332,18.34492771881286,18.87290382385254,1043600,0.0,0.0
2008-04-04,18.658133466295883,20.03623929396284,18.658133466295883,20.02729034423828,760800,0.0,0.0
2008-04-07,20.02729422843955,21.05640145746513,19.902012321673155,20.644758224487305,920600,0.0,0.0
2008-04-08,20.26890655170351,21.145883129047455,20.22416351061279,20.79688262939453,1203900,0.0,0.0
2008-04-09,20.796888057913478,21.11009454781624,20.483681568010713,20.564220428466797,549100,0.0,0.0
2008-04-10,20.224164277319428,20.877422260299838,20.215215327394503,20.761089324951172,707000,0.0,0.0
2008-04-11,20.564216323712902,21.002704639316374,19.93780517578125,19.93780517578125,348100,0.0,0.0
2008-04-14,19.910955233224605,20.73423974260222,19.758826518225344,20.573162078857422,563000,0.0,0.0
2008-04-15,20.635810442837517,20.85058016954256,20.55527158196837,20.7342472076416,800600,0.0,0.0
2008-04-16,20.743191425101323,20.98480795256126,20.71634457532655,20.761089324951172,819500,0.0,0.0
2008-04-17,20.57316505903467,21.092192213598747,20.57316505903467,20.9400634765625,383200,0.0,0.0
2008-04-18,20.99375619268015,20.99375619268015,20.528422722348267,20.850576400756836,746600,0.0,0.0
2008-04-21,20.886374463310766,22.148147583007812,20.886374463310766,22.148147583007812,823700,0.0,0.0
2008-04-22,21.79914882138073,21.83494292278255,20.91322304950012,21.414352416992188,1262200,0.0,0.0
2008-04-23,21.3785553972635,21.3785553972635,19.588806050804592,19.919910430908203,859700,0.0,0.0
2008-04-24,19.69618916369482,20.528422773079324,19.687240213322777,20.009395599365234,398300,0.0,0.0
2008-04-25,20.152574081299882,20.54631763104151,20.018343248122616,20.197317123413086,642100,0.0,0.0
2008-04-28,20.134679638609594,21.924428939819336,20.134679638609594,21.924428939819336,433400,0.0,0.0
2008-04-29,21.34275586249975,21.468037738658005,20.134675019936076,20.331546783447266,450400,0.0,0.0
2008-04-30,20.349447712332108,21.092193544288882,20.304704666137695,20.304704666137695,466400,0.0,0.0
2008-05-01,20.58211327929747,20.67160106970542,19.91990636121885,20.02729034423828,488600,0.0,0.0
2008-05-02,20.13467481557875,20.268905639648438,19.687237597454782,20.268905639648438,946200,0.0,0.0
2008-05-05,19.910961504748137,20.107833318648016,19.64249978517212,19.696191787719727,590800,0.0,0.0
2008-05-06,19.46352240971325,20.188370352574182,18.70287866382815,19.8662166595459,2159000,0.0,0.0
2008-05-07,20.089932928206508,20.089932928206508,19.025031810108853,19.35613441467285,1772000,0.0,0.0
2008-05-08,19.060830993042085,19.731987037963822,18.855010215573895,19.508268356323242,900000,0.0,0.0
2008-05-09,19.508266305907632,20.0809872313616,19.168214696563822,19.723037719726562,668000,0.0,0.0
2008-05-12,19.561960068585282,20.063089386303897,19.311394556307018,19.839370727539062,404200,0.0,0.0
2008-05-13,19.64250080265572,19.89306463208244,19.195063442293065,19.49932098388672,685300,0.0,0.0
2008-05-14,19.51721782670713,19.553013636002497,18.792369756857312,18.899755477905273,612100,0.0,0.0
2008-05-15,18.944498389662666,19.09662716434319,18.64024084030162,18.953447341918945,996300,0.0,0.0
2008-05-16,19.033982126773896,19.731983184814453,18.953443280563405,19.731983184814453,678600,0.0,0.0
2008-05-20,19.490372818770435,19.633552643320233,18.85501085384733,19.186115264892578,530100,0.0,0.0
2008-05-21,19.186112507262944,19.624600870277316,19.01608584998377,19.105573654174805,703100,0.0,0.0
2008-05-22,18.95344748501019,19.23085817969674,18.801318709181153,18.899755477905273,443800,0.0,0.0
2008-05-23,18.837107259195548,19.41877704092479,18.792364217602973,19.132415771484375,403800,0.0,0.0
2008-05-26,19.239801792675923,19.937804518685724,19.01608316717969,19.14136505126953,565300,0.0,0.0
2008-05-27,19.069775214295536,19.1503140562531,18.765517746197542,18.97134017944336,521400,0.0,0.0
2008-05-28,18.97134104403685,19.374033565339197,18.649185661524783,19.275598526000977,331000,0.0,0.0
2008-05-29,19.078725618019234,19.195060268306406,18.81026392892818,19.016084671020508,444800,0.0,0.0
2008-05-30,18.971344555513554,19.57091068014375,18.935548747792083,19.15926742553711,620300,0.0,0.0
2008-06-02,19.159265838703615,20.22416713448597,18.953445081866075,20.17942237854004,291800,0.0,0.0
2008-06-03,19.973598799934567,20.895320160149687,19.973598799934567,20.761089324951172,687600,0.0,0.0
2008-06-04,20.582114323974206,21.199578231607994,20.582114323974206,20.72529411315918,446700,0.0,0.0
2008-06-05,20.635807169790496,21.7812472373771,20.635807169790496,21.47698974609375,785700,0.0,0.0
2008-06-06,21.611220122175883,21.88863075580162,20.993756202445788,21.29801368713379,604700,0.0,0.0
2008-06-09,21.29801564309282,21.790197716742014,21.154835837953616,21.575428009033203,663300,0.0,0.0
2008-06-10,21.611220122175883,21.736503720295374,21.029552003862143,21.29801368713379,464900,0.0,0.0
2008-06-11,21.02954815356917,21.691754996988728,20.877419439078363,21.512781143188477,973200,0.0,0.0
2008-06-12,21.512788731511552,21.70966055218673,20.600016122599463,20.89532470703125,838700,0.0,0.0
2008-06-13,21.074293367884238,21.16378115744972,20.653702975815374,20.74319076538086,435900,0.0,0.0
2008-06-16,21.101141890041507,21.101141890041507,20.537371672698193,20.850576400756836,598600,0.0,0.0
2008-06-17,20.850577402742253,22.81930219655251,20.850577402742253,22.783506393432617,1483100,0.0,0.0
2008-06-18,22.515044574882488,23.7052277127378,22.29132592711391,22.550840377807617,685200,0.0,0.0
2008-06-19,22.595586341830085,23.08776674772879,22.300277756923254,22.416610717773438,395900,0.0,0.0
2008-06-20,22.416607832966207,22.864045128688787,21.9960173894486,22.103403091430664,376500,0.0,0.0
2008-06-23,22.20183824743708,22.99827779847629,22.148146249595083,22.783506393432617,390800,0.0,0.0
2008-06-24,22.792456660194446,22.80140561149111,21.691761253273828,22.031814575195312,488500,0.0,0.0
2008-06-25,21.924427773454543,22.09445442593879,21.002706317904828,21.387502670288086,701100,0.0,0.0
2008-06-26,21.477181088628445,21.970393315629103,21.414407099548374,21.71033477783203,569500,0.05,0.0
2008-06-27,21.71033126020456,22.750563532432373,21.575819011945732,22.29322052001953,284000,0.0,0.0
2008-06-30,22.28425257227031,22.965783228020925,22.113869480728653,22.732627868652344,403100,0.0,0.0
2008-07-02,22.329092987119026,22.607085236397353,21.961425322146187,22.203548431396484,1800100,0.0,0.0
2008-07-03,21.835877430012754,22.302188152041282,21.71033118305675,21.961421966552734,529600,0.0,0.0
2008-07-04,21.620658123290774,22.086967148530007,21.432339602561633,21.97039031982422,85000,0.0,0.0
2008-07-07,21.970388125702822,22.23941260225935,20.6342300326957,20.80461311340332,1077800,0.0,0.0
2008-07-08,20.275538537405815,20.62527084350586,19.818195369973736,20.62527084350586,516600,0.0,0.0
2008-07-09,20.62526751731864,21.513050566075,20.132055282592773,20.132055282592773,1121500,0.0,0.0
2008-07-10,20.01547401315945,20.625264722087753,19.90786489418158,20.149986267089844,559600,0.0,0.0
2008-07-11,20.939125070544325,21.091572727990442,19.728511521462323,19.86302375793457,652000,0.0,0.0
2008-07-14,19.81818656020111,20.59835854398645,19.522258961107386,19.71954345703125,913500,0.0,0.0
2008-07-15,19.710579211771588,19.728514635576534,18.93937480273658,19.549163818359375,900900,0.0,0.0
2008-07-16,19.549159339899592,19.934762311288516,18.777955107537508,19.92579460144043,408600,0.0,0.0
2008-07-17,20.508689126592376,20.661136813005594,18.724153740172135,19.280139923095703,533400,0.0,0.0
2008-07-18,19.961670382581392,19.970638094649544,18.822796606169067,19.746450424194336,530600,0.0,0.0
2008-07-21,19.746450671546707,21.288861247849574,19.62090441143614,20.858421325683594,333300,0.0,0.0
2008-07-22,21.109508999736235,21.647557967310096,21.100541288887875,21.17228126525879,904500,0.0,0.0
2008-07-23,20.94809543779504,21.055704556454124,19.56709863514671,19.59400177001953,695500,0.0,0.0
2008-07-24,19.907863802831358,19.907863802831358,18.47306251525879,18.47306251525879,860000,0.0,0.0
2008-07-25,18.464095267142905,19.127690515823485,18.204036768251513,18.50893211364746,598800,0.0,0.0
2008-07-28,18.40132457118626,19.163562999847642,18.087461487570845,18.114364624023438,863300,0.0,0.0
2008-07-29,18.114361483835076,18.177133747593125,17.3879923192796,17.71082305908203,438300,0.0,0.0
2008-07-30,17.710825890929193,19.23530272773261,17.665989041194578,19.109756469726562,505900,0.0,0.0
2008-07-31,19.280138778686524,20.176889419555664,18.74208805208182,20.176889419555664,899000,0.0,0.0
2008-08-01,20.176895390386168,20.777718565983218,18.83176903102709,20.62527084350586,696000,0.0,0.0
2008-08-05,19.728513628698103,19.728513628698103,18.912470701798874,19.145626068115234,945700,0.0,0.0
2008-08-06,19.190464511602713,19.54916444715846,18.679316889633746,19.280139923095703,494100,0.0,0.0
2008-08-07,19.64780533698347,19.88096069619014,18.544802519149464,18.724151611328125,673100,0.0,0.0
2008-08-08,18.508931211970324,18.661378877241688,17.85430370656456,17.997783660888672,353200,0.0,0.0
2008-08-11,17.997786834843186,18.356486783911098,17.48663919361938,17.988819122314453,695200,0.0,0.0
2008-08-12,17.988817618642376,18.204037570093043,17.217613220214844,17.217613220214844,451400,0.0,0.0
2008-08-13,18.015719802296474,18.76002273648483,17.343156848135326,18.338550567626953,609000,0.0,0.0
2008-08-14,17.710826584598387,18.499966459582154,17.67495573507282,18.428226470947266,223100,0.0,0.0
2008-08-15,17.935012213608776,18.32061524986793,17.271416966955176,18.204036712646484,386200,0.0,0.0
2008-08-18,18.03365539531872,18.499964414694038,17.361092434802103,17.567344665527344,353000,0.0,0.0
2008-08-19,17.047231556288875,18.22197453186264,17.01136070614432,18.015722274780273,495200,0.0,0.0
2008-08-20,18.114362281811584,18.822794345966543,17.40592850724064,18.32958221435547,515600,0.0,0.0
2008-08-21,18.535833664732888,21.217117564610486,18.535833664732888,19.728511810302734,752500,0.0,0.0
2008-08-22,19.41465113998861,19.62090337802807,18.60757590083097,18.7958927154541,259900,0.0,0.0
2008-08-25,18.80485721948265,19.369810987816056,18.607572726803586,19.190460205078125,186500,0.0,0.0
2008-08-26,19.100787921869838,19.961669424516014,18.831763414401966,19.871994018554688,413900,0.0,0.0
2008-08-27,19.827158922762507,20.410046547392465,19.72851579644707,19.95270347595215,206600,0.0,0.0
2008-08-28,19.943732825524364,20.033408226199178,18.83176230423831,19.522260665893555,261400,0.0,0.0
2008-08-29,18.822795158220522,19.558130387081146,18.822795158220522,19.226333618164062,380000,0.0,0.0
2008-09-02,17.92604546338642,18.024688583183316,16.939619396665872,17.083099365234375,529500,0.0,0.0
2008-09-03,17.11896706946741,17.217610171153,16.652656402028388,16.70646095275879,746600,0.0,0.0
2008-09-04,16.984457591692543,16.984457591692543,15.32546856647122,15.540688514709473,868800,0.0,0.0
2008-09-05,15.513784610751001,15.92629077390502,15.415143208374884,15.737972259521484,834300,0.0,0.0
2008-09-08,15.9621613224361,16.392602946125944,14.895029251247145,15.24476146697998,719700,0.0,0.0
2008-09-09,15.23579414002392,15.23579414002392,13.747188119520276,13.989311218261719,1293700,0.0,0.0
2008-09-10,14.249368232853342,14.581165872974882,13.567837528988955,13.980342864990234,556900,0.0,0.0
2008-09-11,13.90860325703126,14.742581663396535,13.675447874897815,14.455621719360352,424500,0.0,0.0
2008-09-12,14.787418288460739,14.787418288460739,13.899635333688023,14.052083015441895,655800,0.0,0.0
2008-09-15,13.155331584024806,13.971374506441926,12.733858555722943,13.002883911132812,513000,0.0,0.0
2008-09-16,12.30342048568105,13.86376657987917,11.917817390886468,13.307781219482422,876900,0.0,0.0
2008-09-17,13.666479390402388,13.78305707488003,12.294451166517593,13.37951946258545,1221500,0.0,0.0
2008-09-18,13.406422436818152,15.585525998226435,12.69798943689877,13.971375465393066,1018400,0.0,0.0
2008-09-19,14.213498147046552,15.818680921408358,14.213498147046552,15.639331817626953,1167700,0.0,0.0
2008-09-22,15.25372662227764,16.123574015023916,14.895026754671745,15.773841857910156,383100,0.0,0.0
2008-09-23,15.083345319772057,16.08770677774463,14.796385391898776,15.468948364257812,258800,0.0,0.0
2008-09-24,15.298565472638943,15.935259317835179,14.590133354919987,14.599101066589355,374700,0.0,0.0
2008-09-25,14.599100744926137,15.190956018735136,14.276269973606293,14.706709861755371,426000,0.0,0.0
2008-09-26,14.69774260744971,15.05644423581392,13.989310483304262,14.617034912109375,476900,0.0,0.0
2008-09-29,13.899635735204665,14.518394192010959,13.209137291407512,13.227072715759277,373800,0.0,0.0
2008-09-30,13.60370801376348,14.5452955525775,13.361584917354321,14.348011016845703,718000,0.0,0.0
2008-10-01,14.303172014604748,14.563229656499088,13.496096810162458,13.720284461975098,390800,0.0,0.0
2008-10-02,13.002883548249304,13.711316479773187,12.016457557678223,12.016457557678223,1374700,0.0,0.0
2008-10-03,12.491736087834468,12.98494823193743,11.370797841767715,11.657757759094238,1202900,0.0,0.0
2008-10-06,11.03003510277058,11.38873508367035,9.32620805547614,10.671334266662598,641200,0.0,0.0
2008-10-07,10.85068396004435,12.464834557888594,9.864257834510092,10.169153213500977,1107700,0.0,0.0
2008-10-08,9.191693471214588,10.769974701765744,9.191693471214588,9.95393180847168,1167400,0.0,0.0
2008-10-09,10.04360793504582,10.456113302182738,9.057182652037111,9.505558013916016,637400,0.0,0.0
2008-10-10,9.50555746504254,10.761008063727516,8.07972375976535,8.83299446105957,568200,0.0,0.0
2008-10-14,10.536820316728376,10.536820316728376,9.326206576552948,9.774581909179688,758700,0.0,0.0
2008-10-15,9.774580564508339,9.93599593571493,9.075115381293045,9.478652954101562,887300,0.0,0.0
2008-10-16,9.828387798893731,9.864257793023674,8.599839430933029,9.433817863464355,794000,0.0,0.0
2008-10-17,9.77458083037687,10.617526841597236,9.200661015290306,10.2139892578125,543900,0.0,0.0
2008-10-20,10.411275122351991,11.083838134640551,10.411275122351991,10.814813613891602,409900,0.0,0.0
2008-10-21,10.411272928336182,11.2273165963191,10.070507637962722,10.133280754089355,611800,0.0,0.0
2008-10-22,10.133283585536121,10.133283585536121,8.850929747026404,8.940605163574219,362600,0.0,0.0
2008-10-23,9.057180870812424,9.765613769049263,8.115592625001948,8.429454803466797,698000,0.0,0.0
2008-10-24,8.250104904174805,8.375650289281227,7.622379689058629,8.250104904174805,441400,0.0,0.0
2008-10-27,8.519130761184297,8.73435070148008,7.765860114941034,7.981080055236816,403200,0.0,0.0
2008-10-28,8.563968312378048,8.824025949477328,7.855535379920841,8.061787605285645,755900,0.0,0.0
2008-10-29,8.73435151624544,9.783549892069644,8.429456144780888,9.057182312011719,603500,0.0,0.0
2008-10-30,9.155823015262452,10.088443539359353,9.110985317379264,9.864255905151367,883600,0.0,0.0
2008-10-31,10.034637652408039,10.312630681862778,9.424847897978403,10.133280754089355,806600,0.0,0.0
2008-11-03,9.48762109504193,10.752039279614754,9.48762109504193,9.95393180847168,249400,0.0,0.0
2008-11-04,10.133281414599606,11.15557649714758,10.043606017263693,10.267793655395508,559100,0.0,0.0
2008-11-05,10.258826955251426,10.393340064506628,9.756647075281217,10.088444709777832,332000,0.0,0.0
2008-11-06,10.133281237242542,10.213988922390689,9.469686045236813,9.864255905151367,270400,0.0,0.0
2008-11-07,9.953932706751239,10.079477252305775,9.505557375009438,9.6221342086792,885500,0.0,0.0
2008-11-10,9.944965146976756,9.953932858998694,9.012344476897505,9.415882110595703,428000,0.0,0.0
2008-11-11,9.39794798457567,9.39794798457567,8.438424901111485,8.67158031463623,414200,0.0,0.0
2008-11-12,8.599840924967543,8.653645497905767,7.747927774974003,8.097660064697266,386400,0.0,0.0
2008-11-13,8.115593344970529,8.725383189757423,7.4699326541057784,8.563968658447266,439300,0.0,0.0
2008-11-14,8.51913070678711,8.644676098762016,8.160430808584543,8.51913070678711,470100,0.0,0.0
2008-11-17,8.734352532803737,8.734352532803737,8.169399429668092,8.26804256439209,737700,0.0,0.0
2008-11-18,8.41152156930649,8.608806960435327,8.025918499192876,8.115593910217285,539300,0.0,0.0
2008-11-19,8.160430945357176,8.438423157321441,7.532704830169678,7.532704830169678,339100,0.0,0.0
2008-11-20,7.469934018382966,7.4789017315402555,6.06203555059996,6.277255535125732,595400,0.0,0.0
2008-11-21,7.084330189562704,7.084330189562704,5.900619182797999,6.456604480743408,795000,0.0,0.0
2008-11-24,6.770466566104389,7.6941193580255955,6.5552462199337596,6.635953903198242,842600,0.0,0.0
2008-11-25,6.626987185455185,6.653889893107797,6.214481852142021,6.366929531097412,684100,0.0,0.0
2008-11-26,6.537312740022446,6.537312740022446,6.017197388815798,6.4924750328063965,1159400,0.0,0.0
2008-11-27,6.537311420072411,6.9767194082148976,6.393831470117631,6.949816703796387,234300,0.0,0.0
2008-11-28,7.147102511711996,7.451998297975121,6.815304872938297,7.398192882537842,384000,0.0,0.0
2008-12-01,7.35335486835764,7.35335486835764,6.420734263422642,6.501441955566406,495400,0.0,0.0
2008-12-02,6.519376565175194,6.680791512312075,6.026163585295407,6.205513954162598,1217400,0.0,0.0
2008-12-03,6.178611639248092,6.277254326972499,5.667464060575473,5.927521705627441,892400,0.0,0.0
2008-12-04,5.927521564930116,6.088936518426286,5.73920390538258,5.828878879547119,584700,0.0,0.0
2008-12-05,5.828878374617718,5.99029331413124,4.63620025253565,5.855781078338623,414000,0.0,0.0
2008-12-08,6.277254560113179,6.322092263727029,5.9454569217035935,6.124806880950928,479400,0.0,0.0
2008-12-09,5.96339167235068,6.546279657336057,5.873716696415394,6.501441955566406,351000,0.0,0.0
2008-12-10,6.501442944760465,6.501442944760465,6.2324175484184,6.259320259094238,342900,0.0,0.0
2008-12-11,6.223449563894235,6.618019901307003,6.205514567993838,6.366929531097412,323400,0.0,0.0
2008-12-12,5.9813273315477975,6.698727646275453,5.972359619156721,6.546280384063721,341500,0.0,0.0
2008-12-15,6.725629609206627,7.577542521997861,6.411766979631121,6.501441955566406,490500,0.0,0.0
2008-12-16,6.501442677316465,6.61802037277608,6.357962699891746,6.546280384063721,715900,0.0,0.0
2008-12-17,6.546279148149938,6.546279148149938,6.366928782625677,6.52834415435791,23400,0.0,0.0
2008-12-18,6.36692903672924,6.546279409411358,5.918553746429941,6.0620341300964355,679800,0.0,0.0
2008-12-19,6.4566035434553894,6.635953903198241,5.784040656528621,6.635953903198242,769500,0.0,0.0
2008-12-22,6.5821501826028035,6.5821501826028035,6.05306714018313,6.232417106628418,482800,0.0,0.0
2008-12-23,6.2772555351257315,6.501443232808794,6.187580541573327,6.277255535125732,372900,0.0,0.0
2008-12-24,5.972359487774952,6.366929844617112,5.927522209618102,6.29518985748291,57200,0.0,0.0
2008-12-29,6.240997913269455,6.683558056904766,6.204870607340628,6.5480804443359375,204400,0.05,0.0
2008-12-30,6.412603236885409,6.918385982513427,6.412603236885409,6.918385982513428,280800,0.0,0.0
2008-12-31,6.602271676608505,7.270627725309235,6.584208022896133,7.189341068267822,154400,0.0,0.0
2009-01-02,6.773876980113326,7.749315196342205,6.773876980113326,7.5596466064453125,172600,0.0,0.0
2009-01-05,7.677060776851486,7.677060776851486,7.252564233896592,7.4061055183410645,258700,0.0,0.0
2009-01-06,7.668027026928262,7.95704630696037,7.56867716083953,7.857695579528809,426000,0.0,0.0
2009-01-07,7.857696019242988,8.03833254103215,7.4331995470313,7.505455017089844,383100,0.0,0.0
2009-01-08,7.911887507867975,7.911887507867975,7.261595159748485,7.649964332580566,248400,0.0,0.0
2009-01-09,7.451264104345006,7.586741288977742,7.044831689103865,7.135149955749512,406500,0.0,0.0
2009-01-12,6.819036509580952,7.04483241478997,6.484858242561256,6.493890285491943,316500,0.0,0.0
2009-01-13,6.999672751794092,6.999672751794092,6.394539683699293,6.620335578918457,463900,0.0,0.0
2009-01-14,6.620336112710833,6.620336112710833,6.268094608356004,6.412603855133057,489600,0.0,0.0
2009-01-15,6.421635960127798,6.457763272169376,6.114553377102848,6.36744499206543,447600,0.0,0.0
2009-01-16,6.665495301093221,6.665495301093221,6.141648863945841,6.403572082519531,105200,0.0,0.0
2009-01-19,6.7648447093202355,6.7648447093202355,6.213903043597837,6.313252925872803,59900,0.0,0.0
2009-01-20,6.394539968974781,6.430667279367852,5.933916546127366,6.051330089569092,383800,0.0,0.0
2009-01-21,6.186807964506222,6.295189899988393,5.771343447819705,6.132616996765137,717700,0.0,0.0
2009-01-22,5.9610118363184785,6.21390344070588,5.446197445918234,5.9339165687561035,440600,0.0,0.0
2009-01-23,5.9339163619591195,6.231966878787256,5.825534003472208,5.92488431930542,222100,0.0,0.0
2009-01-26,6.096489442896187,6.23196707220596,5.951980201323902,6.051330089569092,166900,0.0,0.0
2009-01-27,6.159711912344631,6.16874352381673,5.870693023822413,6.024234294891357,218900,0.0,0.0
2009-01-28,6.114552690186957,6.41260319638241,5.726183914034017,6.240998268127441,488500,0.0,0.0
2009-01-29,6.123585141026746,6.23196707220596,5.933916546127366,6.051330089569092,128100,0.0,0.0
2009-01-30,6.231967319626224,6.3042219432810045,5.942948394335573,6.132616996765137,194800,0.0,0.0
2009-02-02,5.93391620083732,6.141648438845456,5.690056654538334,5.9158525466918945,167800,0.0,0.0
2009-02-03,5.870692799345794,5.870692799345794,5.699087881222804,5.735215187072754,133000,0.0,0.0
2009-02-04,5.780375607830323,5.780375607830323,5.5997386143744,5.7171525955200195,274600,0.0,0.0
2009-02-05,5.726184508978199,5.807470745049747,5.473292896150594,5.617802143096924,214200,0.0,0.0
2009-02-06,5.599738290722686,5.690056997566208,5.437165393613071,5.536515712738037,387100,0.0,0.0
2009-02-09,5.491355855760393,5.780374743679377,5.491355855760393,5.7442474365234375,314900,0.0,0.0
2009-02-10,5.780374550909705,5.87972485761104,5.545546631555903,5.5726423263549805,445500,0.0,0.0
2009-02-11,5.681025234281852,5.699088890405501,5.5997385663896635,5.690057277679443,136600,0.0,0.0
2009-02-12,5.6900572776794425,5.825534483271046,5.626834265910904,5.690057277679443,325700,0.0,0.0
2009-02-13,5.816501886687943,5.888756498960725,5.617801272266331,5.807469844818115,156900,0.0,0.0
2009-02-17,5.807470085635871,6.051329627504339,5.572642586011762,5.60876989364624,200400,0.0,0.0
2009-02-18,5.852630048369179,5.861661660887799,5.55457951383882,5.590706825256348,434600,0.0,0.0
2009-02-19,5.590706859721228,5.744248149528012,5.455229225734565,5.662961483001709,166800,0.0,0.0
2009-02-20,5.428133758002028,5.5997382666555495,5.337815051546689,5.419101715087891,220000,0.0,0.0
2009-02-23,5.554578966761463,5.8706931258661115,5.401037693023682,5.401037693023682,149600,0.0,0.0
2009-02-24,5.491356192910623,5.599738121032715,5.301687603361214,5.599738121032715,149400,0.0,0.0
2009-02-25,4.994605870911648,5.798439214421339,4.994605870911648,5.690057277679443,189900,0.0,0.0
2009-02-26,5.807470759647096,6.204871620419917,5.590706888682754,6.132616996765137,249400,0.0,0.0
2009-02-27,6.006171014353085,6.277125835418701,5.491356208321164,6.277125835418701,202800,0.0,0.0
2009-03-02,6.23196675241259,6.23196675241259,5.346846831859248,5.988107204437256,417200,0.0,0.0
2009-03-03,6.0422977343911235,6.304220917872543,5.455228366678079,5.5726423263549805,212200,0.0,0.0
2009-03-04,5.816502788319656,6.141649024620427,5.473292896150594,5.617802143096924,809800,0.0,0.0
2009-03-05,5.852629425778262,5.852629425778262,5.039764144011827,5.32878303527832,744100,0.0,0.0
2009-03-06,5.681025225349712,5.681025225349712,4.832032527529982,5.1752424240112305,620700,0.0,0.0
2009-03-09,5.193306700528549,5.41910264402979,5.121052067515605,5.346848011016846,264500,0.0,0.0
2009-03-10,5.373942156702883,5.5816743984109936,5.084923685228291,5.410069465637207,517700,0.0,0.0
2009-03-11,5.410068996506426,5.4191010382925455,5.157177855895456,5.2926554679870605,374100,0.0,0.0
2009-03-12,5.410069166578197,5.735215359685103,5.256528327430531,5.626833438873291,599400,0.0,0.0
2009-03-13,5.644897056718687,5.780374672214228,5.419101174449939,5.5094194412231445,96900,0.0,0.0
2009-03-16,5.337815551131674,5.681025461903961,5.337815551131674,5.49135684967041,431600,0.0,0.0
2009-03-17,5.5094192518678575,5.825533390045165,5.482323988102877,5.825533390045166,159600,0.0,0.0
2009-03-18,5.915852994793173,5.915852994793173,5.59973837729663,5.635865688323975,309500,0.0,0.0
2009-03-19,5.7894072240946235,6.340349386923654,5.7894072240946235,6.231967449188232,668800,0.0,0.0
2009-03-20,6.231966959290858,6.231966959290858,5.8977891288740585,6.069393634796143,187000,0.0,0.0
2009-03-23,6.096489946488489,6.665495778188586,5.9610123059877695,6.638400077819824,458400,0.0,0.0
2009-03-24,6.638399813068383,6.638399813068383,6.250030994415282,6.250030994415283,314300,0.0,0.0
2009-03-25,6.2319674654602215,6.367445103319006,6.141649183778212,6.186808109283447,310200,0.0,0.0
2009-03-26,6.322284566945044,6.566144097300351,6.250029955087391,6.5480804443359375,900400,0.0,0.0
2009-03-27,6.295189003140227,6.593239929261472,6.240998043119491,6.322284698486328,202600,0.0,0.0
2009-03-30,6.313253185280189,6.313253185280189,5.671993222653654,5.834566116333008,285000,0.0,0.0
2009-03-31,6.132615746827302,6.132615746827302,5.662960358123949,5.816501617431641,278600,0.0,0.0
2009-04-01,5.7984381262801845,5.951979389853251,5.617801168270685,5.825533390045166,290300,0.0,0.0
2009-04-02,6.051329935861604,6.403571849254156,6.051329935861604,6.277125835418701,601800,0.0,0.0
2009-04-03,6.277126254200075,6.484858512878418,5.951980447229083,6.484858512878418,354100,0.0,0.0
2009-04-06,6.584207711310637,6.584207711310637,6.231966265252815,6.430666446685791,450500,0.0,0.0
2009-04-07,6.584208801016569,6.584208801016569,6.150680630013887,6.412603855133057,281100,0.0,0.0
2009-04-08,6.4035714325090956,6.511953353881836,6.240998119778513,6.511953353881836,434400,0.0,0.0
2009-04-09,6.728717465641574,6.891290784871841,6.502921571751971,6.828067779541016,241200,0.0,0.0
2009-04-13,7.026768044450448,7.180308882601885,6.530016931278873,7.089990615844727,257000,0.0,0.0
2009-04-14,7.18030961313955,7.496424224958879,7.017736716436204,7.4061055183410645,414600,0.0,0.0
2009-04-15,7.5054551800487275,7.668027622517315,7.4061044449004205,7.586740970611572,320300,0.0,0.0
2009-04-16,7.6860916551449066,8.670561790466309,7.6860916551449066,8.670561790466309,1178400,0.0,0.0
2009-04-17,8.896358438248184,9.275695603537207,8.43573461449109,8.616371154785156,359600,0.0,0.0
2009-04-20,8.48089407768778,8.48089407768778,7.695124470951414,7.7131876945495605,343000,0.0,0.0
2009-04-21,7.496423987623068,8.47186219830392,7.3970732412202995,8.255098342895508,324700,0.0,0.0
2009-04-22,8.526052693595673,8.526052693595673,7.94801574840864,8.489925384521484,217100,0.0,0.0
2009-04-23,8.489925361221953,8.625403415885605,8.336384082742274,8.580244064331055,178000,0.0,0.0
2009-04-24,8.66153204222449,8.66153204222449,8.09252619331816,8.173812866210938,216000,0.0,0.0
2009-04-27,8.038333075894743,8.128651773470478,7.740282579774926,7.81253719329834,212800,0.0,0.0
2009-04-28,7.803505420684815,7.857695946045317,7.613836859237317,7.8035054206848145,273800,0.0,0.0
2009-04-29,7.794475651363629,8.300258055092753,7.794475651363629,8.128653526306152,148500,0.0,0.0
2009-04-30,8.137684270284142,8.462830049310796,7.776410321133764,8.300256729125977,420900,0.0,0.0
2009-05-01,8.408638870626113,8.426702092956873,7.848664335542965,8.21897029876709,220300,0.0,0.0
2009-05-04,8.200906900615248,8.562179990858787,7.97511100387729,8.53508472442627,1003600,0.0,0.0
2009-05-05,8.535085358055198,8.580244713023934,8.146716972547392,8.517022132873535,172700,0.0,0.0
2009-05-06,8.580244052742282,8.742817373581891,8.462830083396229,8.62540340423584,712600,0.0,0.0
2009-05-07,8.769912675853696,9.167313075669783,8.074460899496808,8.489925384521484,602400,0.0,0.0
2009-05-08,8.724753902034344,9.12215518951416,8.526053258294437,9.12215518951416,440900,0.0,0.0
2009-05-11,8.86023122550389,9.08602711863623,8.715721130371094,8.715721130371094,535300,0.0,0.0
2009-05-12,8.8511999814933,9.212473098557087,8.517022132873535,8.517022132873535,644200,0.0,0.0
2009-05-13,8.526053742520915,8.58024514347064,7.622870043208216,7.884793281555176,621500,0.0,0.0
2009-05-14,7.90285759501987,8.182844928805833,7.5596476761035465,8.128653526306152,426400,0.0,0.0
2009-05-15,8.128652391296466,8.24606636253191,7.677060591779997,7.722219944000244,196600,0.0,0.0
2009-05-19,7.948015291340275,8.282193096394636,7.613837486285914,8.137683868408203,886700,0.0,0.0
2009-05-20,8.35444819082902,8.616371396952642,8.327352924359126,8.489925384521484,359700,0.0,0.0
2009-05-21,8.480895489196275,8.480895489196275,8.119621482332352,8.128653526306152,387200,0.0,0.0
2009-05-22,8.038333925039906,8.517021866878332,8.038333925039906,8.318321228027344,360200,0.0,0.0
2009-05-25,8.182845228476571,8.273163087492815,8.137685868296872,8.191876411437988,66900,0.0,0.0
2009-05-26,8.128651786429469,8.489924854622492,7.957047294373517,8.46282958984375,232300,0.0,0.0
2009-05-27,8.489925016248394,9.19440880465072,8.489925016248394,8.79700756072998,299700,0.0,0.0
2009-05-28,8.896358651854193,9.013771759857258,8.471862125963538,8.62540340423584,559000,0.0,0.0
2009-05-29,8.580243725309897,8.959580885231034,8.535084375539675,8.751848220825195,587600,0.0,0.0
2009-06-01,8.97764453007667,9.971146826321549,8.905389911587188,9.844700813293457,542900,0.0,0.0
2009-06-02,9.853733209504485,10.106624383291722,9.338918818958998,9.673096656799316,462800,0.0,0.0
2009-06-03,9.483427323233622,9.754382561880318,8.842166965018393,9.076994895935059,335600,0.0,0.0
2009-06-04,9.483427539477708,9.564714199059535,8.977644358381319,9.086027145385742,421600,0.0,0.0
2009-06-05,9.194408458760185,9.275695112928856,8.742816701239041,8.824103355407715,195600,0.0,0.0
2009-06-08,8.824103051645402,8.824103051645402,8.246065311833352,8.670561790466309,323300,0.0,0.0
2009-06-09,8.851199765515007,9.411173513971473,8.851199765515007,9.34795093536377,528600,0.0,0.0
2009-06-10,9.528585442481013,9.582775966405109,9.221502935768315,9.43826675415039,213300,0.0,0.0
2009-06-11,9.438270148409247,9.700193405151367,9.230538296422775,9.700193405151367,370700,0.0,0.0
2009-06-12,9.69115879911935,10.115655296577295,9.555681615055907,9.853732109069824,453200,0.0,0.0
2009-06-15,9.754380746322456,9.754380746322456,9.266661752073473,9.501489639282227,229600,0.0,0.0
2009-06-16,9.555682757270814,9.835670062170564,9.311823624538935,9.34795093536377,331600,0.0,0.0
2009-06-17,9.347952425952835,9.347952425952835,8.869264404515198,9.095060348510742,282600,0.0,0.0
2009-06-18,9.12215502737279,9.375046203146638,8.887327076339844,9.34795093536377,404600,0.0,0.0
2009-06-19,9.456332344190724,10.025338104180273,9.384077726542175,9.83566951751709,559300,0.0,0.0
2009-06-22,9.402140676012642,9.79954192283003,9.031835556030273,9.031835556030273,317200,0.0,0.0
2009-06-23,8.950548918519537,9.104090192227867,8.85119903726125,8.941516876220703,301700,0.0,0.0
2009-06-24,8.806038534171039,9.194407688743679,8.778943272164971,9.022802352905273,478700,0.0,0.0
2009-06-25,9.03183575188353,9.131185635070777,8.995708443329717,9.086027145385742,310300,0.0,0.0
2009-06-26,9.131412852045882,9.340182304166989,9.122335693524404,9.258489608764648,133800,0.05,0.0
2009-06-29,9.503566519848828,9.503566519848828,9.11325740814209,9.11325740814209,71600,0.0,0.0
2009-06-30,9.27664401515423,9.27664401515423,8.859104241245063,9.095105171203613,300500,0.0,0.0
2009-07-02,9.09510461117801,9.09510461117801,8.29633288133369,8.332640647888184,422400,0.0,0.0
2009-07-03,8.378023489374089,8.396177802835915,7.960484667495801,8.35079288482666,119800,0.0,0.0
2009-07-06,8.151099205288567,8.151099205288567,7.642790582294112,7.824329376220703,659300,0.0,0.0
2009-07-07,7.706330862438671,7.969562395581537,7.642792485156227,7.697253704071045,640200,0.0,0.0
2009-07-08,7.506637914959367,7.7517151099085755,7.170790442749748,7.470329284667969,259800,0.0,0.0
2009-07-09,7.5792537014712025,7.860638670615879,7.20709845198561,7.3704833984375,711400,0.0,0.0
2009-07-10,7.352329698802485,7.524791364459676,7.261559854364769,7.470329284667969,526400,0.0,0.0
2009-07-13,7.443099540905989,7.62463838519238,7.297868465476875,7.561100006103516,374500,0.0,0.0
2009-07-14,7.69725259394882,7.797099590301514,7.552021543594365,7.797099590301514,280800,0.0,0.0
2009-07-15,7.942331221096905,8.014946751581014,7.8334079253707385,7.869715690612793,265800,0.0,0.0
2009-07-16,7.869715223441949,8.232792854309082,7.869715223441949,8.232792854309082,161400,0.0,0.0
2009-07-17,8.341716849033885,8.37802461519117,8.096639643883563,8.260025024414062,134500,0.0,0.0
2009-07-20,8.305407584384053,8.677563202407315,8.305407584384053,8.550485610961914,375400,0.0,0.0
2009-07-21,8.759257578275156,8.850027436704694,8.414334193792161,8.741104125976562,571100,0.0,0.0
2009-07-22,8.741101961437426,8.977102842397452,8.38710063999739,8.759255409240723,464400,0.0,0.0
2009-07-23,8.768332565965027,9.049718364901258,8.38710063999739,8.759255409240723,477400,0.0,0.0
2009-07-24,8.71387205105734,8.94987208517183,8.623102207874197,8.786487579345703,156600,0.0,0.0
2009-07-27,8.57771889782734,8.850027612891573,8.550488286014579,8.722949981689453,130000,0.0,0.0
2009-07-28,8.441563284405715,8.75925600038912,8.441563284405715,8.632179260253906,360200,0.0,0.0
2009-07-29,8.623101907695347,8.623101907695347,8.305408333258956,8.486948013305664,271700,0.0,0.0
2009-07-30,8.623103228162515,8.822796387405962,8.55048769128226,8.614026069641113,313000,0.0,0.0
2009-07-31,8.614024956331724,8.886333617261219,8.496024507740765,8.713871955871582,207100,0.0,0.0
2009-08-04,8.704794566709827,9.022487274629428,8.704794566709827,8.895410537719727,419600,0.0,0.0
2009-08-05,8.77740915010856,9.403718207258908,8.77740915010856,9.222179412841797,222800,0.0,0.0
2009-08-06,9.095104295829822,9.185873276246172,8.904488311616461,9.004334449768066,389500,0.0,0.0
2009-08-07,9.249412195146311,9.69418342833174,9.05879619967983,9.440028190612793,394800,0.0,0.0
2009-08-10,9.140488746288979,10.066338099610256,9.140488746288979,9.939260482788086,480700,0.0,0.0
2009-08-11,9.548950191321756,9.948335542506026,9.548950191321756,9.875720024108887,600200,0.0,0.0
2009-08-12,9.694183696179174,10.148031234529952,9.385567231597369,10.066338539123535,402200,0.0,0.0
2009-08-13,9.984644120093703,10.166182930966341,9.784950995311137,10.048182487487793,496000,0.0,0.0
2009-08-14,10.1207988713439,10.1207988713439,9.685105688248404,9.893875122070312,226200,0.0,0.0
2009-08-17,9.694183695918797,9.694183695918797,9.14048914513261,9.340182304382324,363600,0.0,0.0
2009-08-18,9.458181629779098,9.458181629779098,9.158642359781778,9.358335494995117,475100,0.0,0.0
2009-08-19,9.213105107799594,9.694184143936353,9.204028814503927,9.385567665100098,522800,0.0,0.0
2009-08-20,9.60341331481266,9.630643923237413,9.367412400076969,9.467259407043457,191800,0.0,0.0
2009-08-21,9.576183405634445,9.939261096627634,9.494490708749604,9.567106246948242,159900,0.0,0.0
2009-08-24,9.530796607161365,9.812182411685312,9.530796607161365,9.730489730834961,343600,0.0,0.0
2009-08-25,9.730490320919444,9.866644220163233,9.458181656786484,9.594335556030273,323300,0.0,0.0
2009-08-26,9.394643963346061,9.612490564103338,9.29479695543156,9.539875030517578,292900,0.0,0.0
2009-08-27,9.576183869185723,9.576183869185723,9.131413459777834,9.131413459777832,241100,0.0,0.0
2009-08-28,9.131412937321837,9.340182391392588,9.12233577871559,9.249412536621094,310500,0.0,0.0
2009-08-31,9.249411231238462,9.367411679529635,9.131411648592653,9.20402717590332,386900,0.0,0.0
2009-09-01,9.204028474880836,9.494490625116834,9.167720706101337,9.249412536621094,273200,0.0,0.0
2009-09-02,9.167720794677734,9.303874712504975,9.140489318595888,9.167720794677734,172900,0.0,0.0
2009-09-03,9.231256383237348,9.54894991630911,9.176794313185386,9.485410690307617,166800,0.0,0.0
2009-09-04,9.412797759088628,10.275107901274652,9.358336539724927,9.912030220031738,378500,0.0,0.0
2009-09-08,10.030031090868139,11.200957742566604,10.030031090868139,10.837879180908203,544500,0.0,0.0
2009-09-09,10.892339206704817,11.119262940177833,10.774338761421406,11.019416809082031,764900,0.0,0.0
2009-09-10,11.019418024663466,11.119264166773565,10.874186092077723,11.07387924194336,227600,0.0,0.0
2009-09-11,11.328034655560387,12.054190922988866,11.328034655560387,11.4732666015625,733000,0.0,0.0
2009-09-14,11.47326634201036,11.790959106692071,11.246342567675354,11.409727096557617,481900,0.0,0.0
2009-09-15,11.455110049241094,11.60034110126866,11.382494523227312,11.58218765258789,544600,0.0,0.0
2009-09-16,11.663879630563352,11.672955921532306,11.482339960859482,11.55495548248291,635500,0.0,0.0
2009-09-17,11.54588135546527,11.790958570465856,11.455111503601072,11.455111503601074,355100,0.0,0.0
2009-09-18,11.554957401274386,11.845420401647061,11.427880650153943,11.80003547668457,630800,0.0,0.0
2009-09-21,11.455110198110573,12.126804255290006,11.264494223435829,12.05418872833252,493800,0.0,0.0
2009-09-22,12.208497374905061,12.326497826830423,12.017881393432615,12.017881393432617,983600,0.0,0.0
2009-09-23,11.999727705810594,12.299266975661222,11.781880255845737,12.199419975280762,475900,0.0,0.0
2009-09-24,12.036035498141336,12.244804925526642,11.691111306002439,11.709264755249023,769800,0.0,0.0
2009-09-25,11.718343726491169,12.03603736111096,11.527727718848398,11.963421821594238,94500,0.0,0.0
2009-09-28,11.963420629836486,12.41726813942791,11.918035705748258,12.308344841003418,665900,0.0,0.0
2009-09-29,12.253883620081133,12.526192318100923,12.217575851388194,12.47173023223877,302300,0.0,0.0
2009-09-30,12.680499766023818,12.970961897576032,12.262960019094791,12.616960525512695,805200,0.0,0.0
2009-10-01,12.798499452781845,12.798499452781845,12.036035537719725,12.036035537719727,575000,0.0,0.0
2009-10-02,11.981572692668712,12.253881340020454,11.59126446825503,12.099573135375977,272700,0.0,0.0
2009-10-05,11.936190677056382,12.226653708848252,11.672959122574886,12.172191619873047,438800,0.0,0.0
2009-10-06,12.208497374905061,12.69865263217058,12.017881393432615,12.017881393432617,291800,0.0,0.0
2009-10-07,11.98157390458717,12.326498110701907,11.709265229691809,12.23572826385498,245300,0.0,0.0
2009-10-08,12.299267790098028,12.734960987587858,12.208497941131597,12.698653221130371,239900,0.0,0.0
2009-10-09,12.689575025033264,12.70772933959961,12.462651286826127,12.70772933959961,135800,0.0,0.0
2009-10-13,12.70773185179153,12.90742502327186,12.498962386879098,12.734962463378906,342100,0.0,0.0
2009-10-14,13.04357619373859,13.09803827106353,12.517113197394025,12.725883483886719,298600,0.0,0.0
2009-10-15,12.725883654165955,12.843883236265745,12.553421128367127,12.70772933959961,261400,0.0,0.0
2009-10-16,12.716805784051187,12.716805784051187,12.526189820016222,12.607882499694824,199400,0.0,0.0
2009-10-19,12.59880639037281,12.70772968378495,12.59880639037281,12.680499076843262,264800,0.0,0.0
2009-10-20,12.707729855167974,13.043576897462822,12.66234493255615,12.662344932556152,321700,0.0,0.0
2009-10-21,12.66234509217604,12.916499450102524,12.489883422851562,12.489883422851562,241400,0.0,0.0
2009-10-22,12.408189451668639,13.007267951965332,12.253881248180665,13.007267951965332,293700,0.0,0.0
2009-10-23,13.088962354930478,13.30680895359464,12.508037226180614,12.616960525512695,183000,0.0,0.0
2009-10-26,12.753115012667225,13.025423687708155,12.299267509480815,12.317420959472656,162400,0.0,0.0
2009-10-27,12.353730130085236,12.626038836095697,11.63665102812348,11.963421821594238,365600,0.0,0.0
2009-10-28,11.654803264221316,12.33557447483569,11.391571764076241,11.573110580444336,386800,0.0,0.0
2009-10-29,11.700189764696137,11.918036373755445,11.600342752976516,11.845420837402344,401200,0.0,0.0
2009-10-30,11.845420208666637,11.845420208666637,11.228187316781515,11.491418838500977,232300,0.0,0.0
2009-11-02,11.355262285091905,11.854494603907233,11.073876513003011,11.228184700012207,404700,0.0,0.0
2009-11-03,11.119263839721679,11.57311134338379,11.119263839721679,11.346187591552734,496000,0.0,0.0
2009-11-04,11.427880143315788,11.954343171982444,11.2463413171627,11.763727188110352,381000,0.0,0.0
2009-11-05,11.827265001268822,12.35372800502692,11.827265001268822,12.135881423950195,228700,0.0,0.0
2009-11-06,11.818188741991081,12.61695954145999,11.818188741991081,12.380959510803223,475100,0.0,0.0
2009-11-09,12.480805469856834,12.61695936508804,12.272036048416272,12.390035629272461,324500,0.0,0.0
2009-11-10,12.34465383687978,12.34465383687978,11.899882575282971,11.963421821594238,465600,0.0,0.0
2009-11-11,12.199419534224848,12.262958768254874,11.355263834094993,11.591264724731445,611100,0.0,0.0
2009-11-12,11.491419445218247,11.781881590549048,11.346188372552847,11.51865005493164,638500,0.0,0.0
2009-11-13,11.55495639469288,12.12680432185608,11.355264127286329,11.890804290771484,419600,0.0,0.0
2009-11-16,12.108650560196066,12.163111771484266,11.52772549070142,11.591264724731445,374600,0.0,0.0
2009-11-17,11.63664946807332,11.800034842904681,11.446033485985199,11.527726173400879,176900,0.0,0.0
2009-11-18,11.573112140833969,11.654804835625484,11.455111677873498,11.600342750549316,599700,0.0,0.0
2009-11-19,11.518649015766826,11.66388094097548,11.355264506580863,11.527726173400879,236300,0.0,0.0
2009-11-20,11.52772782387346,11.52772782387346,11.364343291295057,11.4732666015625,350900,0.0,0.0
2009-11-23,11.654803115942373,11.800034167189137,11.62757251024494,11.745572090148926,330900,0.0,0.0
2009-11-24,11.80003590745496,11.80003590745496,11.51865005493164,11.51865005493164,214700,0.0,0.0
2009-11-25,11.618495941162111,11.890804608854463,11.618495941162111,11.61849594116211,274600,0.0,0.0
2009-11-26,11.654804032546236,11.654804032546236,11.255417744562147,11.346187591552734,33400,0.0,0.0
2009-11-27,11.300803016516559,11.446034083663353,11.255418091621825,11.400650024414062,211500,0.0,0.0
2009-11-30,11.436956516672637,11.591264724731445,11.328032362805548,11.591264724731445,357800,0.0,0.0
2009-12-01,11.700187767868256,11.863572263955769,11.67295629714923,11.691110610961914,115800,0.0,0.0
2009-12-02,11.74557329465025,11.74557329465025,11.536803853485184,11.564034461975098,169700,0.0,0.0
2009-12-03,11.50049669114059,11.645727764910575,11.34618845884861,11.355265617370605,204900,0.0,0.0
2009-12-04,11.355263335070632,11.518647827400393,11.210032290490705,11.219108581542969,186000,0.0,0.0
2009-12-07,11.155571867670284,11.745573290044533,11.146494709628728,11.482341766357422,165700,0.0,0.0
2009-12-08,11.33711008077376,11.391572160401664,11.164648415635279,11.291725158691406,352900,0.0,0.0
2009-12-09,11.337109715613895,11.455110162969156,11.037570451421834,11.164648056030273,453000,0.0,0.0
2009-12-10,11.210034458340402,11.54588153029051,11.210034458340402,11.51865005493164,112600,0.0,0.0
2009-12-11,11.500496016502165,11.890805153596922,11.418803325887408,11.81818962097168,200900,0.0,0.0
2009-12-14,11.890806279362733,12.144960667613232,11.600343255716652,12.045114517211914,141600,0.0,0.0
2009-12-15,12.126803614534932,12.535267014145143,12.126803614534932,12.353727340698242,192700,0.0,0.0
2009-12-16,12.344651610445245,12.852960295385667,12.272036084025185,12.635113716125488,267400,0.0,0.0
2009-12-17,12.508036546373335,12.70772968378495,12.362805488490482,12.680499076843262,158400,0.0,0.0
2009-12-18,12.644190969908127,13.279577263759034,12.644190969908127,12.70772933959961,483100,0.0,0.0
2009-12-21,12.807575828847817,12.970961201905824,12.48080594837719,12.762191772460938,249800,0.0,0.0
2009-12-22,12.671422013241383,12.97096128875645,12.371882737726313,12.753114700317383,171100,0.0,0.0
2009-12-23,12.88019198196936,12.970961830432278,12.48080655315247,12.952808380126953,235800,0.0,0.0
2009-12-24,12.998192446709185,13.152500669803812,12.825730773298062,13.107115745544434,24300,0.0,0.0
2009-12-29,13.316611293188743,13.325719990993443,12.724559834334876,12.870295524597168,82700,0.05,0.0
2009-12-30,12.870296788878434,12.915839413722475,12.569716681022419,12.852079391479492,123000,0.0,0.0
2009-12-31,12.86118616754563,12.888511390905848,12.60614872265949,12.806535720825195,51800,0.0,0.0
2010-01-04,12.970489440589072,13.125333838756982,12.82475374082005,13.025140762329102,173100,0.0,0.0
2010-01-05,13.016029100974649,13.02513779730004,12.870293434380743,12.979595184326172,220600,0.0,0.0
2010-01-06,12.970487503618163,13.307501476168765,12.87029444215279,13.12533187866211,399500,0.0,0.0
2010-01-07,13.125333431152306,13.179984751195148,12.997815132141112,12.997815132141113,87600,0.0,0.0
2010-01-08,12.943163763050288,13.189092530677977,12.943163763050288,13.098008155822754,185200,0.0,0.0
2010-01-11,13.125332271513756,13.289285348503572,13.070681824952608,13.107115745544434,225600,0.0,0.0
2010-01-12,12.97959639154731,13.471454746375606,12.97959639154731,13.016030311584473,213100,0.0,0.0
2010-01-13,13.006921514361403,13.070681525425872,12.67901623654921,12.970487594604492,207700,0.0,0.0
2010-01-14,12.906729839377547,13.198201228759476,12.906729839377547,13.098008155822754,89000,0.0,0.0
2010-01-15,13.125334406401834,13.735603327067512,13.079791781091062,13.389480590820312,306000,0.0,0.0
2010-01-18,13.38947854599922,14.054398689222882,13.38947854599922,13.844902992248535,135200,0.0,0.0
2010-01-19,13.972421833422171,13.972421833422171,13.498780003097878,13.66273307800293,554400,0.0,0.0
2010-01-20,13.66273307800293,13.744709615455456,13.407695637103098,13.66273307800293,288200,0.0,0.0
2010-01-21,13.726493431654767,13.972423065701786,13.425913346921687,13.453239440917969,455400,0.0,0.0
2010-01-22,13.462347282116806,13.708276916380363,13.207309818499722,13.252852439880371,257600,0.0,0.0
2010-01-25,13.343936955689918,13.781144909472383,13.343936955689918,13.444130897521973,335800,0.0,0.0
2010-01-26,13.462345961855027,13.544322498570049,13.179983300562359,13.371261596679688,1118700,0.0,0.0
2010-01-27,13.362154370249185,13.362154370249185,12.706342873001391,12.997815132141113,310400,0.0,0.0
2010-01-28,12.92494491562957,12.988704926387618,12.633473558975057,12.824751853942871,259900,0.0,0.0
2010-01-29,12.842969952714636,13.034248258177303,12.487738565811622,12.587931632995605,212600,0.0,0.0
2010-02-01,12.569715796223852,12.833861959341709,12.569715796223852,12.751885414123535,358800,0.0,0.0
2010-02-02,12.879402130706136,13.02513779730004,12.815642125081483,12.979595184326172,293000,0.0,0.0
2010-02-03,13.070683112322852,13.480564976514685,13.070683112322852,13.435022354125977,988000,0.0,0.0
2010-02-04,13.371263017694943,13.444130865040426,12.979597686723029,13.098008155822754,560800,0.0,0.0
2010-02-05,13.198199972450766,13.334827824708174,12.824752073189568,13.161766052246094,356300,0.0,0.0
2010-02-08,13.16176568117106,13.425911812371057,12.943162166106196,13.034247398376465,171500,0.0,0.0
2010-02-09,13.216417466509203,13.435020989385146,13.116223533701174,13.207308769226074,322700,0.0,0.0
2010-02-10,13.252851386988526,13.298394004750977,12.742775631624808,13.207308769226074,627400,0.0,0.0
2010-02-11,13.380370893568088,13.380370893568088,13.161767350772841,13.243743896484375,1018000,0.0,0.0
2010-02-12,13.198201120492943,13.252852439880373,13.061574125004245,13.252852439880371,1055400,0.0,0.0
2010-02-16,13.261959950674278,13.507888694269,13.261959950674278,13.462346076965332,896500,0.0,0.0
2010-02-17,13.562542209230354,13.835796220080336,13.507890885868369,13.598976135253906,1214100,0.0,0.0
2010-02-18,13.598976343057368,13.608084173212443,12.934056097150371,13.14355182647705,1065000,0.0,0.0
2010-02-19,13.207310387040378,13.216419085439265,13.0251407623291,13.025140762329102,340800,0.0,0.0
2010-02-22,13.161766852990734,13.161766852990734,12.66079976820841,12.724559783935547,467100,0.0,0.0
2010-02-23,12.624364891142283,12.688124902047937,12.32378483673317,12.524171829223633,353100,0.0,0.0
2010-02-24,12.587932981968212,12.715452155493185,12.405763354542037,12.569716453552246,223000,0.0,0.0
2010-02-25,12.569715558163436,12.624366008171675,12.433087695836353,12.515064239501953,171300,0.0,0.0
2010-02-26,12.578824303773557,12.578824303773557,12.33289467184369,12.414871215820312,180300,0.0,0.0
2010-03-01,12.460412934330847,12.515063380588407,12.241808543341063,12.36021900177002,197600,0.0,0.0
2010-03-02,12.378437434761093,12.633474898883101,12.351112209339906,12.606149673461914,309300,0.0,0.0
2010-03-03,12.751885063168341,13.626300073674585,12.751885063168341,13.11622428894043,669100,0.0,0.0
2010-03-04,13.343936315364369,13.498780701080543,13.016031017252413,13.425912857055664,406400,0.0,0.0
2010-03-05,13.589866732829243,13.662734581102864,13.289286641537243,13.635409355163574,351600,0.0,0.0
2010-03-08,13.662733071909562,13.662733071909562,13.371261711011174,13.462346076965332,350100,0.0,0.0
2010-03-09,13.343935527732043,13.662732978013628,13.343935527732043,13.61719036102295,328300,0.0,0.0
2010-03-10,13.70827779501182,13.790254345020623,13.617192546412417,13.753820419311523,523800,0.0,0.0
2010-03-11,13.890446972700744,14.09083399192328,13.744711274594637,13.87222957611084,430900,0.0,0.0
2010-03-12,13.7720365524292,14.0817253463917,13.589866929113988,13.7720365524292,322300,0.0,0.0
2010-03-15,13.57164910001377,13.781144811640932,13.2346350904558,13.398588180541992,445600,0.0,0.0
2010-03-16,13.43502116435479,14.118157833728763,13.43502116435479,13.844902992248535,588600,0.0,0.0
2010-03-17,13.890446680754685,13.890446680754685,13.334829126239672,13.444130897521973,281500,0.0,0.0
2010-03-18,13.489673515456607,13.507890043005053,12.569715854948653,12.697234153747559,615200,0.0,0.0
2010-03-19,12.688127131852749,12.688127131852749,12.004990366568272,12.11429214477539,811700,0.0,0.0
2010-03-22,12.105182504206143,12.132507729468452,11.61332410621832,11.913904190063477,505400,0.0,0.0
2010-03-23,11.895686403802943,12.27824212294756,11.877469009787259,11.932120323181152,619200,0.0,0.0
2010-03-24,11.932120926198639,12.077856611076568,11.79549307013568,11.850144386291504,456400,0.0,0.0
2010-03-25,11.986770929819258,12.287350985912509,11.923011787209528,12.123398780822754,1139800,0.0,0.0
2010-03-26,12.205374256937882,12.487737782978384,12.114289893022317,12.23270034790039,560900,0.0,0.0
2010-03-29,12.378435140039578,12.387543836375816,12.077855110168457,12.077855110168457,247400,0.0,0.0
2010-03-30,12.196268142239708,12.314678613755039,12.068748972457056,12.141616821289062,325000,0.0,0.0
2010-03-31,12.25091911312709,12.25091911312709,11.731735451058313,11.96855640411377,780700,0.0,0.0
2010-04-01,12.141616222819906,12.214484068060203,12.004989230157657,12.023205757141113,243300,0.0,0.0
2010-04-05,12.096073257327776,12.660799476157269,12.059639335746944,12.587931632995605,430400,0.0,0.0
2010-04-06,12.660800170847065,13.070682896937928,12.524173174585616,12.751885414123535,325500,0.0,0.0
2010-04-07,12.77010347804769,12.842971329018159,12.433088581492639,12.569716453552246,241200,0.0,0.0
2010-04-08,12.533281949328794,12.533281949328794,12.114291391269298,12.2509183883667,264600,0.0,0.0
2010-04-09,12.387545389146032,12.460413231663686,12.260026230413535,12.296460151672363,184800,0.0,0.0
2010-04-12,12.378436552540611,12.59704007763658,12.332893934315655,12.551497459411621,305500,0.0,0.0
2010-04-13,12.524172731399002,12.542390126870949,12.250917879892377,12.378437042236328,183400,0.0,0.0
2010-04-14,12.30556946710596,12.30556946710596,11.886578917262167,12.014097213745117,2861500,0.0,0.0
2010-04-15,12.004988324080992,12.205374449041047,11.995879626950124,12.123398780822754,1506900,0.0,0.0
2010-04-16,12.086965675793822,12.10518220263045,11.841036048600115,11.977663040161133,511000,0.0,0.0
2010-04-19,11.932120537487894,12.077856217618216,11.740842240153555,12.068747520446777,463700,0.0,0.0
2010-04-20,12.105181792482403,12.15983310844705,11.89568696336652,12.150724411010742,626800,0.0,0.0
2010-04-21,12.08696436885356,12.269133960788345,11.968553916932667,12.09607219696045,469600,0.0,0.0
2010-04-22,11.97766118777602,12.105180330524078,11.9047933543923,12.077855110168457,406400,0.0,0.0
2010-04-23,12.068750318991931,12.287353889877993,12.023207691227324,12.168943405151367,440300,0.0,0.0
2010-04-26,12.287351652510301,12.296460350135321,12.023205501957227,12.187158584594727,349700,0.0,0.0
2010-04-27,12.08696582021426,12.187158890645943,11.731734421796633,11.923012733459473,548100,0.0,0.0
2010-04-28,11.88657891659599,12.004989383790127,11.75905975146694,11.768168449401855,305100,0.0,0.0
2010-04-29,11.841036354792664,11.977663349886663,11.613324117200497,11.713517189025879,273100,0.0,0.0
2010-04-30,11.67708351452029,11.859254003397496,11.67708351452029,11.749951362609863,601000,0.0,0.0
2010-05-03,11.68619272233564,11.740844045112828,11.394721317266121,11.57689094543457,462700,0.0,0.0
2010-05-04,11.458478706724124,11.513130021091534,11.030379494914454,11.121464729309082,973900,0.0,0.0
2010-05-05,10.930186819522937,10.930186819522937,10.565847606333454,10.702474594116211,1468400,0.0,0.0
2010-05-06,10.748018753628338,11.085032791301984,10.055773280683553,10.474763870239258,1601600,0.0,0.0
2010-05-07,10.520306898722838,10.593174754598481,10.110424992259011,10.502089500427246,830700,0.0,0.0
2010-05-10,11.103247930593886,11.103247930593886,10.292592949338086,10.793560028076172,876900,0.0,0.0
2010-05-11,11.476696421930104,11.768167790296797,11.057705895576385,11.704408645629883,1536300,0.0,0.0
2010-05-12,12.023207044113962,12.12340099353413,11.622433852393272,11.759060859680176,1309700,0.0,0.0
2010-05-13,11.822818495273646,11.822818495273646,11.312743589512419,11.54045581817627,1191400,0.0,0.0
2010-05-14,11.576889427053954,11.576889427053954,11.003054522095356,11.157898902893066,857600,0.0,0.0
2010-05-17,11.157898247789513,11.157898247789513,10.556738154648214,10.593172073364258,1090900,0.0,0.0
2010-05-18,10.839100396532121,11.08502999003,10.820883872191413,10.911968231201172,840200,0.0,0.0
2010-05-19,10.902860519581393,11.012162272750121,10.14685607534118,10.656930923461914,703600,0.0,0.0
2010-05-20,10.584065455449092,10.584065455449092,10.119532249085841,10.338136672973633,677900,0.0,0.0
2010-05-21,9.809843645962408,10.638716054647158,9.709649705141228,10.3745698928833,585200,0.0,0.0
2010-05-25,9.992011582884977,10.137747251953892,9.500153265450834,10.064879417419434,1549700,0.0,0.0
2010-05-26,10.420109596016387,10.64782178959645,10.247048711102893,10.429218292236328,7891900,0.0,0.0
2010-05-27,10.748016980599155,11.112356185913086,10.68425696817933,11.112356185913086,1110600,0.0,0.0
2010-05-28,11.29452573319717,11.29452573319717,10.93929522692095,11.167007446289062,621100,0.0,0.0
2010-05-31,11.20344128754892,11.522237871221762,11.20344128754892,11.367393493652344,154900,0.0,0.0
2010-06-01,11.167007600270153,11.540455506198798,11.112356284660823,11.157898902893066,683000,0.0,0.0
2010-06-02,11.039487700854385,11.267199908055144,11.039487700854385,11.248983383178711,563400,0.0,0.0
2010-06-03,11.285417778407904,11.631540452215555,11.157898624272507,11.622431755065918,651800,0.0,0.0
2010-06-04,11.367393493652346,11.494912648313386,11.148789973078994,11.367393493652344,469700,0.0,0.0
2010-06-07,11.376502371983014,11.43115368732313,11.157898847928927,11.212550163269043,325700,0.0,0.0
2010-06-08,11.157900290928387,11.376503843253456,11.057707213276053,11.285419464111328,827200,0.0,0.0
2010-06-09,11.504020724931035,11.841034684798462,11.385610273844675,11.403827667236328,624400,0.0,0.0
2010-06-10,11.513130356894552,12.004988725934568,11.467587738368898,11.950337409973145,917400,0.0,0.0
2010-06-11,11.822817453311597,12.615256703637812,11.786383534682484,12.442194938659668,1122200,0.0,0.0
2010-06-14,12.615257372769694,12.697233042543456,12.460412993219501,12.50595474243164,1012300,0.0,0.0
2010-06-15,12.505955836895938,12.870295943050735,12.505955836895938,12.697234153747559,655100,0.0,0.0
2010-06-16,12.50595585771532,13.116224733036288,12.50595585771532,12.997815132141113,802300,0.0,0.0
2010-06-17,12.915838987502333,13.0251407623291,12.733668494137765,13.025140762329102,401200,0.0,0.0
2010-06-18,13.098009230921717,13.107117929750869,12.760995192123064,12.943164825439453,1414800,0.0,0.0
2010-06-21,12.943162371950102,13.043355434118315,12.888511057988152,12.970487594604492,249500,0.0,0.0
2010-06-22,12.961378750384071,12.979596144382334,12.205374272519318,12.278242111206055,500200,0.0,0.0
2010-06-23,12.323785964209305,12.660799969117251,11.968555432128271,12.61525821685791,420400,0.0,0.0
2010-06-24,12.615259375399342,12.73366898453185,12.105183537910632,12.159834861755371,305900,0.0,0.0
2010-06-25,12.31467879167812,12.615258889616262,12.159834393509586,12.478631019592285,879500,0.0,0.0
2010-06-28,12.478629729290374,12.908297089643867,12.478629729290374,12.716318130493164,497600,0.05,0.0
2010-06-29,12.615756691531702,12.771168254605893,12.451203066668443,12.469487190246582,664800,0.0,0.0
2010-06-30,12.496915513400234,12.643185049911322,12.35978804087989,12.460348129272461,636100,0.0,0.0
2010-07-02,12.38721255350789,12.560907398833027,12.213516836347603,12.451205253601074,468400,0.0,0.0
2010-07-05,12.304935430553602,12.49691439804906,12.213516542475714,12.250083923339844,115400,0.0,0.0
2010-07-06,12.405494689941406,12.652325148334603,12.350644058188523,12.405494689941406,449400,0.0,0.0
2010-07-07,12.414636922076955,12.707175953648168,12.277509468986722,12.615757942199707,507900,0.0,0.0
2010-07-08,12.752885342532954,12.890013666890992,12.597473764694895,12.835162162780762,794400,0.0,0.0
2010-07-09,12.798594619230892,13.09113364582609,12.798594619230892,12.95400619506836,341000,0.0,0.0
2010-07-12,13.027142195203322,13.054567513605695,12.807737904314017,12.935723304748535,626700,0.0,0.0
2010-07-13,12.954007270513115,13.34710727401197,12.899155762555194,13.273972511291504,849800,0.0,0.0
2010-07-14,13.30139756769151,13.968752482346519,13.30139756769151,13.557369232177734,663900,0.0,0.0
2010-07-15,13.657928495176748,13.712779998779297,13.52994310649592,13.712779998779297,700500,0.0,0.0
2010-07-16,13.548226749695084,13.64878769722117,13.182552954605038,13.255687713623047,329100,0.0,0.0
2010-07-19,13.301397429327352,13.5847944083875,13.228262668806337,13.566511154174805,480200,0.0,0.0
2010-07-20,13.603077525951354,13.694495533907656,13.35624707361573,13.621360778808594,342400,0.0,0.0
2010-07-21,13.657928830236381,13.941326674104303,13.529943438415787,13.63964557647705,902200,0.0,0.0
2010-07-22,13.795056647727648,13.886474656821667,13.667070388793945,13.667070388793945,537600,0.0,0.0
2010-07-23,13.712780139448945,13.822482275944328,13.630503319118638,13.703638076782227,629300,0.0,0.0
2010-07-26,13.712781847376831,14.069314489269297,13.676214463990567,13.987037658691406,355400,0.0,0.0
2010-07-27,14.124163921106314,14.160731301366821,13.511659647866487,13.566511154174805,491300,0.0,0.0
2010-07-28,13.429382896787054,13.987036538562801,13.411099642475701,13.941327095031738,728100,0.0,0.0
2010-07-29,13.941327172769567,14.206440900525878,13.895617728983625,14.151589393615723,1097500,0.0,0.0
2010-07-30,14.124164125740581,14.261292457580568,13.868192460208455,14.261292457580566,272100,0.0,0.0
2010-08-03,14.517265666879737,14.581258372108975,14.307002551099748,14.444130897521973,595500,0.0,0.0
2010-08-04,14.489838465902839,14.608681796809833,13.932184832125659,14.169873237609863,742200,0.0,0.0
2010-08-05,14.224724076947194,15.084057901035097,14.224724076947194,14.480695724487305,1358400,0.0,0.0
2010-08-06,14.535547006904729,14.535547006904729,14.243007968042628,14.27957534790039,470200,0.0,0.0
2010-08-09,14.453271633140162,14.663534729593266,14.444129569851953,14.62696647644043,1061700,0.0,0.0
2010-08-10,14.626966617819933,14.64525074457308,14.444129709464214,14.61782455444336,410200,0.0,0.0
2010-08-11,14.352710768798314,14.398420213684979,13.96875282668657,14.078454971313477,314800,0.0,0.0
2010-08-12,14.069314182072372,14.297860541205116,13.776774249534544,13.950469970703125,756200,0.0,0.0
2010-08-13,13.941328704310928,14.57211630798045,13.941328704310928,14.444130897521973,537100,0.0,0.0
2010-08-16,14.44412975567383,14.956073972542804,14.398420310479878,14.727527618408203,570600,0.0,0.0
2010-08-17,14.983499039055387,14.983499039055387,14.617825206043767,14.800662994384766,471900,0.0,0.0
2010-08-18,14.800663197777222,14.882940029294293,14.672676046711558,14.73667049407959,291900,0.0,0.0
2010-08-19,14.87379589173942,14.87379589173942,14.051028563110854,14.25214958190918,506800,0.0,0.0
2010-08-20,14.361852867445327,14.361852867445327,13.91390222449224,13.96875286102295,253500,0.0,0.0
2010-08-23,14.096738999597973,14.160731698891505,13.749348441453538,13.81334114074707,239900,0.0,0.0
2010-08-24,13.703638330567127,13.703638330567127,13.15512763793206,13.255687713623047,998100,0.0,0.0
2010-08-25,13.03628343656902,13.411099294495092,12.771169717169963,13.255687713623047,906600,0.0,0.0
2010-08-26,13.246545983541564,13.53908589879733,13.246545983541564,13.34710693359375,320000,0.0,0.0
2010-08-27,13.438525191350728,13.923043208721952,13.319680984856818,13.603078842163086,360800,0.0,0.0
2010-08-30,13.502518035822545,13.502518035822545,13.173410751900693,13.264829635620117,280400,0.0,0.0
2010-08-31,13.255689029034963,13.301398475915914,13.008858538978942,13.018000602722168,391100,0.0,0.0
2010-09-01,13.12770216259596,13.566511612377754,13.12770216259596,13.429383277893066,386700,0.0,0.0
2010-09-02,13.42938271758539,13.484234223457753,12.99057415794694,13.301397323608398,300200,0.0,0.0
2010-09-03,13.392815886176388,13.767632636013696,13.365390568034439,13.593936920166016,246600,0.0,0.0
2010-09-07,13.475093958263903,13.694498267354591,13.383675932060395,13.630505561828613,54400,0.0,0.0
2010-09-08,13.731064839824098,14.288717608321605,13.639645952998553,14.215582847595215,550300,0.0,0.0
2010-09-09,14.279576789382377,14.718386263807181,14.279576789382377,14.681818008422852,920400,0.0,0.0
2010-09-10,14.663535544974774,14.901222229003904,14.581257842640895,14.901222229003906,721700,0.0,0.0
2010-09-13,14.910364229596262,14.946932484627505,14.62696722778562,14.690959930419922,497600,0.0,0.0
2010-09-14,14.572114186390904,14.645249816935893,14.316142530906264,14.508121490478516,296900,0.0,0.0
2010-09-15,14.572114386762491,14.572114386762491,14.169873208327104,14.27957534790039,238900,0.0,0.0
2010-09-16,14.270433765780675,14.270433765780675,14.124164241421472,14.197299003601074,506500,0.0,0.0
2010-09-17,14.142448997965213,14.672675611472675,14.060172168888739,14.325285911560059,1027100,0.0,0.0
2010-09-20,14.352710517852852,14.626966310542551,14.279575756046949,14.581256866455078,237200,0.0,0.0
2010-09-21,14.508121689970183,14.544689069827946,14.215582651108083,14.27957534790039,458500,0.0,0.0
2010-09-22,14.370994370772532,14.51726389160114,14.25215016714051,14.43498706817627,292300,0.0,0.0
2010-09-23,14.325284732817453,14.617823770497905,14.179015213977229,14.498979568481445,276100,0.0,0.0
2010-09-24,14.508120033374738,15.239468418856797,14.508120033374738,15.084056854248047,358900,0.0,0.0
2010-09-27,15.12062605229805,15.17547668335217,14.791518778633097,14.919504165649414,1491000,0.0,0.0
2010-09-28,14.928646902443434,14.983497535975202,14.709242624646157,14.773235321044922,546400,0.0,0.0
2010-09-29,14.773234274361672,15.16633423144033,14.645248890631905,15.047489166259766,431500,0.0,0.0
2010-09-30,15.001781463623047,15.157193042969478,14.71838449316903,15.001781463623047,528800,0.0,0.0
2010-10-01,15.056634210421816,15.541153141981413,14.992641505883277,15.202903747558594,450900,0.0,0.0
2010-10-04,15.221185825005257,15.367455342436463,15.084058370372274,15.212043762207031,1036700,0.0,0.0
2010-10-05,15.349173482805842,15.64171252762266,15.27603697793139,15.568577766418457,550300,0.0,0.0
2010-10-06,15.678279749014749,15.69656387606443,15.458875455429547,15.522868156433105,796400,0.0,0.0
2010-10-07,15.522868230483907,15.669137760238474,15.230329170974768,15.30346393585205,540500,0.0,0.0
2010-10-08,15.230328889521406,15.449733180098713,15.212044762722387,15.321747779846191,419900,0.0,0.0
2010-10-12,15.367457406300252,15.769699505092653,15.248614061302947,15.641714096069336,501800,0.0,0.0
2010-10-13,15.723985919944074,16.336490065217554,15.70570179771624,16.14451026916504,439900,0.0,0.0
2010-10-14,16.19936465352472,16.46447925637592,16.181082270721753,16.36391830444336,814400,0.0,0.0
2010-10-15,16.27249757988501,16.747874352535693,16.27249757988501,16.47361946105957,378600,0.0,0.0
2010-10-18,16.56503952620892,16.674740793190654,16.44619445269681,16.51018714904785,267800,0.0,0.0
2010-10-19,16.16279439139287,16.683879669197054,16.098801707265324,16.14451026916504,1074700,0.0,0.0
2010-10-20,16.190221514392814,17.02213177693935,16.14451294491747,16.86672019958496,1081800,0.0,0.0
2010-10-21,16.70216784132073,17.387806898087558,16.638175141676406,16.79358673095703,586600,0.0,0.0
2010-10-22,16.94899860583164,17.076984007276867,16.766160823478184,16.77530288696289,257200,0.0,0.0
2010-10-25,16.96727793724669,17.01298824644835,16.583320058302732,16.619888305664062,132000,0.0,0.0
2010-10-26,16.629034990235944,16.629034990235944,16.04395507549739,16.354778289794922,349000,0.0,0.0
2010-10-27,16.290782408451378,16.30906653365212,15.568576899723464,15.614285469055176,431700,0.0,0.0
2010-10-28,15.815405899942334,16.363917460147253,15.815405899942334,16.089662551879883,558400,0.0,0.0
2010-10-29,16.199364436643094,16.29992538722932,15.897683328554676,16.162797927856445,507800,0.0,0.0
2010-11-01,16.226790843234586,16.555898145071858,16.016528619803115,16.36391830444336,483100,0.0,0.0
2010-11-02,16.45533387090119,16.45533387090119,16.10794425639693,16.226787567138672,464200,0.0,0.0
2010-11-03,16.455336459439653,17.214110237544787,16.409627888964845,16.729591369628906,1255200,0.0,0.0
2010-11-04,17.18668424126609,17.378664075481737,16.885003139215968,17.159259796142578,420000,0.0,0.0
2010-11-05,17.32381585134859,17.616354931160352,17.21411282458395,17.342098236083984,732000,0.0,0.0
2010-11-08,17.360380487725326,17.780906677246094,17.268961599249483,17.780906677246094,532800,0.0,0.0
2010-11-09,17.9271751467407,18.055160536875746,16.97642155239417,17.076982498168945,878600,0.0,0.0
2010-11-10,17.049557674118265,17.506650382505725,16.994707037339456,17.214111328125,444300,0.0,0.0
2010-11-11,17.314671540506872,17.579784393310547,17.30552947749016,17.579784393310547,449800,0.0,0.0
2010-11-12,17.561500521999186,17.579784648297807,17.314671791648784,17.460941314697266,344700,0.0,0.0
2010-11-15,17.588927677830352,17.826616101760937,17.451800210397028,17.726055145263672,630000,0.0,0.0
2010-11-16,17.72605371334099,17.808330535888672,17.223252458811984,17.808330535888672,445000,0.0,0.0
2010-11-17,17.79918922713483,17.982027005803314,17.680345891569512,17.872323989868164,966700,0.0,0.0
2010-11-18,18.146583141357787,18.420838103223943,17.991171531321495,18.274568557739258,816600,0.0,0.0
2010-11-19,18.365984325787654,18.56710448059423,18.237998931244398,18.55796241760254,325400,0.0,0.0
2010-11-22,18.557963288398845,18.695092496038544,18.33855899731376,18.51225471496582,515500,0.0,0.0
2010-11-23,18.466545735551406,18.731658594241093,18.14658049754363,18.210573196411133,301900,0.0,0.0
2010-11-24,18.265425194921296,18.42083679391127,18.228858682984452,18.347702026367188,262400,0.0,0.0
2010-11-25,18.320276082334182,18.649381637573242,18.29284989286832,18.649381637573242,224100,0.0,0.0
2010-11-26,18.649383905251224,18.713376611449192,18.283710052926782,18.31113624572754,133400,0.0,0.0
2010-11-29,18.31113414815736,18.448261609112045,18.14658049754363,18.210573196411133,374200,0.0,0.0
2010-11-30,18.192288116975963,18.384267947191947,18.000310030430153,18.046018600463867,435200,0.0,0.0
2010-12-01,19.015056610107422,19.280171226838277,18.51225531146179,19.015056610107422,1431500,0.0,0.0
2010-12-02,19.015056185565246,19.26188666935473,18.960205548168805,19.042482376098633,396000,0.0,0.0
2010-12-03,19.124757764325267,19.60013456909583,18.978488246498973,19.45386505126953,406100,0.0,0.0
2010-12-06,19.600135827672915,19.883532818700267,19.517859000653633,19.700695037841797,358000,0.0,0.0
2010-12-07,19.910958244622314,20.038943640108172,19.572708886119376,19.636701583862305,273000,0.0,0.0
2010-12-08,19.673271604850868,19.865249715339715,19.57271064583077,19.645845413208008,270000,0.0,0.0
2010-12-09,19.810394566715527,20.066367066109603,19.737259815984363,19.792110443115234,262900,0.0,0.0
2010-12-10,19.929242890309414,19.97495321079557,19.709838582987178,19.72812271118164,236600,0.0,0.0
2010-12-13,19.892673492980908,19.892673492980908,19.563566207885742,19.563566207885742,282500,0.0,0.0
2010-12-14,19.563567143034803,19.600135395868996,19.197893333044206,19.29845428466797,192500,0.0,0.0
2010-12-15,19.28931432132677,19.42644179704239,18.3934129534029,18.42083740234375,985400,0.0,0.0
2010-12-16,18.3294173980377,18.594532012939453,17.844900230165376,18.594532012939453,462700,0.0,0.0
2010-12-17,18.54882422493871,19.042483477397536,18.48482977665977,18.76822853088379,668800,0.0,0.0
2010-12-20,18.786508664778413,19.19789277893803,18.768226282559265,19.00591468811035,430300,0.0,0.0
2010-12-21,19.115612519960756,19.28930819734645,18.960200965177744,19.19788932800293,401400,0.0,0.0
2010-12-22,19.197891479635466,19.34416098951051,19.015053720456613,19.07904815673828,187200,0.0,0.0
2010-12-23,19.216178524501963,19.216178524501963,18.81393643938324,19.015056610107422,380100,0.0,0.0
2010-12-24,19.234460547770784,19.234460547770784,18.841360569370632,18.92363739013672,26000,0.0,0.0
2010-12-29,19.171064172310395,19.171064172310395,18.44710823576521,18.52042007446289,274600,0.05,0.0
2010-12-30,18.410452802942977,18.55707647725287,18.364633560180664,18.364633560180664,310500,0.0,0.0
2010-12-31,18.327978740733165,18.676209567734503,18.218010099216173,18.456274032592773,189300,0.0,0.0
2011-01-04,18.46543683445955,18.6945365513831,17.9430897595366,18.080549240112305,635700,0.0,0.0
2011-01-05,18.08971326768466,18.08971326768466,17.723154073647446,17.84228515625,355300,0.0,0.0
2011-01-06,17.94309008678209,17.961418483964355,16.81591987845505,16.93505096435547,861600,0.0,0.0
2011-01-07,16.99003820531236,17.2191379540492,16.550165359339424,17.173316955566406,579200,0.0,0.0
2011-01-10,17.182479782205196,17.512383953349048,16.980872648668523,17.329103469848633,478100,0.0,0.0
2011-01-11,17.594857933535923,18.282157044253857,17.49405350463851,18.181352615356445,964700,0.0,0.0
2011-01-12,18.5112613109153,19.27187244435403,18.5112613109153,18.960296630859375,1340300,0.0,0.0
2011-01-13,19.061099731903802,19.638432118010535,18.896149369480085,19.381839752197266,773800,0.0,0.0
2011-01-14,19.528460699764178,19.57428169497811,18.97862099244268,19.042770385742188,497500,0.0,0.0
2011-01-17,19.024443877833033,19.308527084815577,19.024443877833033,19.161903381347656,260200,0.0,0.0
2011-01-18,19.198558800588597,19.40016594138627,19.161902003411406,19.317689895629883,2838000,0.0,0.0
2011-01-19,19.49180525214957,19.49180525214957,18.786177671341633,18.83199691772461,388700,0.0,0.0
2011-01-20,18.786175698320836,18.9877828082812,18.41961652207835,18.859487533569336,868300,0.0,0.0
2011-01-21,18.786177828345267,19.473477017187165,18.758685231550388,18.951129913330078,674900,0.0,0.0
2011-01-24,19.23521293010774,19.244377128963837,18.557077945786556,18.593734741210938,413600,0.0,0.0
2011-01-25,18.5845722540965,18.59373645379667,17.998075708532284,18.0897159576416,371700,0.0,0.0
2011-01-26,18.23633728185191,18.28215827438476,17.7689736453697,18.199682235717773,637600,0.0,0.0
2011-01-27,18.29132311388047,19.30852655836056,18.29132311388047,19.006114959716797,1034900,0.0,0.0
2011-01-28,18.96945868259324,19.601772690225356,18.96945868259324,19.519296646118164,497800,0.0,0.0
2011-01-31,19.519296495919225,20.252416688131607,19.519296495919225,20.105792999267578,662500,0.0,0.0
2011-02-01,20.34405568463712,21.480390077682657,20.3073988907201,21.297109603881836,1186800,0.0,0.0
2011-02-02,21.39791372350252,21.416242120190564,21.068009574686137,21.11383056640625,619800,0.0,0.0
2011-02-03,21.333767541599073,21.672834164049714,20.88473227939359,21.0496826171875,781300,0.0,0.0
2011-02-04,21.049683248498674,21.141323493060764,20.344057385522856,20.408205032348633,865400,0.0,0.0
2011-02-07,20.61897551966213,20.83891104879146,20.160776063669637,20.30739974975586,392300,0.0,0.0
2011-02-08,20.444860397865412,20.444860397865412,19.775889573625324,20.059972763061523,343100,0.0,0.0
2011-02-09,20.078301482293856,20.160777530203347,19.702578040880542,19.8858585357666,248600,0.0,0.0
2011-02-10,19.840033757742447,20.24324972092686,19.65675504567099,20.124116897583008,291500,0.0,0.0
2011-02-11,20.261578972874606,20.42653104423516,20.078298505164636,20.22492218017578,331500,0.0,0.0
2011-02-14,20.169939277249426,20.37154639879656,19.986658804648663,20.261579513549805,332800,0.0,0.0
2011-02-15,20.34405535812886,20.948878464915577,20.325726961464508,20.820581436157227,398400,0.0,0.0
2011-02-16,20.80225373489474,21.278779788813267,20.76559694342069,20.921384811401367,607300,0.0,0.0
2011-02-17,21.049680266644344,21.049680266644344,20.2524142720455,20.48151397705078,589000,0.0,0.0
2011-02-18,20.44485984874401,20.75643562797352,20.380712202648333,20.728944778442383,584600,0.0,0.0
2011-02-22,21.02218924006299,21.02218924006299,20.45402120745933,20.921384811401367,430000,0.0,0.0
2011-02-23,20.811417614016275,21.06800992827908,20.646467284731767,20.73810577392578,536000,0.0,0.0
2011-02-24,20.710615769390845,20.893894503131733,20.582318733090787,20.71977996826172,327600,0.0,0.0
2011-02-25,20.893893815916933,20.91222221305585,20.71977928677367,20.85723876953125,343200,0.0,0.0
2011-02-28,20.655632092210695,21.049682151882124,20.64646789344268,20.747270584106445,218100,0.0,0.0
2011-03-01,21.077174565627583,21.15965060593315,19.730068820456918,19.977495193481445,914200,0.0,0.0
2011-03-02,20.06913327725238,20.57315366364771,19.482638607300572,20.444856643676758,730100,0.0,0.0
2011-03-03,20.527335819149034,20.563992615581473,19.950005258476168,20.05080795288086,681000,0.0,0.0
2011-03-04,19.98665893971964,20.18826781052139,19.849199458286176,19.968332290649414,409600,0.0,0.0
2011-03-07,20.00498784522813,20.05997128962082,19.079424749805607,19.299360275268555,702900,0.0,0.0
2011-03-08,19.336017369632582,19.491805254401786,18.520421150362175,18.593734741210938,987000,0.0,0.0
2011-03-09,18.602895656844307,18.703700088049576,18.071384402302815,18.51125717163086,1165300,0.0,0.0
2011-03-10,18.32798106337332,18.32798106337332,17.59486251999538,18.13553810119629,889500,0.0,0.0
2011-03-11,17.82395899952368,18.602896652896934,17.64067852349929,18.557077407836914,279100,0.0,0.0
2011-03-14,18.557078550646594,18.740359037958033,18.19051932391598,18.722030639648438,691700,0.0,0.0
2011-03-15,18.053058392060482,19.29935966351155,17.998073201518544,19.29019546508789,366000,0.0,0.0
2011-03-16,19.638430665862554,19.656759065185188,18.91447462364987,19.152738571166992,879700,0.0,0.0
2011-03-17,19.647594393661677,19.647594393661677,18.93280256827695,19.262706756591797,647700,0.0,0.0
2011-03-18,19.32685492921609,19.55595467778632,19.189395429652425,19.418495178222656,836000,0.0,0.0
2011-03-21,19.748394955668495,20.160775146457432,19.58344462724505,20.11495590209961,413100,0.0,0.0
2011-03-22,20.114957575548047,20.160776823717768,19.858365241277692,20.14244842529297,504000,0.0,0.0
2011-03-23,20.252415692144996,20.509006261092143,20.160775454138662,20.17910385131836,540300,0.0,0.0
2011-03-24,20.243253632404755,20.426534127782368,20.032482286245145,20.2707462310791,326300,0.0,0.0
2011-03-25,20.26157841917051,20.527333167406187,20.041642912664148,20.069133758544922,455800,0.0,0.0
2011-03-28,20.050809745823603,20.050809745823603,19.629267036509756,19.69341468811035,447200,0.0,0.0
2011-03-29,19.70257875696928,19.7209071567025,19.180231599819393,19.455150604248047,348300,0.0,0.0
2011-03-30,19.39100224830965,19.92251358600841,19.39100224830965,19.8858585357666,404000,0.0,0.0
2011-03-31,19.931677467424333,20.16077720842921,19.88585821838028,20.059972763061523,501200,0.0,0.0
2011-04-01,20.087464829833817,20.261581117801335,20.087464829833817,20.197433471679688,361200,0.0,0.0
2011-04-04,20.252417296336567,20.307400744338736,20.105793603069248,20.234088897705078,487500,0.0,0.0
2011-04-05,20.252416913830164,20.3532196086149,20.11495742247478,20.316564559936523,417000,0.0,0.0
2011-04-06,20.307397660899824,20.380709496401945,19.95000268131349,20.069133758544922,363700,0.0,0.0
2011-04-07,20.08746601229086,20.08746601229086,19.482642816266065,19.537626266479492,245400,0.0,0.0
2011-04-08,19.739233386138274,19.739233386138274,19.28103393054055,19.363508224487305,709900,0.0,0.0
2011-04-11,19.24437881988779,19.363509919700167,18.923638823311187,19.152738571166992,377500,0.0,0.0
2011-04-12,18.93279816920579,19.01527419712104,18.428779552294287,18.575403213500977,340000,0.0,0.0
2011-04-13,18.703700078165646,19.326851565483345,18.657880835583136,19.18939208984375,819600,0.0,0.0
2011-04-14,18.1446951727205,19.079422349250674,18.1446951727205,18.87781524658203,580400,0.0,0.0
2011-04-15,18.786177671341633,18.85948951428972,18.584570540207455,18.83199691772461,281400,0.0,0.0
2011-04-18,18.63955466920011,18.79534255966608,18.300486290694547,18.694538116455078,231100,0.0,0.0
2011-04-19,18.41961940646288,19.693413398832334,18.41961940646288,19.583446502685547,1059000,0.0,0.0
2011-04-20,19.702580099782175,20.298239148569177,19.702580099782175,20.215763092041016,1343600,0.0,0.0
2011-04-21,20.206594656778236,21.086338492743277,20.206594656778236,20.976369857788086,932400,0.0,0.0
2011-04-25,20.848075788261156,21.196306614772706,20.848075788261156,20.994699478149414,717800,0.0,0.0
2011-04-26,21.068011399099802,21.260456085205078,21.02219215130402,21.260456085205078,394000,0.0,0.0
2011-04-27,21.141322711308273,21.196306156855464,21.022191621307325,21.10466766357422,791000,0.0,0.0
2011-04-28,21.05884518209678,21.99357242985993,21.05884518209678,21.553701400756836,714000,0.0,0.0
2011-04-29,21.645343085810882,21.645343085810882,21.23296287596254,21.37042236328125,417000,0.0,0.0
2011-05-02,21.13216111018335,21.480393719872385,20.994701605471334,21.086341857910156,576900,0.0,0.0
2011-05-03,21.113834064127055,21.12299651609682,20.1424498534463,20.371549606323242,613100,0.0,0.0
2011-05-04,20.417370472660696,20.527337374505695,19.638430968373665,20.133285522460938,1066200,0.0,0.0
2011-05-05,20.133282111814626,20.5090055006056,19.858363155881943,20.34405517578125,1334500,0.0,0.0
2011-05-06,20.353220476730602,20.783929115345135,19.50097089481975,19.8858585357666,816300,0.0,0.0
2011-05-09,20.069134408522697,20.60980986832117,19.96833172387511,20.490678787231445,574100,0.0,0.0
2011-05-10,20.84807457358383,21.20546957837692,20.48151537022013,20.976369857788086,702000,0.0,0.0
2011-05-11,21.122992626592044,21.33376568882613,19.244375698079235,20.22492218017578,1560800,0.0,0.0
2011-05-12,20.160779636986412,20.48151966260788,19.91335146740192,20.215763092041016,600000,0.0,0.0
2011-05-13,20.334893412294047,20.527336354910325,20.307400814252162,20.499845504760742,389000,0.0,0.0
2011-05-16,20.49068023130974,20.82058265105763,20.243252105579664,20.30739974975586,574000,0.0,0.0
2011-05-17,20.252415173950563,20.252415173950563,19.180228436862237,19.34518051147461,983000,0.0,0.0
2011-05-18,19.40016669177977,19.84920198721518,19.271871392481756,19.56511878967285,751200,0.0,0.0
2011-05-19,19.693412935801533,19.986660315821204,19.519296648455253,19.812545776367188,300900,0.0,0.0
2011-05-20,19.83087141930435,19.83087141930435,19.363507775680155,19.592607498168945,382500,0.0,0.0
2011-05-24,19.629262853463718,19.9500027910086,19.427655741697357,19.656755447387695,278000,0.0,0.0
2011-05-25,19.55595160519916,20.380710220889295,19.537623208699085,20.34405517578125,319700,0.0,0.0
2011-05-26,20.371549012995672,21.535376143207877,20.307401363721233,21.278783798217773,669100,0.0,0.0
2011-05-27,21.43457131661353,21.535375762486883,21.031357028904754,21.242128372192383,388000,0.0,0.0
2011-05-30,21.251290521387478,21.526209486292423,21.1871428794358,21.416242599487305,73500,0.0,0.0
2011-05-31,21.498719807580706,21.498719807580706,21.20547240578986,21.342933654785156,362000,0.0,0.0
2011-06-01,21.095504312158088,21.315439851074753,20.719780881355575,20.793092727661133,406400,0.0,0.0
2011-06-02,20.719780040083208,21.040518262214597,20.664794846667352,20.811418533325195,227800,0.0,0.0
2011-06-03,20.75643593056221,21.077175913608624,20.197433757941955,20.793092727661133,157000,0.0,0.0
2011-06-06,20.637304763625487,21.086340039163687,20.46318847379891,20.52733612060547,284000,0.0,0.0
2011-06-07,20.47235298156738,20.701452722410444,20.389876935032493,20.472352981567383,772000,0.0,0.0
2011-06-08,20.3623809141812,20.66479245134605,19.80337882905346,19.830869674682617,344600,0.0,0.0
2011-06-09,19.840035259804992,20.10579177208288,19.565116296938058,19.968332290649414,615100,0.0,0.0
2011-06-10,19.904184040391307,19.977495884544247,19.638429260796492,19.720905303955078,261400,0.0,0.0
2011-06-13,19.675082912807248,19.720903904584084,19.29019532134241,19.34518051147461,281800,0.0,0.0
2011-06-14,19.345180777066084,20.27990629954894,19.317688181622536,19.968332290649414,451900,0.0,0.0
2011-06-15,19.757558387627977,20.57315453911497,19.665918154575362,19.986658096313477,340600,0.0,0.0
2011-06-16,19.931678959853294,20.160778718012526,19.601774748778414,19.638431549072266,350900,0.0,0.0
2011-06-17,19.610937124360277,19.702577368676764,19.445985034169055,19.491806030273438,552000,0.0,0.0
2011-06-20,19.290196092046088,19.895019224527967,19.207720051444728,19.711740493774414,307900,0.0,0.0
2011-06-21,19.80338089269534,20.23408774872411,19.79421669389998,19.95000457763672,460000,0.0,0.0
2011-06-22,19.968335049248342,20.133285401020892,19.70257850025654,19.775890350341797,303100,0.0,0.0
2011-06-23,19.5101360599216,19.931678771972656,19.281036303921915,19.931678771972656,622600,0.0,0.0
2011-06-24,19.995825138233208,20.014153537028825,19.36350936292289,19.528461456298828,214500,0.0,0.0
2011-06-27,19.44598270502457,19.849198682986515,19.390999264177236,19.84003448486328,464400,0.0,0.0
2011-06-28,19.91352121072966,20.317670650044793,19.73900185594427,19.876779556274414,421600,0.05,0.0
2011-06-29,19.8859615082209,20.841223334507028,19.876776096206047,20.712629318237305,411000,0.0,0.0
2011-06-30,20.712631414262177,20.905521582217272,20.51974299824547,20.813669204711914,204300,0.0,0.0
2011-07-04,20.914703247574188,21.309667173719014,20.88714701367871,21.10759162902832,273100,0.0,0.0
2011-07-05,21.217815918207325,21.888335210491448,21.199445094653147,21.81485366821289,859200,0.0,0.0
2011-07-06,21.787299315598904,22.007743961483982,21.631150805771355,21.667892456054688,425500,0.0,0.0
2011-07-07,21.695449829101562,21.9801906259448,21.217818862053395,21.695449829101562,390300,0.0,0.0
2011-07-08,21.677076138874117,21.677076138874117,20.969815194801555,21.576038360595703,505900,0.0,0.0
2011-07-11,21.40151959467791,21.58522433232404,20.979001150805317,21.493371963500977,367100,0.0,0.0
2011-07-12,21.22700269940212,22.5680413704848,21.22700269940212,22.38433837890625,713800,0.0,0.0
2011-07-13,22.549668542408284,23.789671071137974,22.503743236578266,23.596782684326172,935800,0.0,0.0
2011-07-14,23.60596876276061,23.65189406988804,23.128337860107422,23.128337860107422,490100,0.0,0.0
2011-07-15,22.981375195183162,23.42226445864544,22.81604128340026,23.23855972290039,467500,0.0,0.0
2011-07-18,23.238558979220343,23.69781905194753,23.192633672722884,23.45900535583496,419000,0.0,0.0
2011-07-19,23.56004215410241,23.752932301989137,23.330412110198996,23.43144989013672,558300,0.0,0.0
2011-07-20,23.146712349517443,23.661083228946726,23.146712349517443,23.46819305419922,223900,0.0,0.0
2011-07-21,23.642710195448483,23.651895607858886,22.74256080248836,22.972190856933594,327700,0.0,0.0
2011-07-22,23.146709218052056,23.92744996886995,23.054856849738712,23.872339248657227,744100,0.0,0.0
2011-07-25,23.927450420092153,24.4601920640301,23.81722897758816,24.36834144592285,687700,0.0,0.0
2011-07-26,24.120340239723074,24.552044095463266,23.725376280331435,24.46019172668457,495000,0.0,0.0
2011-07-27,24.294857942633573,24.3040416021537,23.054855426782485,23.34878158569336,648700,0.0,0.0
2011-07-28,23.422263861843547,23.945820067857003,22.834411525539057,23.17426300048828,471400,0.0,0.0
2011-07-29,22.87115307235744,23.27530245872377,22.60478312020888,22.972190856933594,436400,0.0,0.0
2011-08-02,22.145521820317338,23.15589260398731,22.145521820317338,22.50374412536621,568900,0.0,0.0
2011-08-03,22.292482521443162,22.86196398381097,22.191444753113586,22.73337173461914,613600,0.0,0.0
2011-08-04,22.421077840251616,22.917079586934516,21.66789155997454,22.081226348876953,853600,0.0,0.0
2011-08-05,21.915889732336446,21.980185857810945,20.602405733855605,21.190258026123047,1435100,0.0,0.0
2011-08-08,19.592036283262832,21.181075848324078,17.45188423410534,19.812480926513672,1153000,0.0,0.0
2011-08-09,20.189073521255075,21.732187733416424,19.88596192614754,20.088037490844727,3528600,0.0,0.0
2011-08-10,20.299296069972538,20.87796300515315,19.334848842087265,20.703445434570312,1102500,0.0,0.0
2011-08-11,20.721815706187428,21.208632054272933,20.317668070129038,20.979001998901367,444000,0.0,0.0
2011-08-12,21.392336115175166,21.566853690280563,21.20863137597785,21.401519775390625,311200,0.0,0.0
2011-08-15,21.759743525863808,22.090409598906973,21.585224201352727,21.925077438354492,385000,0.0,0.0
2011-08-16,21.6127798317717,21.851595281795152,20.71262875031772,20.841222763061523,590700,0.0,0.0
2011-08-17,20.988189372030774,22.044487375029934,20.988189372030774,21.71381950378418,602100,0.0,0.0
2011-08-18,20.951444388885882,21.125963710077034,19.757368879961145,19.92270278930664,924200,0.0,0.0
2011-08-19,19.509369713222295,19.70225987488585,18.27855244983608,18.554109573364258,1125000,0.0,0.0
2011-08-22,18.99499513568798,19.013365957367192,18.23262355538041,18.46225357055664,725100,0.0,0.0
2011-08-23,18.65514272434978,20.06047910683406,18.498994237407082,19.79410743713379,800800,0.0,0.0
2011-08-24,19.79410743713379,19.950255924076487,19.29810749456984,19.79410743713379,425800,0.0,0.0
2011-08-25,19.803296249320155,20.179889414514985,19.33485070804256,19.490999221801758,689200,0.0,0.0
2011-08-26,19.298108799307297,19.931888201152297,18.866404954190422,19.92270278930664,452400,0.0,0.0
2011-08-29,20.216630237794288,20.786111792696502,20.216630237794288,20.685075759887695,434000,0.0,0.0
2011-08-30,20.593223571777344,21.199446781806127,20.48300037361834,20.593223571777344,996000,0.0,0.0
2011-08-31,20.85040949481581,21.080039547613612,20.446260111348963,20.776927947998047,695100,0.0,0.0
2011-09-01,20.354407084139954,21.12596417684049,19.665516947938634,20.225814819335938,1604700,0.0,0.0
2011-09-02,19.711443325856287,20.0788528199845,19.619592704262537,19.72062873840332,535100,0.0,0.0
2011-09-06,19.288924711966857,19.288924711966857,18.352033662634707,18.645959854125977,925000,0.0,0.0
2011-09-07,18.985814470550793,19.132777576843505,18.517368912265866,18.728628158569336,1087800,0.0,0.0
2011-09-08,18.50818122751901,18.94907049228437,18.38877437528855,18.76536750793457,755200,0.0,0.0
2011-09-09,18.453073891035043,18.958259380552512,18.03055362087296,18.122406005859375,915300,0.0,0.0
2011-09-12,17.543733060544067,17.543733060544067,16.78136149976138,17.047731399536133,790900,0.0,0.0
2011-09-13,16.98343830942685,17.396773100729288,16.735437434645387,17.07529067993164,738500,0.0,0.0
2011-09-14,17.047734510111194,17.64477229282834,16.919142242062712,17.56210708618164,868800,0.0,0.0
2011-09-15,17.727437864173105,18.159143447875977,17.690697969864974,18.159143447875977,512100,0.0,0.0
2011-09-16,18.131590094733184,18.37040557747294,17.99381240328982,18.18670082092285,588700,0.0,0.0
2011-09-19,17.699884014122393,17.91114323177561,17.139586152405606,17.4978084564209,479100,0.0,0.0
2011-09-20,17.4610690420506,18.149959185336424,17.378402084701243,18.14077377319336,1068200,0.0,0.0
2011-09-21,18.048919954381603,18.131586905092846,16.818102857056545,16.891584396362305,1203300,0.0,0.0
2011-09-22,16.303732592394606,16.303732592394606,13.786987602449086,15.082100868225098,1724300,0.0,0.0
2011-09-23,14.962696051558787,15.394399948116668,14.347286524105,14.549361228942871,826900,0.0,0.0
2011-09-26,14.530990111953704,15.210694888464165,14.319730874377145,15.201509475708008,1115100,0.0,0.0
2011-09-27,15.890399707316865,16.597660723980393,15.669955056396743,15.688325881958008,1239800,0.0,0.0
2011-09-28,15.881214127548848,15.881214127548848,14.723878536105204,14.935137748718262,913000,0.0,0.0
2011-09-29,15.229063887543917,15.568917111009482,14.402396109954507,14.742247581481934,607900,0.0,0.0
2011-09-30,14.494248637675001,14.549360235584105,13.557358480973292,13.649209976196289,987000,0.0,0.0
2011-10-03,13.594098101087702,13.594098101087702,12.675577970959736,13.25424575805664,1679500,0.0,0.0
2011-10-04,12.868468595195187,14.365656670867446,12.344911469955246,14.33810043334961,1700000,0.0,0.0
2011-10-05,14.282988226645571,14.632025981893799,13.52980112280716,14.494247436523438,1400000,0.0,0.0
2011-10-06,15.155584299385357,15.568919117416666,14.852472683475185,14.861658096313477,828000,0.0,0.0
2011-10-07,15.137210688402902,15.330100818637764,14.402395315932097,14.62283992767334,505000,0.0,0.0
2011-10-11,15.477065524311637,15.899583970028473,14.852471515914381,15.780177116394043,1000000,0.0,0.0
2011-10-12,16.120025951750804,17.45188070643838,16.120025951750804,17.047731399536133,1000000,0.0,0.0
2011-10-13,17.047733410971677,17.047733410971677,16.074102547225284,16.661954879760742,741000,0.0,0.0
2011-10-14,17.249808423189336,17.718253892962416,16.56091833562977,17.5712890625,813000,0.0,0.0
2011-10-17,17.68151602826562,17.68151602826562,16.184328688673197,16.349660873413086,798000,0.0,0.0
2011-10-18,16.03736260175149,17.442699204230692,15.614844130904473,17.240625381469727,1108600,0.0,0.0
2011-10-19,17.314107273321174,17.314107273321174,16.349659947936395,16.76299476623535,1000000,0.0,0.0
2011-10-20,16.524177731007857,17.075290186161716,15.917954555920073,16.43232536315918,918300,0.0,0.0
2011-10-21,16.882400115141362,16.99262330744789,15.945510864257814,15.945510864257812,678900,0.0,0.0
2011-10-24,16.2853632173418,16.6619563705596,15.752621555330892,16.551734924316406,1056800,0.0,0.0
2011-10-25,16.70788321106016,16.717068623448068,16.294548413295686,16.303733825683594,777500,0.0,0.0
2011-10-26,16.404771426078867,16.698697611443254,15.679139623014553,16.395586013793945,848500,0.0,0.0
2011-10-27,17.21307025977274,17.360033368027526,16.65277231458983,16.7813663482666,1531900,0.0,0.0
2011-10-28,16.762993573087417,16.965067385462486,16.441511154174805,16.441511154174805,955700,0.0,0.0
2011-10-31,16.44151092541877,16.707882619420836,16.193510055541992,16.193510055541992,1401200,0.0,0.0
2011-11-01,15.614841923941364,16.037360335070677,15.164767278719154,15.917953491210938,931300,0.0,0.0
2011-11-02,16.120029761265283,16.349659824827114,15.59647349665444,15.61484432220459,736700,0.0,0.0
2011-11-03,15.982251153576597,16.120028833395533,15.587287186674256,15.908769607543945,1002600,0.0,0.0
2011-11-04,16.101661512626055,16.781366325361322,15.70669750275349,16.48744010925293,501200,0.0,0.0
2011-11-07,16.570103384272894,17.22225181195534,16.441509379425753,16.88239860534668,823400,0.0,0.0
2011-11-08,16.909956272913213,17.635588051721005,16.909956272913213,17.45188331604004,599700,0.0,0.0
2011-11-09,17.314103580487437,18.131585877946264,17.27736193694691,17.543733596801758,1577300,0.0,0.0
2011-11-10,17.957070343501893,18.287738197009112,17.709071205309836,18.076478958129883,1033500,0.0,0.0
2011-11-11,18.058109109218528,18.526554676377923,17.95707131475127,18.104034423828125,518700,0.0,0.0
2011-11-14,18.140773077179073,18.159143900760363,17.525364502711167,17.635587692260742,354000,0.0,0.0
2011-11-15,17.552923234103925,17.911145585187384,17.405960128431822,17.653959274291992,754600,0.0,0.0
2011-11-16,17.727440010205232,17.727440010205232,17.268179888159104,17.387588500976562,1000000,0.0,0.0
2011-11-17,17.360031701492225,17.71825577642047,17.341660876739336,17.47025489807129,1186300,0.0,0.0
2011-11-18,17.626402470941354,17.663142366562784,17.442697737019667,17.4978084564209,356000,0.0,0.0
2011-11-21,17.084475834760724,17.222253512472864,15.973065497081267,16.680326461791992,977200,0.0,0.0
2011-11-22,16.762993218714886,16.762993218714886,16.12921380647831,16.579288482666016,1303800,0.0,0.0
2011-11-23,16.340476021420077,16.505808194113865,15.761807285207658,16.07410430908203,1959500,0.0,0.0
2011-11-24,16.175142683606825,16.39558734046773,16.009808752976546,16.13840103149414,153100,0.0,0.0
2011-11-25,16.000622589573243,16.386401158972717,15.945511865927124,16.12002944946289,556300,0.0,0.0
2011-11-28,16.533362239233973,16.854844633162255,15.899582862854002,15.899582862854004,821400,0.0,0.0
2011-11-29,16.018992467169763,16.028177879223808,15.017805328475514,15.265806198120117,2686200,0.0,0.0
2011-11-30,15.761805962352717,16.074102960016667,15.761805962352717,15.991436004638672,512900,0.0,0.0
2011-12-01,16.120027269459605,16.799733694240544,16.120027269459605,16.643585205078125,859000,0.0,0.0
2011-12-02,17.056919426907143,17.066104838920673,16.72625160217285,16.72625160217285,819000,0.0,0.0
2011-12-05,17.093661848765915,17.53455113374457,16.7446231842041,16.7446231842041,716300,0.0,0.0
2011-12-06,16.86403042221213,17.139585764926938,16.597658739241425,16.707881927490234,875200,0.0,0.0
2011-12-07,16.790550716279128,16.79973612896555,15.65158582223816,15.807732582092285,919400,0.0,0.0
2011-12-08,15.807732540517659,15.908770327864206,15.403584895008134,15.513806343078613,628100,0.0,0.0
2011-12-09,15.578100309872914,16.129212729274794,15.34847028111697,16.110843658447266,657800,0.0,0.0
2011-12-12,16.074103392660334,16.074103392660334,14.788175471635153,15.128026962280273,633000,0.0,0.0
2011-12-13,15.247435975076451,15.467880617248998,15.045360405797906,15.284175872802734,621000,0.0,0.0
2011-12-14,15.026990861164204,15.651584870347788,14.824915298229383,14.880027770996094,1323100,0.0,0.0
2011-12-15,15.100469975115372,15.201505988378043,14.907579855363098,15.063728332519531,789000,0.0,0.0
2011-12-16,15.0086210248123,15.394399599881023,14.824916274041158,14.907583236694336,1022600,0.0,0.0
2011-12-19,15.017804581966859,15.467879238613417,14.953508452722797,15.247434616088867,1046700,0.0,0.0
2011-12-20,15.467878877155389,16.45988053130354,15.467878877155389,16.110843658447266,813600,0.0,0.0
2011-12-21,16.074101302218523,16.3312875537517,15.95469446339762,16.23943519592285,478900,0.0,0.0
2011-12-22,16.386399876964262,16.570104610663407,16.147584423930653,16.52417755126953,364000,0.0,0.0
2011-12-23,16.53336223382625,16.7721776763252,16.469066105449244,16.69869613647461,218100,0.0,0.0
2011-12-28,16.93817021733913,16.93817021733913,15.878959236641364,16.100011825561523,324300,0.05,0.0
2011-12-29,15.878957968084034,16.07238006591797,15.768432560838649,16.07238006591797,341800,0.0,0.0
2011-12-30,15.98948705607252,16.256591619696927,15.851327645236916,16.164485931396484,299000,0.0,0.0
2012-01-03,16.302643759356137,16.790800873442933,16.302643759356137,16.75395965576172,549500,0.0,0.0
2012-01-04,16.763174057006836,16.836858265216467,16.22896310829449,16.763174057006836,517600,0.0,0.0
2012-01-05,16.634223882192472,16.67106686137579,16.22896165179558,16.339487075805664,439900,0.0,0.0
2012-01-06,16.459225931945472,16.459225931945472,15.897382765024181,16.090803146362305,470700,0.0,0.0
2012-01-09,16.18290728245544,16.54211753131811,16.072381862853018,16.275012969970703,354500,0.0,0.0
2012-01-10,16.551328233447638,17.021065657482126,16.486854779382682,16.772380828857422,993600,0.0,0.0
2012-01-11,16.71711676489758,16.753959739532725,15.657905838913273,15.998696327209473,1600000,0.0,0.0
2012-01-12,16.118433419222956,16.302644789579148,15.648696005907508,15.897380828857422,1065700,0.0,0.0
2012-01-13,15.89738157597137,16.247381087972933,15.473696106948518,15.657907485961914,528900,0.0,0.0
2012-01-16,15.759224571831187,16.12764558832441,15.713170846788296,15.722381591796875,148100,0.0,0.0
2012-01-17,15.842117956508194,15.952643372162221,15.105274239478856,15.252642631530762,612900,0.0,0.0
2012-01-18,15.188169390690213,15.363170017472697,14.782905428530189,14.847380638122559,962200,0.0,0.0
2012-01-19,15.077644500481108,15.335538320784947,14.7368539792326,15.013169288635254,1311500,0.0,0.0
2012-01-20,15.188169100323524,15.188169100323524,14.764485414578331,14.957905769348145,839400,0.0,0.0
2012-01-23,15.068433237983816,15.123695946610821,14.543432235717773,14.543432235717773,895200,0.0,0.0
2012-01-24,14.414486337630986,15.271066338890302,14.147380868625453,15.18817138671875,1200000,0.0,0.0
2012-01-25,15.23422339347562,15.63948560635824,15.169748182691244,15.326327323913574,1084600,0.0,0.0
2012-01-26,15.630274549359632,15.796064431663984,14.736853441882635,14.746064186096191,1373100,0.0,0.0
2012-01-27,14.746063950202533,15.18816912476187,14.709221852322587,15.059222221374512,413000,0.0,0.0
2012-01-30,15.077643526579777,15.105274001673388,14.875010673121142,14.967116355895996,1057700,0.0,0.0
2012-01-31,15.105275983206834,15.639486905255868,14.985539809631193,15.363171577453613,1134600,0.0,0.0
2012-02-01,15.51053795182088,15.621063365734882,14.746063771298214,14.967116355895996,1128700,0.0,0.0
2012-02-02,15.068433108065648,15.1052743279094,14.847380518693685,15.003959655761719,1290800,0.0,0.0
2012-02-03,15.169747066134256,15.436853363699802,15.0592216550359,15.289484977722168,1864500,0.0,0.0
2012-02-06,15.363170983938332,15.685540025100432,15.151329123689216,15.59343433380127,614000,0.0,0.0
2012-02-07,15.657907473227915,15.750013162659707,15.252643493789972,15.611855506896973,732500,0.0,0.0
2012-02-08,15.657905339220363,15.657905339220363,15.040799587933245,15.418431282043457,1563100,0.0,0.0
2012-02-09,15.51053820448183,15.65790659661426,15.178958443798953,15.307907104492188,1134000,0.0,0.0
2012-02-10,15.197378955278971,15.326325850915035,15.068432059642907,15.206589698791504,1801700,0.0,0.0
2012-02-13,15.307907543218807,15.372380997028337,15.086853191914905,15.132906913757324,276100,0.0,0.0
2012-02-14,15.105274851734656,15.188169795220025,14.921065232588186,15.169748306274414,1490000,0.0,0.0
2012-02-15,15.123695098099008,15.16974705990947,14.478957970518993,14.736852645874023,2603600,0.0,0.0
2012-02-16,14.598695141755735,14.635537238583499,14.073694163979004,14.128957748413086,1973200,0.0,0.0
2012-02-17,14.396064463635236,14.957906710341778,14.303958774096808,14.91185474395752,1612600,0.0,0.0
2012-02-21,15.188168657997219,15.888169374588562,15.022378783440091,15.630273818969727,1209500,0.0,0.0
2012-02-22,15.731590909420405,16.100011892485437,15.593433260367245,15.750012397766113,790100,0.0,0.0
2012-02-23,15.851326622196531,16.523696873656235,15.602643563636128,16.422380447387695,1197800,0.0,0.0
2012-02-24,16.56053877924243,16.56053877924243,15.888170256671808,15.934222221374512,971400,0.0,0.0
2012-02-27,15.84211771527621,15.851326702465645,15.390800045123544,15.565800666809082,690900,0.0,0.0
2012-02-28,16.02632713317871,16.671065148482757,15.851326513578512,16.02632713317871,2149400,0.0,0.0
2012-02-29,16.4776435476031,16.79080182103019,16.081590333752974,16.69869613647461,1884800,0.0,0.0
2012-03-01,16.892117987407765,17.90527698824661,16.707906621157143,17.518434524536133,1566700,0.0,0.0
2012-03-02,17.546068110445372,17.546068110445372,16.643436120684875,16.763174057006836,837800,0.0,0.0
2012-03-05,16.680277283438407,16.744750738991833,16.201329103941656,16.357908248901367,1136400,0.0,0.0
2012-03-06,16.11843160964206,16.12764235280278,15.427641683514542,15.78685188293457,842200,0.0,0.0
2012-03-07,16.02632739157055,16.100011586784472,15.694749391492811,15.814485549926758,1209200,0.0,0.0
2012-03-08,16.063168921639754,16.24737851470807,15.750010680977022,15.842116355895996,899600,0.0,0.0
2012-03-09,15.869748931883002,16.090801526923308,15.842118455484128,15.980276107788086,373500,0.0,0.0
2012-03-12,15.93422277938577,16.035539213403602,15.436854867453484,15.556591033935547,542000,0.0,0.0
2012-03-13,15.648696225849516,15.657906970173764,15.390800655080096,15.482906341552734,531900,0.0,0.0
2012-03-14,15.446064663453074,15.57501156663295,14.865800085604036,14.957905769348145,861500,0.0,0.0
2012-03-15,15.050011278515173,15.307906838653187,14.819747950210802,14.921064376831055,659100,0.0,0.0
2012-03-16,15.0776439735001,15.372380761700178,14.847380638122559,14.847380638122559,914700,0.0,0.0
2012-03-19,14.810536856119336,14.939483754754924,14.690799822825669,14.782904624938965,662800,0.0,0.0
2012-03-20,14.736854091743234,14.865801002879618,14.626327791461353,14.810538291931152,1121000,0.0,0.0
2012-03-21,14.718432670078435,14.718432670078435,13.944748564553171,14.359222412109375,2699100,0.0,0.0
2012-03-22,14.092117579359877,14.119748936164397,13.502643071091798,13.778959274291992,1472200,0.0,0.0
2012-03-23,13.6500109228838,14.184221817410632,13.59474821152445,14.156590461730957,797600,0.0,0.0
2012-03-26,14.156590145861268,14.828959560554113,14.036853102741036,14.17501163482666,1184000,0.0,0.0
2012-03-27,14.175011671669528,14.257905737074427,13.82501128588183,13.972379684448242,465000,0.0,0.0
2012-03-28,13.871065382992391,14.230275667348964,13.714486225775673,13.907907485961914,1257700,0.0,0.0
2012-03-29,13.944747762580494,13.944747762580494,13.069746394479978,13.300009727478027,1094600,0.0,0.0
2012-03-30,13.355273441543149,13.594747520962509,13.060536653571576,13.493431091308594,2121400,0.0,0.0
2012-04-02,13.511852343762959,13.990799615851886,13.511852343762959,13.806589126586914,1798700,0.0,0.0
2012-04-03,13.84343152091755,13.86185300943102,13.198694355489694,13.392115592956543,669900,0.0,0.0
2012-04-04,13.373693888469802,13.373693888469802,12.765797993042664,13.19869327545166,1121500,0.0,0.0
2012-04-05,13.235536826499079,13.355273870050553,12.913168673908135,12.922378540039062,287000,0.0,0.0
2012-04-09,12.710536677770794,12.756589521933629,12.489484079851113,12.526326179504395,761000,0.0,0.0
2012-04-10,12.452642074955333,12.480273430309317,11.614482764291651,12.222378730773926,3160400,0.0,0.0
2012-04-11,12.259220921767701,13.088168615624125,12.185535842968173,12.664484024047852,1150600,0.0,0.0
2012-04-12,12.664483741804425,13.161852522710802,12.581588798589207,12.830273628234863,637400,0.0,0.0
2012-04-13,12.885536908137594,12.92237900915359,12.406589594929661,12.452642440795898,945200,0.0,0.0
2012-04-16,12.58159013077226,12.738169289339062,12.157905503777094,12.21316909790039,485600,0.0,0.0
2012-04-17,12.222377093722427,12.43421892037069,12.194744863684525,12.30527114868164,692800,0.0,0.0
2012-04-18,12.296062961811193,12.42500987271329,12.25001011718118,12.369747161865234,1122800,0.0,0.0
2012-04-19,12.452642106522267,12.710536806711412,12.25001011718118,12.369747161865234,1163100,0.0,0.0
2012-04-20,12.378956282377233,12.60000974760809,12.240798635194736,12.259220123291016,756000,0.0,0.0
2012-04-23,12.185534867248691,12.434219682523915,11.881587345280009,12.1671142578125,952800,0.0,0.0
2012-04-24,12.277641831446951,12.277641831446951,12.084220581055684,12.148694038391113,1478400,0.0,0.0
2012-04-25,12.157904080328198,13.088168177395522,12.148693335988538,12.885536193847656,1316400,0.0,0.0
2012-04-26,13.023694606536317,13.732905224991482,12.91316831061025,13.392115592956543,1745400,0.0,0.0
2012-04-27,13.419746361919254,13.696062528872874,12.968430453646437,13.023694038391113,551400,0.0,0.0
2012-04-30,13.088167687743807,13.189483236534882,12.968430650962596,13.16185188293457,764000,0.0,0.0
2012-05-01,13.217115535377589,13.447378866109707,12.996062070302232,13.106588363647461,1659300,0.0,0.0
2012-05-02,13.06974708574467,13.07895783036413,12.84869448518735,12.86711597442627,554800,0.0,0.0
2012-05-03,12.931588616336809,12.98685220219143,12.461851210919674,12.507904052734375,721000,0.0,0.0
2012-05-04,12.50790357185315,12.50790357185315,12.019745575508889,12.231587409973145,623600,0.0,0.0
2012-05-07,12.084219864273045,12.148693317784195,11.973693567517536,12.139483451843262,454000,0.0,0.0
2012-05-08,12.121061416644695,12.240798452327036,11.881587345280009,12.1671142578125,1228200,0.0,0.0
2012-05-09,12.010535174155343,12.16711430773744,11.761851236244588,12.06579875946045,2800000,0.0,0.0
2012-05-10,12.250011201187577,12.480274566328754,12.130274145907961,12.21316909790039,959000,0.0,0.0
2012-05-11,12.130272210328998,12.203956405145881,11.853956040573246,12.06579875946045,1346700,0.0,0.0
2012-05-14,11.964483699467861,11.964483699467861,11.144746718897578,11.246062278747559,1000000,0.0,0.0
2012-05-15,11.319745553345298,11.319745553345298,10.914482468806874,11.043429374694824,916800,0.0,0.0
2012-05-16,11.025009143031703,11.09869334274977,10.573692321777344,10.573692321777344,730000,0.0,0.0
2012-05-17,10.573692643779374,10.647377724126333,10.113165942324489,10.159218788146973,1204300,0.0,0.0
2012-05-18,10.21448101052837,10.29737594622764,10.002638299476365,10.131586074829102,2300000,0.0,0.0
2012-05-22,10.214482917257769,10.932904363450504,10.214482917257769,10.62895679473877,1200000,0.0,0.0
2012-05-23,10.619745671353686,10.803956179411319,10.536850723131503,10.748693466186523,759000,0.0,0.0
2012-05-24,10.83158677462209,11.328955510273877,10.83158677462209,11.135534286499023,928500,0.0,0.0
2012-05-25,11.144746347853985,11.430272406281961,11.107904247463763,11.365798950195312,531700,0.0,0.0
2012-05-28,11.45790361572807,11.706588448976534,11.411851649616827,11.421061515808105,93100,0.0,0.0
2012-05-29,11.457903694538,11.982904719989738,11.457903694538,11.81711483001709,529300,0.0,0.0
2012-05-30,11.688166855418642,11.688166855418642,11.25527240482217,11.328956604003906,758600,0.0,0.0
2012-05-31,11.338167418185805,11.540798527988546,11.144746174548679,11.273693084716797,355200,0.0,0.0
2012-06-01,11.052640118939653,11.18158790321252,10.730271097449947,11.043429374694824,1007300,0.0,0.0
2012-06-04,11.025008287773487,11.503955548786898,10.822376315075372,11.319745063781738,479300,0.0,0.0
2012-06-05,11.310533667681973,12.056587186910718,11.264480829490228,11.955270767211914,839100,0.0,0.0
2012-06-06,12.093430311358963,12.434219937575207,11.531588097064871,11.60527229309082,1047000,0.0,0.0
2012-06-07,11.725008559058832,12.010535480034598,11.4763246148147,11.69737720489502,1210500,0.0,0.0
2012-06-08,11.476325011694337,11.918430207144066,11.476325011694337,11.725008964538574,681000,0.0,0.0
2012-06-11,11.946062300700616,11.946062300700616,11.393429934477584,11.485535621643066,303600,0.0,0.0
2012-06-12,11.586850420010457,11.63290326059316,11.181587355329393,11.375008583068848,576900,0.0,0.0
2012-06-13,11.375009796779281,11.375009796779281,10.969745810471785,11.061851501464844,960000,0.0,0.0
2012-06-14,11.061849998605657,11.16316554222535,10.684218297931974,10.840797424316406,669700,0.0,0.0
2012-06-15,10.914482972088521,11.421061631524353,10.914482972088521,11.218430519104004,1511500,0.0,0.0
2012-06-18,11.218431238776443,11.439483854716615,10.951325774919146,11.227641105651855,382100,0.0,0.0
2012-06-19,11.282902118313688,11.31053346939038,11.080270160853367,11.163165092468262,1362900,0.0,0.0
2012-06-20,11.080271772976836,11.421061413788609,11.080271772976836,11.328956604003906,635600,0.0,0.0
2012-06-21,11.328955169615305,11.375008007869257,10.850007057189941,10.850007057189941,1163000,0.0,0.0
2012-06-22,11.015797758582037,11.061850600326936,10.54606035387687,10.656586647033691,499800,0.0,0.0
2012-06-25,10.564481933532248,10.638166129609036,10.103955268859865,10.103955268859863,558700,0.0,0.0
2012-06-26,10.159218788146973,10.361850782734916,10.12237668716598,10.159218788146973,793700,0.0,0.0
2012-06-27,10.308618662940216,11.298395850090776,10.299280932284313,10.915556907653809,700500,0.15,0.0
2012-06-28,10.924894664175042,11.205020351050301,10.775494535306906,10.887544631958008,1073600,0.0,0.0
2012-06-29,11.13032027205825,11.27038267006518,10.719469027713243,10.971582412719727,1354000,0.0,0.0
2012-07-03,11.20501960456231,12.045395718706503,11.046281755591414,11.410445213317871,1183200,0.0,0.0
2012-07-04,10.065842542455071,10.598081588745117,9.701679968698423,10.598081588745117,1339900,0.0,0.0
2012-07-05,10.401994373335674,10.6260945700892,10.26193108249345,10.43934440612793,1711500,0.0,0.0
2012-07-06,10.32729334864986,10.448680276080148,10.233917830093546,10.383317947387695,678700,0.0,0.0
2012-07-09,10.430006344920493,10.486030947086702,10.271268487957908,10.476694107055664,524900,0.0,0.0
2012-07-10,10.411330278699428,10.448680308137558,10.121867773177653,10.271267890930176,1319700,0.0,0.0
2012-07-11,10.271268267964208,10.336630599256498,10.019154892131134,10.037830352783203,1241000,0.0,0.0
2012-07-12,10.01915461437227,10.1218678641212,9.785716705662814,9.79505443572998,958800,0.0,0.0
2012-07-13,9.888430609812314,10.065843040354594,9.748367321020504,9.80439281463623,919900,0.0,0.0
2012-07-16,9.804393156752504,10.019155627034223,9.757705392192769,9.823068618774414,370500,0.0,0.0
2012-07-17,9.851080577566835,9.851080577566835,9.61764265340883,9.80439281463623,518600,0.0,0.0
2012-07-18,9.795055711180593,9.953793581012468,9.72035564190619,9.8977689743042,5041000,0.0,0.0
2012-07-19,10.019156193900844,10.794170992253342,10.019156193900844,10.775495529174805,1219300,0.0,0.0
2012-07-20,10.766155915449044,10.812843674488134,10.570068039880818,10.747481346130371,552800,0.0,0.0
2012-07-23,10.579406877544198,11.261046093700658,10.430006745371557,11.21435832977295,881400,0.0,0.0
2012-07-24,11.270382967166157,11.503820896994752,10.794170267092047,11.046282768249512,820500,0.0,0.0
2012-07-25,11.083633479368531,11.130321246289066,10.878207839215237,11.027608871459961,690100,0.0,0.0
2012-07-26,11.158333058962324,11.550508859035881,11.148995327890322,11.485146522521973,1029200,0.0,0.0
2012-07-27,11.662557896685893,11.79328344828543,11.373095383815802,11.737257957458496,511900,0.0,0.0
2012-07-30,11.783946260551113,12.222809805664909,11.709246196339617,12.138772010803223,515300,0.0,0.0
2012-07-31,12.138773316604427,12.138773316604427,11.130321450772284,11.242371559143066,1249100,0.0,0.0
2012-08-01,11.223694456291922,11.335744539404457,10.79416869244642,11.205018997192383,468900,0.0,0.0
2012-08-02,11.186344501593346,11.429120147828673,11.083632139183775,11.12098217010498,1780600,0.0,0.0
2012-08-03,11.382432979767845,11.429120743476307,11.074294985985029,11.27038288116455,2412300,0.0,0.0
2012-08-07,11.475808903113414,12.101422643104138,11.410446565963506,12.064072608947754,996700,0.0,0.0
2012-08-08,12.073409208717328,12.073409208717328,11.494483288296713,11.569183349609375,321500,0.0,0.0
2012-08-09,11.541170989474697,12.045396884876624,11.45713408232024,11.961359977722168,655700,0.0,0.0
2012-08-10,11.970697560865041,11.970697560865041,11.681235007108183,11.690572738647461,328400,0.0,0.0
2012-08-13,11.709246601422482,11.886659037438639,11.709246601422482,11.87732219696045,221700,0.0,0.0
2012-08-14,12.082745304811308,12.082745304811308,11.849307404953715,11.867982864379883,496100,0.0,0.0
2012-08-15,11.895995859064167,11.94268361986639,11.64388337552411,11.681233406066895,285100,0.0,0.0
2012-08-16,11.690571758893837,11.858646460039504,11.653220835867003,11.718584060668945,776600,0.0,0.0
2012-08-17,11.746596043872705,11.821296106910449,11.643883679819556,11.671895980834961,346400,0.0,0.0
2012-08-20,11.681232728209604,11.811957382275967,11.662557268774457,11.783945083618164,305000,0.0,0.0
2012-08-21,11.84930769377805,12.446909052558066,11.8399708543323,12.026721000671387,621800,0.0,0.0
2012-08-22,12.082746262669986,12.092083993123317,11.727921410393261,11.811958312988281,221800,0.0,0.0
2012-08-23,11.839972163562571,12.036060061525186,11.839972163562571,11.87732219696045,319900,0.0,0.0
2012-08-24,11.93334706279386,12.138772696222393,11.793284657112395,11.980034828186035,353300,0.0,0.0
2012-08-27,12.008046548411933,12.138772107066236,11.830634117126465,11.830634117126465,97000,0.0,0.0
2012-08-28,11.858646191005242,11.858646191005242,11.475808143615723,11.475808143615723,217100,0.0,0.0
2012-08-29,11.46646919112163,11.634544761037885,11.167668969488203,11.205018997192383,251100,0.0,0.0
2012-08-30,11.167670974763963,11.177008705990422,10.728807402566002,10.84085750579834,242400,0.0,0.0
2012-08-31,10.896882283802553,11.130320206093963,10.812844489298445,11.111644744873047,213100,0.0,0.0
2012-09-04,11.13031992369894,11.19568225532378,10.859531976331054,10.952906608581543,504500,0.0,0.0
2012-09-05,10.952907910090056,11.06495890689737,10.710133124994437,11.027608871459961,745900,0.0,0.0
2012-09-06,11.139657858455534,11.709246064267381,11.139657858455534,11.475808143615723,288900,0.0,0.0
2012-09-07,11.475808403964628,11.942684255859845,11.475808403964628,11.718584060668945,442500,0.0,0.0
2012-09-10,11.811958415336997,12.092084097899276,11.559845924377443,11.559845924377441,265000,0.0,0.0
2012-09-11,11.625208337743526,11.643883798941518,11.158332493733786,11.195682525634766,1488300,0.0,0.0
2012-09-12,11.261045684053796,11.522495905845053,11.242370222964064,11.475808143615723,1443700,0.0,0.0
2012-09-13,11.485145886402545,11.64388374385447,11.289057997226342,11.53183364868164,372500,0.0,0.0
2012-09-14,11.597195536444003,12.138771420906382,11.569183236349732,11.989371299743652,747100,0.0,0.0
2012-09-17,12.054735363728351,12.054735363728351,11.662559544029628,11.690572738647461,794300,0.0,0.0
2012-09-18,11.699907986767824,11.737258017344693,11.494483263842525,11.597195625305176,696800,0.0,0.0
2012-09-19,11.62520920837875,11.6905724369719,11.270383433498335,11.50382137298584,458300,0.0,0.0
2012-09-20,11.270382132382247,11.802621178505749,11.261045292656897,11.737257957458496,1203800,0.0,0.0
2012-09-21,11.774608502920564,12.40955993775836,11.774608502920564,12.30684757232666,1833600,0.0,0.0
2012-09-24,12.10142135620117,12.32552153730796,12.008045835492528,12.101421356201172,609900,0.0,0.0
2012-09-25,12.138771112382017,12.148108842341097,11.830633147691916,11.998708724975586,708600,0.0,0.0
2012-09-26,11.980033899682127,12.026721661455799,11.85864607526857,11.952021598815918,820200,0.0,0.0
2012-09-27,12.138772010803223,12.19479750420935,11.961359580924672,12.138772010803223,535400,0.0,0.0
2012-09-28,12.064072001099875,12.08274657198962,11.867984109034976,11.942684173583984,471600,0.0,0.0
2012-10-01,11.970697105458747,12.138772704791197,11.867984733919503,12.036060333251953,897600,0.0,0.0
2012-10-02,12.138770959829605,12.58697130629344,12.017383143371918,12.558959007263184,1909000,0.0,0.0
2012-10-03,12.558959014133137,12.605646772872392,12.37220886967105,12.474921226501465,1188300,0.0,0.0
2012-10-04,12.530947621540475,12.792397842699957,12.502935320468566,12.67101001739502,1406200,0.0,0.0
2012-10-05,12.783061484892974,12.81107467946809,12.353535630187197,12.437573432922363,932800,0.0,0.0
2012-10-09,12.297509487064056,12.493597372138916,12.204133964458894,12.372209548950195,312900,0.0,0.0
2012-10-10,12.288171472819085,12.456247053427449,12.1387713524983,12.213471412658691,917900,0.0,0.0
2012-10-11,12.297509178611325,12.372209238623796,12.204133658348256,12.241483688354492,791300,0.0,0.0
2012-10-12,12.316184386803782,12.334859848022463,12.16678425903435,12.334859848022461,471600,0.0,0.0
2012-10-15,12.33485957978096,12.372209610911082,12.13877169372408,12.232147216796875,582400,0.0,0.0
2012-10-16,12.35353475126879,12.446910278885593,12.260160114147011,12.297510147094727,1323300,0.0,0.0
2012-10-17,12.306847230696476,12.437571893890716,12.082746154301388,12.428235054016113,1729100,0.0,0.0
2012-10-18,12.306847739428685,12.82041046405533,12.213472212862921,12.717698097229004,712000,0.0,0.0
2012-10-19,12.512272264993703,12.512272264993703,12.176121977838395,12.278834342956543,1526600,0.0,0.0
2012-10-22,11.774607612160228,12.10142103548417,11.765270772732782,12.054733276367188,1120200,0.0,0.0
2012-10-23,11.839971504348279,11.88665837562496,11.643883617303251,11.811958312988281,1025100,0.0,0.0
2012-10-24,11.914672365595885,11.914672365595885,11.32640866503095,11.345083236694336,1200000,0.0,0.0
2012-10-25,11.494483616957364,11.625208282744833,11.335745759505437,11.53183364868164,702600,0.0,0.0
2012-10-26,11.531833756253896,11.559846057684661,11.111644782317393,11.139657974243164,1017000,0.0,0.0
2012-10-29,11.205019606844164,11.242369636580515,11.046281757840944,11.186344146728516,147900,0.0,0.0
2012-10-30,11.17700868625905,11.17700868625905,10.906220714635166,10.924895286560059,199000,0.0,0.0
2012-10-31,11.046282751917978,11.177008313006931,10.962244954824726,11.13032054901123,748700,0.0,0.0
2012-11-01,11.13031891556886,11.363756810793888,10.924893318432265,11.317069053649902,1186800,0.0,0.0
2012-11-02,11.223695690489498,11.531833675556648,11.205020229336338,11.363758087158203,697100,0.0,0.0
2012-11-05,11.335746143524243,11.475808544611397,11.26104607754509,11.298396110534668,697100,0.0,0.0
2012-11-06,11.373095428094029,11.634545641816027,11.242369875985545,11.541170120239258,1135100,0.0,0.0
2012-11-07,11.29839494370277,11.382431841379207,10.663443557958997,10.747481346130371,1688100,0.0,0.0
2012-11-08,10.756820747529849,10.775495319750348,10.364644935453548,10.5607328414917,510500,0.0,0.0
2012-11-09,10.467356313669631,10.710131962918576,10.40199398136991,10.616756439208984,693100,0.0,0.0
2012-11-12,10.635430642674269,10.831518506884072,10.542055130004883,10.542055130004883,343400,0.0,0.0
2012-11-13,10.448681543538509,10.560732535596204,10.271269105354747,10.373981475830078,290800,0.0,0.0
2012-11-14,10.373980904078186,10.495368730037976,10.280606269836426,10.280606269836426,262200,0.0,0.0
2012-11-15,10.280607866972598,10.4113325533187,10.224582365327741,10.233920097351074,407300,0.0,0.0
2012-11-16,10.252593670006888,10.560732563229248,10.224581367166692,10.345969200134277,244500,0.0,0.0
2012-11-19,10.430006618854113,10.682119116213526,10.243256455903618,10.635432243347168,536300,0.0,0.0
2012-11-20,10.728806772411861,10.924894664175042,10.607418945082749,10.887544631958008,208400,0.0,0.0
2012-11-21,10.878206608424643,10.971582131700941,10.7754942452167,10.812844276428223,283700,0.0,0.0
2012-11-22,10.794169982544616,11.064957938387685,10.794169982544616,10.971582412719727,91100,0.0,0.0
2012-11-23,10.924894610412267,11.092970199809304,10.859532276977866,11.083632469177246,234900,0.0,0.0
2012-11-26,11.074295404687863,11.186345507527607,10.915557536374461,11.008933067321777,203200,0.0,0.0
2012-11-27,11.018269830701364,11.10230762307329,10.887544276956703,10.952906608581543,156200,0.0,0.0
2012-11-28,10.878206847746979,11.177007994507823,10.710132148844949,11.083632469177246,432900,0.0,0.0
2012-11-29,11.167668943185069,11.419781406970749,11.139656645096638,11.317069053649902,361200,0.0,0.0
2012-11-30,11.26104598389697,11.67189634336563,11.26104598389697,11.466470718383789,467300,0.0,0.0
2012-12-03,11.485145216390517,11.998708790510673,11.363757397744303,11.550507545471191,953600,0.0,0.0
2012-12-04,11.47580777900981,11.75593345299073,11.317069926770454,11.625207901000977,607000,0.0,0.0
2012-12-05,11.615870500729457,12.045396308903255,11.513158136566481,11.727921485900879,926200,0.0,0.0
2012-12-06,11.699907941198438,11.989371344912989,11.494483219073238,11.793283462524414,294000,0.0,0.0
2012-12-07,11.79328383153952,11.95202168846365,11.643883705139162,11.64388370513916,728000,0.0,0.0
2012-12-10,11.643882932506518,12.120095581184708,11.643882932506518,12.082745552062988,501100,0.0,0.0
2012-12-11,12.129433631896974,12.222809152418405,12.017383541568233,12.129433631896973,444600,0.0,0.0
2012-12-12,12.232146582912735,12.232146582912735,11.989370947900374,12.054733276367188,619400,0.0,0.0
2012-12-13,11.91467187200186,12.045396539715117,11.839971807452851,11.942684173583984,841400,0.0,0.0
2012-12-14,11.914670912867935,12.026721000671387,11.727920766528849,12.026721000671387,888800,0.0,0.0
2012-12-17,11.924010222111471,12.176122730437122,11.839972422504568,11.980034828186035,490300,0.0,0.0
2012-12-18,11.924008666292831,12.204133441105693,11.858645447074213,11.998708724975586,595500,0.0,0.0
2012-12-19,12.026722547641201,12.18546041507125,11.980034782427355,12.092084884643555,434200,0.0,0.0
2012-12-20,12.07341007775648,12.120096951566167,11.821296684807997,11.961359977722168,518400,0.0,0.0
2012-12-21,11.830633078115115,12.129433311088873,11.830633078115115,12.082745552062988,411100,0.0,0.0
2012-12-24,12.129433311088873,12.26015885826236,11.905333136358555,12.082745552062988,136100,0.0,0.0
2012-12-27,12.111087837955543,12.668462552658848,12.111087837955543,12.281134605407715,483000,0.15,0.0
2012-12-28,12.177217636930646,12.366157989133802,12.148875908396175,12.281134605407715,197300,0.0,0.0
2012-12-31,12.290580910847623,12.545650141633038,12.205557533606287,12.394497871398926,234200,0.0,0.0
2013-01-02,12.640121888650766,12.649569131617856,12.300029250283627,12.49841594696045,510600,0.0,0.0
2013-01-03,12.422840174648009,12.63067502141314,12.262240643184777,12.536205291748047,365300,0.0,0.0
2013-01-04,12.517310641269457,12.753486313746238,12.413393669717601,12.7156982421875,418800,0.0,0.0
2013-01-07,12.66846232894245,12.885744405843024,12.592886189395811,12.810168266296387,599900,0.0,0.0
2013-01-08,12.781825858515488,12.81961392627921,12.602332761872457,12.677908897399902,710400,0.0,0.0
2013-01-09,12.621226295033537,12.668461604784774,12.129981416061044,12.33781623840332,1096000,0.0,0.0
2013-01-10,12.422838825757854,12.470074135930872,12.186663175831365,12.271686553955078,757700,0.0,0.0
2013-01-11,12.347263933134261,12.375605662655039,11.959935972403947,12.0260648727417,1079500,0.0,0.0
2013-01-14,11.931595039187366,12.337817482702484,11.865466139429534,12.318922996520996,925900,0.0,0.0
2013-01-15,12.290582007316537,12.583439331786904,12.281134764349448,12.49841594696045,522500,0.0,0.0
2013-01-16,12.479521587389927,12.592885793142718,12.375604624017855,12.545650482177734,643400,0.0,0.0
2013-01-17,12.45118079411091,12.649568379937545,12.432286309299505,12.602333068847656,433100,0.0,0.0
2013-01-18,12.536204341939047,12.92353227637894,12.526757099406701,12.81961441040039,622100,0.0,0.0
2013-01-21,12.772380310134222,12.791273894719618,12.583439058648331,12.744038581848145,52400,0.0,0.0
2013-01-22,12.753486030144243,12.885744728128104,12.715697959425807,12.847956657409668,422200,0.0,0.0
2013-01-23,12.762932341376526,13.036896059320764,12.762932341376526,12.961319923400879,341900,0.0,0.0
2013-01-24,12.904638123627125,13.036896819669934,12.904638123627125,12.9707670211792,589900,0.0,0.0
2013-01-25,12.97076718881199,13.178602027868537,12.829062149100832,12.904638290405273,418500,0.0,0.0
2013-01-28,12.791274078448613,12.93297911815977,12.753486007796392,12.904638290405273,355400,0.0,0.0
2013-01-29,12.847956490519985,13.018002356074785,12.847956490519985,12.914085388183594,319100,0.0,0.0
2013-01-30,12.885744416158344,12.942426070394374,12.847956346354776,12.923532485961914,428200,0.0,0.0
2013-01-31,12.838509536480075,12.95187374971251,12.753486151321079,12.895191192626953,559500,0.0,0.0
2013-02-01,12.932978705454474,13.263624988814126,12.885744294350502,13.159708023071289,522500,0.0,0.0
2013-02-04,12.970767370538937,13.150261384355787,12.961321028447536,13.065237998962402,176700,0.0,0.0
2013-02-05,12.961321515952555,13.150261878967287,12.961321515952555,13.150261878967285,157200,0.0,0.0
2013-02-06,13.036896204715308,13.225836546622189,12.914084757241183,12.951872825622559,419100,0.0,0.0
2013-02-07,12.942426588332685,13.462013244628906,12.942426588332685,13.462013244628906,417100,0.0,0.0
2013-02-08,13.424224708557395,13.509248091309043,13.339201325805748,13.433671951293945,1390100,0.0,0.0
2013-02-11,13.320307231118885,13.348648057304462,13.103025161193143,13.235283851623535,308400,0.0,0.0
2013-02-12,13.13136644986991,13.310860457557183,13.121920108101094,13.263625144958496,391300,0.0,0.0
2013-02-13,13.2258372019154,13.282519757765192,12.83850925658092,13.027449607849121,275900,0.0,0.0
2013-02-14,13.036896453244719,13.424224386772318,12.866849691817526,13.395883560180664,398200,0.0,0.0
2013-02-15,13.405330603997726,14.30279886882127,13.405330603997726,14.094964027404785,1430000,0.0,0.0
2013-02-19,14.028834856672093,14.567315084391186,13.981599543500197,14.34058666229248,2501700,0.0,0.0
2013-02-20,14.312245056164189,14.43505651108542,14.170540016375897,14.387821197509766,1339500,0.0,0.0
2013-02-21,14.208328550479978,14.227223036901988,13.594272156783891,13.792659759521484,768700,0.0,0.0
2013-02-22,13.839893645157694,13.839893645157694,13.518695496698305,13.65095329284668,1123900,0.0,0.0
2013-02-25,13.698187078748429,13.868233827336683,13.178600492125431,13.225835800170898,899700,0.0,0.0
2013-02-26,13.112473615802838,13.216390588716052,12.45118190439237,12.536205291748047,3486600,0.0,0.0
2013-02-27,11.99772334363142,12.611780599980627,11.893806377605545,12.300028800964355,4711500,0.0,0.0
2013-02-28,12.281133860640841,12.60233289037701,12.281133860640841,12.555097579956055,1196500,0.0,0.0
2013-03-01,12.517309715637913,13.008555510513489,12.451180820534903,12.829061508178711,1065800,0.0,0.0
2013-03-04,12.90463838515854,12.90463838515854,12.451181534002355,12.49841594696045,611200,0.0,0.0
2013-03-05,12.630674371519804,12.942426175157404,12.611780786934409,12.744038581848145,668600,0.0,0.0
2013-03-06,12.734591498561358,12.791274054904692,12.470075004482691,12.564545631408691,260400,0.0,0.0
2013-03-07,12.602333747270498,12.89519107010371,12.564545676552063,12.847956657409668,404300,0.0,0.0
2013-03-08,12.838508410630372,12.914084546157817,12.583438277521296,12.677908897399902,277400,0.0,0.0
2013-03-11,12.725144337096053,12.734590678429354,12.39449806508797,12.555097579956055,203300,0.0,0.0
2013-03-12,12.555098261741799,12.819614753149269,12.479522121339665,12.800721168518066,252700,0.0,0.0
2013-03-13,12.772380637329158,12.92353292163907,12.7156980802436,12.895191192626953,308100,0.0,0.0
2013-03-14,12.847956814902586,13.103026070144054,12.838509571872503,13.065237998962402,643500,0.0,0.0
2013-03-15,12.989661653163068,13.934364318847656,12.989661653163068,13.934364318847656,2820700,0.0,0.0
2013-03-18,13.72652917383102,14.265010293893491,13.698188346755726,14.009940147399902,3804600,0.0,0.0
2013-03-19,13.924917214299512,14.019387842181935,13.528142018695217,13.811553001403809,912300,0.0,0.0
2013-03-20,13.792660047618199,13.792660047618199,13.386437590446963,13.547037124633789,492500,0.0,0.0
2013-03-21,13.44311879827051,13.792659585149037,13.44311879827051,13.745424270629883,546800,0.0,0.0
2013-03-22,13.679294928595612,13.773765560801529,13.54703712463379,13.547037124633789,190600,0.0,0.0
2013-03-25,13.414778103541302,13.632060192117994,13.405330860355642,13.509248733520508,363900,0.0,0.0
2013-03-26,13.462013284453647,13.802105927301916,13.386437141598476,13.745424270629883,424100,0.0,0.0
2013-03-27,13.632059277639149,14.057175282150135,13.58482396581823,13.9627046585083,676100,0.0,0.0
2013-03-28,13.962704670271302,14.17053950189525,13.849340462368776,14.076068878173828,226400,0.0,0.0
2013-04-01,14.07606911894039,14.07606911894039,13.358095789943697,13.49035358428955,486200,0.0,0.0
2013-04-02,13.452566175345245,13.518695976706168,13.235284987707251,13.509248733520508,312400,0.0,0.0
2013-04-03,13.424224280791865,13.443117864724265,12.84795600630499,12.942425727844238,486300,0.0,0.0
2013-04-04,12.838509846847005,12.876297918837997,12.687357558883033,12.70625114440918,299300,0.0,0.0
2013-04-05,12.545651786146006,12.980215070501934,12.545651786146006,12.866850852966309,603200,0.0,0.0
2013-04-08,12.885744569632635,13.093578505558328,12.706250560223848,13.027449607849121,306200,0.0,0.0
2013-04-09,13.036896540266548,13.273072198963629,13.018002055120235,13.103025436401367,179200,0.0,0.0
2013-04-10,13.140814017027088,13.63205983868054,13.112473189143596,13.414777755737305,316800,0.0,0.0
2013-04-11,13.405329723719596,13.51869483045791,13.188048554504842,13.348648071289062,568500,0.0,0.0
2013-04-12,13.31086091211247,13.31086091211247,12.800721500690852,13.065237998962402,268600,0.0,0.0
2013-04-15,12.810169157396146,12.961321447003865,12.290582486165578,12.356711387634277,398500,0.0,0.0
2013-04-16,12.470075184153723,12.753486168076492,12.3472637277559,12.72514533996582,243800,0.0,0.0
2013-04-17,12.649568612778202,12.70625026637851,11.950487977844833,12.016617774963379,1259300,0.0,0.0
2013-04-18,11.988276796559612,12.063853840981748,11.78988919468091,11.912700653076172,796400,0.0,0.0
2013-04-19,11.978830628582838,12.17721823334746,11.85601916840105,11.959936141967773,192100,0.0,0.0
2013-04-22,12.026064139247769,12.29058152634272,12.007170554991639,12.243346214294434,666000,0.0,0.0
2013-04-23,12.28113431572039,12.375604940062928,12.177217349694514,12.300028800964355,184300,0.0,0.0
2013-04-24,12.328370558567508,12.479522848175227,12.262240756160097,12.356711387634277,198000,0.0,0.0
2013-04-25,12.451181419660692,12.847956611248026,12.366158035615024,12.564545631408691,481100,0.0,0.0
2013-04-26,12.488968767490302,12.545650419614727,12.215005046385944,12.262239456176758,117400,0.0,0.0
2013-04-29,12.31892240693942,13.008555803600306,12.31892240693942,12.52675724029541,274600,0.0,0.0
2013-04-30,12.526757845257567,12.573993159793089,12.366158316400007,12.432287216186523,203600,0.0,0.0
2013-05-01,12.300029729500737,12.507863677241996,12.05440680841884,12.356711387634277,442800,0.0,0.0
2013-05-02,12.470074674534798,12.517309986747991,12.233899014407477,12.413393020629883,616800,0.0,0.0
2013-05-03,12.460627635769802,12.866850066135267,12.45118129392353,12.800721168518066,601700,0.0,0.0
2013-05-06,12.781826922305623,12.904638377993571,12.337817314363054,12.385051727294922,375300,0.0,0.0
2013-05-07,12.385051237949943,12.451181035131327,11.997723301204777,12.129981994628906,765500,0.0,0.0
2013-05-08,12.139430366019818,12.715698703428416,12.139430366019818,12.403946876525879,386600,0.0,0.0
2013-05-09,12.536205613410464,13.414778536438497,12.479523053406046,13.254179000854492,1107800,0.0,0.0
2013-05-10,13.28251835001317,13.40532888961739,12.989660160882131,13.225835800170898,256500,0.0,0.0
2013-05-13,13.112473313174137,13.20694304065892,12.829062328842419,13.065237998962402,296400,0.0,0.0
2013-05-14,13.008556806883597,13.225837998697328,12.970767833414724,13.20694351196289,175300,0.0,0.0
2013-05-15,13.150259935947364,13.178600760977389,12.932977874880951,13.09357738494873,413100,0.0,0.0
2013-05-16,13.036895468927598,13.273071108216364,12.980212919085325,13.225835800170898,366800,0.0,0.0
2013-05-17,13.25417720989617,13.802104645166214,13.206941899764903,13.707634925842285,463800,0.0,0.0
2013-05-21,13.632059242038958,13.679293652797886,13.291965718567415,13.622611999511719,324900,0.0,0.0
2013-05-22,13.613164933443777,13.887128663714506,13.462012654803187,13.66984748840332,294500,0.0,0.0
2013-05-23,13.339201959933417,13.575377633942733,13.225837744521591,13.509248733520508,121100,0.0,0.0
2013-05-24,13.41477760219259,13.55648354186544,13.235284493066711,13.310860633850098,289100,0.0,0.0
2013-05-27,13.01800300915471,13.386437388061063,13.01800300915471,13.329754829406738,51400,0.0,0.0
2013-05-28,13.3486485274484,13.386436597339618,13.10302562268616,13.263625144958496,231700,0.0,0.0
2013-05-29,13.235285267558593,13.254178853390709,13.036897661158449,13.150261878967285,153300,0.0,0.0
2013-05-30,13.216389203950229,13.40532954442263,13.055789689314038,13.301412582397461,148600,0.0,0.0
2013-05-31,13.216390649530508,13.868236021630988,13.206943406238917,13.726530075073242,292300,0.0,0.0
2013-06-03,13.754870739585991,14.132751432594409,13.71708267028515,14.076068878173828,450700,0.0,0.0
2013-06-04,14.019387702909455,14.057175773499292,13.839893691903729,13.934364318847656,497200,0.0,0.0
2013-06-05,14.06662213331662,14.444502815492653,13.906022618157154,14.331138610839844,989400,0.0,0.0
2013-06-06,14.368927728620488,15.105795563156782,14.368927728620488,15.01132583618164,1065200,0.0,0.0
2013-06-07,14.97353868977544,15.332524935761466,14.879068056028338,15.18137264251709,834100,0.0,0.0
2013-06-10,15.105795495518636,15.105795495518636,14.425610220963987,14.78459644317627,564600,0.0,0.0
2013-06-11,14.72791446968974,14.765702539683083,14.397268181543986,14.463397979736328,522900,0.0,0.0
2013-06-12,14.472843641421202,14.699572951665433,14.246115232115583,14.331138610839844,447800,0.0,0.0
2013-06-13,14.274456697906897,14.567314915424861,14.17053973088499,14.406715393066406,398300,0.0,0.0
2013-06-14,14.368927342658065,14.690126387810944,14.21777506280698,14.633443832397461,473000,0.0,0.0
2013-06-17,14.642890647191617,15.143583685739141,14.642890647191617,14.945195198059082,480600,0.0,0.0
2013-06-18,14.841279204341578,14.973537904463246,14.623997118494458,14.888514518737793,973200,0.0,0.0
2013-06-19,14.73736218639693,14.775150257605592,14.293351673991145,14.491739273071289,637300,0.0,0.0
2013-06-20,14.368927620028595,14.567315216397379,13.906023528814323,14.104411125183105,762600,0.0,0.0
2013-06-21,14.123304710059877,14.283904235736449,14.03828132576773,14.104411125183105,294000,0.0,0.0
2013-06-24,13.962705146555365,14.066623016381419,13.622612511246835,13.934364318847656,388500,0.0,0.0
2013-06-25,14.047728248684775,14.198880528010555,13.849340656835027,14.066622734069824,391600,0.0,0.0
2013-06-26,14.162054200061158,14.438805893831326,13.837586508722282,13.87575912475586,455000,0.15,0.0
2013-06-27,13.856673739141646,13.885302974605679,13.47494665582428,13.694439888000488,613300,0.0,0.0
2013-06-28,13.618093610698649,13.618093610698649,13.312711785404703,13.341341018676758,704200,0.0,0.0
2013-07-02,13.150478371560483,13.646723284879382,12.9691586748367,13.484489440917969,1086800,0.0,0.0
2013-07-03,13.417688280583988,13.789871074591572,13.369972281065658,13.742155075073242,354900,0.0,0.0
2013-07-04,13.78987117893331,13.94256165046171,13.675353325287011,13.780327796936035,31400,0.0,0.0
2013-07-05,13.780327098659034,13.885302475095745,13.599007400433646,13.856673240661621,264000,0.0,0.0
2013-07-08,13.952104325477684,14.123881552296336,13.656266779408847,13.856673240661621,378100,0.0,0.0
2013-07-09,13.875759448803665,13.875759448803665,13.551291749887326,13.646723747253418,666000,0.0,0.0
2013-07-10,13.646723857371839,13.656267239206851,13.169565686905042,13.350885391235352,356000,0.0,0.0
2013-07-11,13.39860142745855,13.57037866053718,13.21728172262543,13.360428810119629,405600,0.0,0.0
2013-07-12,13.398601284998668,13.455860665451734,13.217281582093419,13.312712669372559,238400,0.0,0.0
2013-07-15,13.33179964185459,13.408144876917323,13.226824261063086,13.389058113098145,380500,0.0,0.0
2013-07-16,13.427231170143736,13.484490553368556,13.131393602118722,13.198195457458496,260200,0.0,0.0
2013-07-17,13.26499703663866,13.274540418661953,13.04550471074493,13.093220710754395,247000,0.0,0.0
2013-07-18,13.093220662998485,13.455860987597916,13.074133899021515,13.417688369750977,452600,0.0,0.0
2013-07-19,13.455860740391207,13.541748446388672,13.274540126369155,13.331799507141113,283500,0.0,0.0
2013-07-22,13.33179907715945,13.33179907715945,12.978702152423686,13.188651084899902,624400,0.0,0.0
2013-07-23,13.188650882996729,13.532205331074659,13.11230565233651,13.446316719055176,832300,0.0,0.0
2013-07-24,13.455860898177253,13.808957838441701,13.455860898177253,13.742155075073242,601100,0.0,0.0
2013-07-25,13.65626687734759,14.009363804923938,13.637180114183321,13.904388427734375,546200,0.0,0.0
2013-07-26,13.875760351427717,13.92347635321471,13.48449077496705,13.618095397949219,487300,0.0,0.0
2013-07-29,13.494033101621307,13.77078479820536,13.494033101621307,13.58946418762207,307500,0.0,0.0
2013-07-30,13.59900781600328,13.789870901574911,13.522662581774627,13.675353050231934,469100,0.0,0.0
2013-07-31,13.465403382192445,14.534237585879016,13.465403382192445,14.4292631149292,1752800,0.0,0.0
2013-08-01,14.686929061052059,15.078198621783187,14.601040443309714,14.801446914672852,793600,0.0,0.0
2013-08-02,14.887335111357244,14.935050199769467,14.181140335508463,14.31474494934082,567400,0.0,0.0
2013-08-06,14.095252638428649,14.257485577316295,13.570378474628818,13.97119140625,1041200,0.0,0.0
2013-08-07,13.96164745433692,14.009363450934943,13.74215423402878,13.770784378051758,419300,0.0,0.0
2013-08-08,13.856674187487123,13.933019424599419,13.713526185321303,13.866216659545898,338400,0.0,0.0
2013-08-09,13.808957665185565,13.81850013688391,13.608551197808607,13.675353050231934,295300,0.0,0.0
2013-08-12,13.579921897754032,13.80895852480469,13.532206805971056,13.637181282043457,367200,0.0,0.0
2013-08-13,13.570378720943648,13.732612572882962,13.474946722118055,13.723069190979004,183900,0.0,0.0
2013-08-14,13.703981755657482,13.875758981083436,13.579920527306175,13.828042984008789,333800,0.0,0.0
2013-08-15,13.742155440717712,14.26702962917094,13.703982822108769,14.209771156311035,658700,0.0,0.0
2013-08-16,14.133425912272584,14.276573004460285,14.085709911507678,14.219313621520996,341600,0.0,0.0
2013-08-19,14.162054307777593,14.372004152612616,13.847129995578538,13.913931846618652,331100,0.0,0.0
2013-08-20,13.789870890815498,14.09525273759882,13.551291806510362,14.018906593322754,259400,0.0,0.0
2013-08-21,13.942561476530138,13.961648240286582,13.665809772810602,13.713525772094727,154900,0.0,0.0
2013-08-22,13.808957627718218,13.808957627718218,13.455860692841998,13.665809631347656,275500,0.0,0.0
2013-08-23,13.751697540283203,13.93301814434427,13.541747702462418,13.751697540283203,128300,0.0,0.0
2013-08-26,13.703982285540931,13.933018898333872,13.646723814922932,13.675353050231934,150700,0.0,0.0
2013-08-27,13.646723986143577,13.761241838923372,13.532206133363783,13.742155075073242,257800,0.0,0.0
2013-08-28,13.703981727593325,14.372003865056476,13.703981727593325,14.152510643005371,329900,0.0,0.0
2013-08-29,14.104795529671865,14.305202001444574,14.104795529671865,14.123882293701172,315900,0.0,0.0
2013-08-30,14.123881377515538,14.372003833159344,14.104794614724348,14.133424758911133,268200,0.0,0.0
2013-09-03,14.295658828648934,14.314745592957578,14.114339118251891,14.200227737426758,480500,0.0,0.0
2013-09-04,14.057079103401339,14.410176946379215,14.037993250057843,14.31474494934082,647300,0.0,0.0
2013-09-05,14.295657542612643,15.173628599473725,14.295657542612643,15.087740898132324,624400,0.0,0.0
2013-09-06,15.078198328189895,15.097284181701568,14.830075861789295,15.04002571105957,360300,0.0,0.0
2013-09-09,15.040026244387743,15.097284717060157,14.715558532220678,14.896878242492676,616000,0.0,0.0
2013-09-10,14.858705726859117,15.040026348493214,14.772817107148969,14.935050964355469,1286400,0.0,0.0
2013-09-11,14.88733467175521,14.944593140201908,14.486521752200552,14.505607604980469,572100,0.0,0.0
2013-09-12,14.42926209194078,14.658297781469937,14.352916862097727,14.400632858276367,385500,0.0,0.0
2013-09-13,14.31474476923347,14.381546620255666,14.19068353868728,14.257485389709473,407600,0.0,0.0
2013-09-16,14.343374896472291,14.362461660870302,14.152511803027265,14.228857040405273,338900,0.0,0.0
2013-09-17,14.200226669062708,14.276571900339368,13.75169775273213,13.828042984008789,345500,0.0,0.0
2013-09-18,13.866216124984584,14.181140443458805,13.79941427261338,14.018906593322754,488800,0.0,0.0
2013-09-19,14.028450116600304,14.305201820781079,13.999820881024911,14.066622734069824,327700,0.0,0.0
2013-09-20,14.12388239733227,14.362461488807115,14.12388239733227,14.162055015563965,341000,0.0,0.0
2013-09-23,14.104794534024055,14.104794534024055,13.732611762794724,13.770784378051758,223100,0.0,0.0
2013-09-24,13.837587902302252,13.9425623794398,13.608552183034664,13.684897422790527,362800,0.0,0.0
2013-09-25,13.7326123657431,13.7326123657431,13.293626815959522,13.312712669372559,358800,0.0,0.0
2013-09-26,13.360427780929404,13.369971162055728,13.160021327811187,13.341341018676758,214700,0.0,0.0
2013-09-27,13.264996988256216,13.494033605444857,13.21728189852779,13.417688369750977,113300,0.0,0.0
2013-09-30,13.274540230338854,13.474946699449873,12.940530055225148,13.369972229003906,292600,0.0,0.0
2013-10-01,13.408144130663079,13.446316746069881,13.06458968189492,13.121849060058594,396300,0.0,0.0
2013-10-02,13.05504749175506,13.112305961044814,12.816468412798173,12.883270263671875,609700,0.0,0.0
2013-10-03,12.797381477569775,13.255453776263845,12.701950393334265,13.160021781921387,533000,0.0,0.0
2013-10-04,13.074133892525433,13.522662834584372,13.074133892525433,13.427230834960938,331100,0.0,0.0
2013-10-07,13.293626889995469,13.408144741432405,13.13139303959973,13.331799507141113,158000,0.0,0.0
2013-10-08,13.331800594382717,13.369973214641435,12.92144424402121,13.035962104797363,604400,0.0,0.0
2013-10-09,13.093219826030227,13.207737672250634,12.845097370832544,13.121849060058594,188700,0.0,0.0
2013-10-10,13.245911504748426,13.713526313974933,13.226824740237781,13.560835838317871,1164700,0.0,0.0
2013-10-11,13.494033500538713,13.494033500538713,13.331799648423715,13.379515647888184,233000,0.0,0.0
2013-10-15,13.379514543182053,13.494032386377189,13.255453318860592,13.341341018676758,608200,0.0,0.0
2013-10-16,13.398601390303428,13.50357586016761,13.34134200940034,13.350885391235352,161700,0.0,0.0
2013-10-17,13.284083752233187,13.532206223291798,13.264996988256216,13.417688369750977,202500,0.0,0.0
2013-10-18,13.513119866692849,13.665810342683747,13.446318010973588,13.57992172241211,403000,0.0,0.0
2013-10-21,13.618095174155123,13.618095174155123,13.093220983337849,13.198195457458496,266600,0.0,0.0
2013-10-22,13.179108330989788,13.198194183484425,12.873726500113186,13.0836763381958,680700,0.0,0.0
2013-10-23,13.007331885157832,13.150478972794549,12.873727269285105,13.016875267028809,259800,0.0,0.0
2013-10-24,13.007331600278409,13.102762686577146,12.921442985534668,12.921442985534668,424800,0.0,0.0
2013-10-25,12.89281378119664,13.293626710878906,12.88327039951207,13.274539947509766,263200,0.0,0.0
2013-10-28,13.331799648423715,13.42723073724566,13.150479032480135,13.379515647888184,226000,0.0,0.0
2013-10-29,13.436774563000338,13.579921656015152,13.303169942108028,13.551292419433594,510700,0.0,0.0
2013-10-30,13.551291188717494,13.837586258853083,13.522661954736018,13.789870262145996,693900,0.0,0.0
2013-10-31,13.694439700525006,14.01890648825842,13.637180320273831,13.980733871459961,326900,0.0,0.0
2013-11-01,13.923476054971207,14.219313621520994,13.847130817790164,14.219313621520996,402600,0.0,0.0
2013-11-04,14.11433955843746,14.11433955843746,13.770785981130556,14.00936508178711,383900,0.0,0.0
2013-11-05,13.942560868655823,13.952104250117968,13.837586402893066,13.837586402893066,136200,0.0,0.0
2013-11-06,13.742155408690675,13.885303410720857,13.503576315414051,13.5131196975708,516900,0.0,0.0
2013-11-07,13.226824713585957,13.293627479131583,12.845098525212475,12.864184379577637,1112100,0.0,0.0
2013-11-08,12.835555484636545,13.08367796873741,12.835555484636545,12.988245964050293,471600,0.0,0.0
2013-11-11,13.01687632209496,13.341343141044558,12.997789556805952,13.055048942565918,416700,0.0,0.0
2013-11-12,13.055047783495436,13.055047783495436,12.577889614918638,12.644691467285156,1092900,0.0,0.0
2013-11-13,12.596974938479564,12.625604172559848,12.415655242495165,12.453827857971191,1296200,0.0,0.0
2013-11-14,12.406112143306252,12.406112143306252,12.148446300401627,12.215249061584473,921800,0.0,0.0
2013-11-15,12.17707622739515,12.27250731149532,12.062558380410778,12.148446083068848,999000,0.0,0.0
2013-11-18,12.09118765076161,12.215248879558807,11.719003964370014,11.814435958862305,603400,0.0,0.0
2013-11-19,11.766720383490586,11.804893000634722,11.509055445294411,11.633115768432617,842800,0.0,0.0
2013-11-20,11.642658763574719,12.033928303834196,11.642658763574719,11.833521842956543,819100,0.0,0.0
2013-11-21,11.881237919454332,12.243878227748354,11.881237919454332,12.186619758605957,536100,0.0,0.0
2013-11-22,12.157990528840907,12.234335766847206,11.852609576815713,12.177077293395996,374000,0.0,0.0
2013-11-25,12.215249274832024,12.26296527362221,11.9575834274292,11.9575834274292,222700,0.0,0.0
2013-11-26,11.890781752399919,12.138904221721173,11.890781752399919,12.014842987060547,132100,0.0,0.0
2013-11-27,11.89078066446498,12.06255788291034,11.88123728341648,11.96712589263916,515400,0.0,0.0
2013-11-28,11.91941067470675,12.005299289529782,11.833522059883716,11.900324821472168,56000,0.0,0.0
2013-11-29,11.967126075212853,12.138903296278894,11.948040222931583,12.024385452270508,206500,0.0,0.0
2013-12-02,11.919410965738896,12.062558963974803,11.66174602508545,11.66174602508545,309200,0.0,0.0
2013-12-03,11.499512094553278,11.995756118767902,11.470882859144565,11.976670265197754,291700,0.0,0.0
2013-12-04,11.98621325440932,11.98621325440932,11.5185975708139,11.84306526184082,263600,0.0,0.0
2013-12-05,11.86215143142639,12.01484188777475,11.690374212981029,11.96712589263916,292300,0.0,0.0
2013-12-06,11.928953908531962,11.928953908531962,11.518597602844237,11.518597602844238,407000,0.0,0.0
2013-12-09,11.518597609084987,11.594942841332399,11.4231665238292,11.509055137634277,331800,0.0,0.0
2013-12-10,11.48042547550551,11.699918710022757,11.48042547550551,11.690375328063965,573900,0.0,0.0
2013-12-11,11.642658800330485,11.976669872883361,11.594942802807651,11.84306526184082,361000,0.0,0.0
2013-12-12,11.881238162912307,12.167533244811624,11.881238162912307,11.938497543334961,1352800,0.0,0.0
2013-12-13,12.005299758439971,12.014843140483496,11.461339723457069,11.728548049926758,562900,0.0,0.0
2013-12-16,11.833522700280245,11.957583938393247,11.757177462996399,11.785807609558105,411900,0.0,0.0
2013-12-17,11.83352249165128,11.84306587367026,11.671288637756591,11.70946216583252,457600,0.0,0.0
2013-12-18,11.757177033445664,12.100731498778156,11.709461944466804,11.976670265197754,623200,0.0,0.0
2013-12-19,11.957582511590662,12.091187115948932,11.92895327855207,11.96712589263916,236200,0.0,0.0
2013-12-20,12.024386010306674,12.367939558275706,11.967126630591686,12.234334945678711,1258700,0.0,0.0
2013-12-23,12.23433555885658,12.282051559326074,12.10073184967041,12.10073184967041,157200,0.0,0.0
2013-12-24,12.339310646057129,12.40611249904854,12.129360795089427,12.339310646057129,38100,0.0,0.0
2013-12-27,12.310343945906167,12.474481938848031,12.310343945906167,12.39724063873291,195400,0.15,0.0
2013-12-30,12.387585970204574,12.628965277372691,12.387585970204574,12.493792533874512,257900,0.0,0.0
2013-12-31,12.435862309988073,12.551724269675008,12.426206916483576,12.532413482666016,147200,0.0,0.0
2014-01-02,12.435861884408613,12.609655278385969,12.416551098060475,12.474482536315918,207200,0.0,0.0
2014-01-03,12.406897052925391,12.561379665874448,12.223448259456633,12.281379699707031,378400,0.0,0.0
2014-01-06,12.348965284324382,12.513103286415687,12.281379373153484,12.426206588745117,160400,0.0,0.0
2014-01-07,12.406896081338527,12.879999276643442,12.358620038375202,12.648275375366211,623200,0.0,0.0
2014-01-08,12.667585996911773,12.87034465284054,12.532413252696266,12.561379432678223,588200,0.0,0.0
2014-01-09,12.609655543743445,12.67724145580626,12.213792702376827,12.262068748474121,660400,0.0,0.0
2014-01-10,12.242758784523033,12.397241394166771,12.165517479701165,12.310344696044922,285500,0.0,0.0
2014-01-13,12.319999541997904,12.377930057646104,11.779309511477353,11.933792114257812,283600,0.0,0.0
2014-01-14,11.96275843354311,12.204137733423236,11.837241087110769,12.136550903320312,367100,0.0,0.0
2014-01-15,12.126897216236857,12.435862445433791,12.126897216236857,12.300689697265625,320800,0.0,0.0
2014-01-16,12.310344763474916,12.648276164513353,12.291033976769182,12.628965377807617,396000,0.0,0.0
2014-01-17,12.648276036331533,12.937930467670178,12.503447899873228,12.860689163208008,453300,0.0,0.0
2014-01-20,12.831723704685931,12.947585659577417,12.696550963584713,12.773792266845703,126400,0.0,0.0
2014-01-21,12.744826578043343,12.802758013927752,12.561378719189094,12.715861320495605,355000,0.0,0.0
2014-01-22,12.648275965074182,12.744827134713459,12.329655355765519,12.542068481445312,606200,0.0,0.0
2014-01-23,12.619309785472321,12.638620571873563,12.445517311806036,12.542068481445312,269000,0.0,0.0
2014-01-24,12.339309828177164,12.696551089499332,12.339309828177164,12.542068481445312,360300,0.0,0.0
2014-01-27,12.590344145139175,12.590344145139175,12.097930156296679,12.184826850891113,273200,0.0,0.0
2014-01-28,12.233103684822886,12.474482998381681,12.175172244421612,12.348965644836426,263500,0.0,0.0
2014-01-29,12.281379436933967,12.503447958099596,12.11724143399025,12.310344696044922,489200,0.0,0.0
2014-01-30,12.27172460059657,12.4551724776772,12.262069206858373,12.320000648498535,410900,0.0,0.0
2014-01-31,12.271724043633988,12.416551259977746,12.17517195221216,12.310344696044922,387400,0.0,0.0
2014-02-03,12.36827573100484,12.36827573100484,11.895171603440184,12.136550903320312,549100,0.0,0.0
2014-02-04,12.117241237472257,12.281379237753978,12.068965192544287,12.223447799682617,298500,0.0,0.0
2014-02-05,12.242759043843181,12.571035056683998,12.223448256834189,12.532413482666016,557700,0.0,0.0
2014-02-06,12.58068923958429,13.468965164177018,12.532413193962928,13.111723899841309,1073400,0.0,0.0
2014-02-07,13.15034445420198,13.208275892673784,12.86068910342091,13.15999984741211,666300,0.0,0.0
2014-02-10,13.217929756729667,13.565516529984595,13.13103398420487,13.449654579162598,853400,0.0,0.0
2014-02-11,13.420688697887094,13.69103417657721,13.420688697887094,13.488275527954102,519100,0.0,0.0
2014-02-12,13.526896402248816,13.642758357546512,13.188965008705477,13.20827579498291,1581000,0.0,0.0
2014-02-13,13.159999278073233,13.51724052429199,13.150343885280822,13.517240524291992,2002700,0.0,0.0
2014-02-14,13.468964576721191,13.594481921546636,13.38206788255058,13.468964576721191,1076900,0.0,0.0
2014-02-18,13.420689898477464,14.048276686448405,13.420689898477464,13.710345268249512,1076900,0.0,0.0
2014-02-19,13.662068298276198,13.768275781809063,13.48827582476701,13.526896476745605,613900,0.0,0.0
2014-02-20,13.575172294639604,13.768275551299627,13.488275598945354,13.62344741821289,516800,0.0,0.0
2014-02-21,13.613792813590647,13.864826584413139,13.584826634781592,13.604137420654297,500500,0.0,0.0
2014-02-24,13.662068661920319,13.990344672870604,13.613793536253866,13.884138107299805,1167300,0.0,0.0
2014-02-25,13.806897094610166,13.942068922610321,13.652414479301976,13.922759056091309,433000,0.0,0.0
2014-02-26,13.478620491920774,13.710344404829799,13.082758577170607,13.227585792541504,2309200,0.0,0.0
2014-02-27,13.285517462368668,13.391724027436354,13.015171971814384,13.131034851074219,703500,0.0,0.0
2014-02-28,13.063447572784716,13.584826828527216,13.03448231435151,13.507585525512695,821000,0.0,0.0
2014-03-03,13.2758616646378,13.2758616646378,12.831723710298359,12.95724105834961,812500,0.0,0.0
2014-03-04,13.034483046071527,13.488276417348274,13.034483046071527,13.420689582824707,609300,0.0,0.0
2014-03-05,13.3337927348647,13.439999293769452,12.928275443353549,13.0344820022583,337900,0.0,0.0
2014-03-06,12.986207077388917,13.227586394518038,12.831724461752524,12.870345115661621,422100,0.0,0.0
2014-03-07,12.870345115661621,13.121379826465272,12.802759201517954,12.870345115661621,886900,0.0,0.0
2014-03-10,12.802758098763055,13.208275390274206,12.802758098763055,13.0344820022583,501000,0.0,0.0
2014-03-11,13.10206860360722,13.237241348190473,12.657930638021096,12.812414169311523,1489400,0.0,0.0
2014-03-12,12.851034648536604,12.851034648536604,12.271723946183924,12.358620643615723,839300,0.0,0.0
2014-03-13,12.377930150651983,12.590344191465633,12.319999634568502,12.435861587524414,847700,0.0,0.0
2014-03-14,12.44551716031658,12.455171632610709,11.808275028666923,11.904827117919922,5478200,0.0,0.0
2014-03-17,12.011033556887972,12.184826947454129,11.943447647574,12.136550903320312,1368400,0.0,0.0
2014-03-18,12.21379238421302,12.744827035872056,12.165517260162263,12.590344429016113,835000,0.0,0.0
2014-03-19,12.551724650301567,12.995862636297646,12.551724650301567,12.889656066894531,745900,0.0,0.0
2014-03-20,12.928275291624335,13.411033878634804,12.928275291624335,13.198619842529297,925600,0.0,0.0
2014-03-21,13.198620361343025,13.208275754452114,12.928275799811312,12.95724105834961,780100,0.0,0.0
2014-03-24,12.957241256975978,13.11172386593365,12.744827209264688,13.044137954711914,383200,0.0,0.0
2014-03-25,13.131034525808488,13.314482391979254,13.082758480777557,13.275861740112305,487300,0.0,0.0
2014-03-26,13.256550779358058,13.304826823753785,12.879999658807105,13.00551700592041,276900,0.0,0.0
2014-03-27,13.034483051550781,13.198621059937134,13.00551779147937,13.169655799865723,291200,0.0,0.0
2014-03-28,13.198620474533064,13.555861735532307,13.17930968814928,13.526896476745605,305100,0.0,0.0
2014-03-31,13.51724091858675,13.594482221601274,13.285517009543186,13.507585525512695,642700,0.0,0.0
2014-04-01,13.420688602176023,13.575172126378211,13.111723395349543,13.536551475524902,1384200,0.0,0.0
2014-04-02,13.430344289846197,13.575172424316404,13.285517076164957,13.575172424316406,613800,0.0,0.0
2014-04-03,13.51724084744668,13.65241358740517,13.285516939622658,13.372413635253906,676400,0.0,0.0
2014-04-04,13.372413585290367,13.76827548987458,13.372413585290367,13.739309310913086,636600,0.0,0.0
2014-04-07,13.739309701720742,13.787585747240799,13.420689090392939,13.478620529174805,1064200,0.0,0.0
2014-04-08,13.507586116700553,13.748965429382645,13.430344810305403,13.584827423095703,440000,0.0,0.0
2014-04-09,13.546206027843024,13.884137415401824,13.517240769728797,13.855172157287598,350200,0.0,0.0
2014-04-10,13.893792726115256,13.942067849090183,13.526896082614337,13.536551475524902,323700,0.0,0.0
2014-04-11,13.517240821852619,13.70068868500205,13.439999519390863,13.555861473083496,546800,0.0,0.0
2014-04-14,13.526896903693842,13.710344776185071,13.526896903693842,13.584827423095703,256100,0.0,0.0
2014-04-15,13.662068336331416,13.961379080590973,13.623447684245244,13.777931213378906,619100,0.0,0.0
2014-04-16,13.980689632877267,14.299311179222952,13.92275911229734,14.241379737854004,1523200,0.0,0.0
2014-04-17,14.193102547948872,14.395861195239096,14.193102547948872,14.337930679321289,647000,0.0,0.0
2014-04-21,14.260689526466278,14.801378644359536,14.260689526466278,14.791723251342773,788500,0.0,0.0
2014-04-22,14.772413782495278,15.428964871840435,14.714482343629154,14.965517044067383,1997000,0.0,0.0
2014-04-23,15.062069104956022,15.226207107159453,14.820689798279092,15.148964881896973,476200,0.0,0.0
2014-04-24,15.033103219819173,15.168275965691524,14.868965214398816,14.936552047729492,555300,0.0,0.0
2014-04-25,14.811033642881657,14.965516243879344,14.608274998874961,14.80137825012207,383100,0.0,0.0
2014-04-28,14.782069105153901,15.01379301793343,14.627585575845236,14.646896362304688,330900,0.0,0.0
2014-04-29,14.646896308442956,15.235861481455675,14.646896308442956,15.197240829467773,697700,0.0,0.0
2014-04-30,15.158619880676271,15.342068664618626,14.917240580280824,15.15861988067627,362800,0.0,0.0
2014-05-01,15.206896049191334,15.206896049191334,14.897930836812614,14.926896095275879,270100,0.0,0.0
2014-05-02,14.839999758049565,15.139310505372952,14.830344364731943,14.849655151367188,418500,0.0,0.0
2014-05-05,14.772413686051681,15.13931034103784,14.598620291376927,15.013792991638184,497900,0.0,0.0
2014-05-06,15.062069532545957,15.245517405681086,14.92689678548549,14.955862045288086,386600,0.0,0.0
2014-05-07,15.100689821490604,15.235861644500291,14.917241031993195,15.033102989196777,886500,0.0,0.0
2014-05-08,15.399998840145921,16.037240952545332,14.975171686001916,15.052412986755371,1702500,0.0,0.0
2014-05-09,15.187585570327453,15.506206182237191,14.830344306088929,15.399999618530273,823500,0.0,0.0
2014-05-12,15.39034422525083,15.776551669327683,15.27448226826447,15.399999618530273,435000,0.0,0.0
2014-05-13,15.438620435739308,15.65103356542166,15.322758477515574,15.419310569763184,1229000,0.0,0.0
2014-05-14,15.361378371781598,15.496550189307285,15.303447855924572,15.322757720947266,256200,0.0,0.0
2014-05-15,15.284138125018982,15.50620665244625,14.87862080287535,15.023448944091797,598400,0.0,0.0
2014-05-16,15.062069200409947,15.187585630383092,14.714482407287433,14.849655151367188,402800,0.0,0.0
2014-05-20,14.724137545264378,15.129654849682318,14.714482152114195,15.062068939208984,354900,0.0,0.0
2014-05-21,15.042758967518509,15.380690379763102,15.004138313615329,15.293793678283691,343400,0.0,0.0
2014-05-22,15.342069429291852,15.457931388761738,15.226207469821968,15.255172729492188,312000,0.0,0.0
2014-05-23,15.274482755150547,15.583447983629352,15.235862101590698,15.525517463684082,3373600,0.0,0.0
2014-05-26,15.448275894872276,15.660689025458693,15.438620501448622,15.486897468566895,108800,0.0,0.0
2014-05-27,15.448275463961664,15.593102678120717,15.264827597974266,15.313102722167969,293600,0.0,0.0
2014-05-28,15.36137811002645,15.53517149621401,15.033102123133917,15.351722717285156,339300,0.0,0.0
2014-05-29,15.438620212939975,15.988964736757778,15.071723556798446,15.882759094238281,1067500,0.0,0.0
2014-05-30,15.911724217685217,16.124139196363497,15.718621868024476,16.046897888183594,1266800,0.0,0.0
2014-06-02,16.085518075311782,16.211036355631713,15.950346242577801,16.172414779663086,671300,0.0,0.0
2014-06-03,16.124139517594717,16.27862213703219,16.02758742005177,16.22068977355957,560700,0.0,0.0
2014-06-04,16.046896332605247,16.481377958407016,15.979308583118959,16.404136657714844,640500,0.0,0.0
2014-06-05,16.355862122576344,16.452414212302408,16.095172032789357,16.297929763793945,634700,0.0,0.0
2014-06-06,16.442758336735164,16.452413729582272,15.988964080810549,15.988964080810547,871500,0.0,0.0
2014-06-09,16.03724075407126,16.64551575977958,15.99861918338357,16.500688552856445,508100,0.0,0.0
2014-06-10,16.558620454354497,16.558620454354497,16.24965522928369,16.375171661376953,397300,0.0,0.0
2014-06-11,16.268964451370053,16.452413226702074,16.02758516230396,16.41379165649414,354500,0.0,0.0
2014-06-12,16.413793558754048,16.645517482123566,16.384827377741093,16.59724235534668,479500,0.0,0.0
2014-06-13,16.60689593239891,17.060688335826868,16.597240539784124,16.915861129760742,370800,0.0,0.0
2014-06-16,16.896550609857364,17.118619118751084,16.751723401517015,16.95448112487793,296400,0.0,0.0
2014-06-17,16.964137042078487,17.00275861433807,16.809654436196016,16.89655113220215,179600,0.0,0.0
2014-06-18,16.944826849575698,17.118620247676454,16.7999996316844,16.973793029785156,292200,0.0,0.0
2014-06-19,16.954482570712223,17.186206492133167,16.935173625110664,17.012414932250977,644100,0.0,0.0
2014-06-20,17.08000019441526,17.562758806025588,17.002758890220726,17.485517501831055,830200,0.0,0.0
2014-06-23,17.475861576556262,17.524136699616374,17.244137671027502,17.35999870300293,449300,0.0,0.0
2014-06-24,17.302068433038116,17.54344773492672,16.857929559942566,16.89655113220215,599100,0.0,0.0
2014-06-25,16.848276202942305,16.97379263107898,16.616550449865763,16.799999237060547,316500,0.0,0.0
2014-06-26,16.848694328304134,17.004520261281456,16.663652193888343,16.838956832885742,292500,0.15,0.0
2014-06-27,16.84869499303534,16.916870466795338,16.644174144530517,16.653913497924805,417700,0.0,0.0
2014-06-30,16.585739897526523,16.907131129476635,16.48834822108279,16.780521392822266,202000,0.0,0.0
2014-07-02,16.731825426794344,17.131129603165345,16.634433756500822,17.101911544799805,537800,0.0,0.0
2014-07-03,17.267477107056205,17.481739156695067,17.267477107056205,17.394086837768555,753500,0.0,0.0
2014-07-04,17.520693980675702,17.530433333216255,17.277215739936587,17.4525203704834,127400,0.0,0.0
2014-07-07,17.335650225532365,17.335650225532365,16.848693737651214,16.93634605407715,489100,0.0,0.0
2014-07-08,16.741565297589023,16.761042146177083,16.371477310540946,16.41043472290039,711500,0.0,0.0
2014-07-09,16.352000549859625,16.712347328163368,16.352000549859625,16.663652420043945,735400,0.0,0.0
2014-07-10,16.45912983270244,16.702608090161327,16.29356454332673,16.576000213623047,338200,0.0,0.0
2014-07-11,16.498087594063854,16.498087594063854,16.21565191780105,16.31304359436035,181200,0.0,0.0
2014-07-14,16.0890430069455,16.527302736973198,16.0890430069455,16.293563842773438,625000,0.0,0.0
2014-07-15,16.1961727142334,16.254608832931776,15.923478257340975,16.1961727142334,547800,0.0,0.0
2014-07-16,16.23512997048378,16.556521189865745,16.23512997048378,16.49808692932129,262400,0.0,0.0
2014-07-17,16.42017432437919,16.712347491128096,16.313043296361798,16.361738204956055,413400,0.0,0.0
2014-07-18,16.293563385015844,16.54678097768283,16.127998107410185,16.176694869995117,484300,0.0,0.0
2014-07-21,16.17669522627916,16.254608190539496,15.865043369237831,16.040346145629883,548600,0.0,0.0
2014-07-22,16.069564706025727,16.4104346319143,16.059825352989865,16.157217025756836,562900,0.0,0.0
2014-07-23,16.166956827351633,16.313043411759498,16.13773876743338,16.274085998535156,325600,0.0,0.0
2014-07-24,16.42991379384081,16.653913347105647,16.244869796208608,16.274085998535156,380500,0.0,0.0
2014-07-25,16.205911198999008,16.60521536741726,16.147476941023342,16.556520462036133,362800,0.0,0.0
2014-07-28,16.566260222349875,16.575999575184113,16.322781974268764,16.42017364501953,863400,0.0,0.0
2014-07-29,16.595478320281167,16.858433417063885,16.20591163635254,16.20591163635254,1277100,0.0,0.0
2014-07-30,16.799999947116028,16.799999947116028,15.553391515450835,15.806608200073242,1346700,0.0,0.0
2014-07-31,16.089043340930058,16.303303533996324,15.251477559467261,15.329390525817871,1001400,0.0,0.0
2014-08-01,15.378086722338736,15.62156590888459,15.251477916853231,15.533912658691406,821300,0.0,0.0
2014-08-05,15.582608704404493,15.582608704404493,14.657391498339647,14.764521598815918,1189000,0.0,0.0
2014-08-06,14.754781384704938,15.085911948963481,14.725564255151479,14.7839994430542,860300,0.0,0.0
2014-08-07,14.891130179304442,14.930086663320576,14.628174144394487,14.706087112426758,607000,0.0,0.0
2014-08-08,14.803477559258658,14.84243404248845,14.696347462575684,14.754781723022461,935600,0.0,0.0
2014-08-11,14.881390864083672,15.115130697572909,14.745043634077115,15.066434860229492,441300,0.0,0.0
2014-08-12,14.96904261850412,15.066434289501688,14.842433817725608,14.930086135864258,277600,0.0,0.0
2014-08-13,15.017738979664609,15.03721675726841,14.910608880854088,14.939826011657715,495000,0.0,0.0
2014-08-14,14.998260023451037,14.998260023451037,14.39443406705712,14.413912773132324,324600,0.0,0.0
2014-08-15,14.413912521478405,14.50156483969484,14.073042601480235,14.355477333068848,740400,0.0,0.0
2014-08-18,14.394434020947921,14.783999782041674,14.365216890724533,14.754781723022461,395500,0.0,0.0
2014-08-19,14.764521411736975,15.154087181688475,14.754782058509123,15.066434860229492,400800,0.0,0.0
2014-08-20,15.00799966965822,15.154087181688475,14.891130217311524,15.066434860229492,618600,0.0,0.0
2014-08-21,15.0859122271801,15.0859122271801,14.676868690704822,14.969042778015137,256800,0.0,0.0
2014-08-22,14.910608609339594,15.066434542515875,14.82295628972898,14.988521575927734,176300,0.0,0.0
2014-08-25,15.037216843102165,15.241738617486654,14.92034739042472,15.19304370880127,255900,0.0,0.0
2014-08-26,15.095652092867196,15.475478512151007,15.027478477404404,15.446260452270508,350600,0.0,0.0
2014-08-27,15.485216391901067,15.563129357916495,15.290433976862504,15.543651580810547,461600,0.0,0.0
2014-08-28,15.514435003706744,15.572869265903073,15.212521553039549,15.21252155303955,370800,0.0,0.0
2014-08-29,15.319651537113357,15.38782608088814,15.134608469829445,15.30017375946045,281600,0.0,0.0
2014-09-02,15.35860877126717,15.35860877126717,14.706086973561584,14.79373836517334,408000,0.0,0.0
2014-09-03,14.949565159361999,15.12486887056988,14.783999872424234,15.007999420166016,358000,0.0,0.0
2014-09-04,15.163825144145811,15.339129781723022,14.569738547283668,14.608695030212402,645300,0.0,0.0
2014-09-05,14.569738774142095,14.589216551511832,14.034086428934758,14.433390617370605,827400,0.0,0.0
2014-09-08,14.277564266267259,14.287303619065614,13.761390642299828,13.868520736694336,509400,0.0,0.0
2014-09-09,13.887999537843983,14.24834723470021,13.771130089847029,14.12173843383789,413900,0.0,0.0
2014-09-10,14.102259574197392,14.404173008158015,13.917216515754031,14.316520690917969,374200,0.0,0.0
2014-09-11,14.180174098726406,14.306781975047281,13.995130103249727,14.238608360290527,347700,0.0,0.0
2014-09-12,14.121738913022185,14.228869011788953,13.98539075466788,14.00486946105957,189600,0.0,0.0
2014-09-15,13.946434182623866,13.946434182623866,13.625042959556952,13.751651763916016,341500,0.0,0.0
2014-09-16,13.761390690069023,14.238607833295369,13.683477725003325,13.995129585266113,305000,0.0,0.0
2014-09-17,14.00486930454289,14.053565141182053,13.644521599486405,13.732173919677734,360400,0.0,0.0
2014-09-18,13.76139059365041,13.858781334902263,13.65426049963463,13.741911888122559,311400,0.0,0.0
2014-09-19,13.741912769294107,13.82956509219836,13.215999760664458,13.254956245422363,450300,0.0,0.0
2014-09-22,12.933564641963844,13.030956315455269,12.660869256502018,12.923826217651367,586500,0.0,0.0
2014-09-23,12.923826598624892,13.215999770120295,12.923826598624892,13.021217346191406,238200,0.0,0.0
2014-09-24,12.991999938044978,13.488695805079908,12.767999458701526,13.303651809692383,303800,0.0,0.0
2014-09-25,13.225739056131115,13.264695540718412,12.6900866964589,13.001739501953125,336800,0.0,0.0
2014-09-26,12.953043680384214,13.177043234845192,12.923826549105794,13.128347396850586,368900,0.0,0.0
2014-09-29,12.972521188828452,13.225738798103658,12.96278276446851,13.177042961120605,219500,0.0,0.0
2014-09-30,13.157564910055598,13.20626074602625,12.738782021022121,12.758260726928711,304600,0.0,0.0
2014-10-01,12.758260958355946,12.836173925803958,12.232347963683939,12.349217414855957,313400,0.0,0.0
2014-10-02,12.329738229531358,12.349216935034447,11.823303960796476,12.23234748840332,502500,0.0,0.0
2014-10-03,12.261564586338896,12.349216903285845,11.94017337673061,11.998607635498047,261600,0.0,0.0
2014-10-06,12.125217079018693,12.125217079018693,11.813565205572408,11.920695304870605,273300,0.0,0.0
2014-10-07,11.803825261778124,12.24208591908457,11.609042850619238,11.65773868560791,560700,0.0,0.0
2014-10-08,11.63826009154653,11.64799944439669,11.073390629378453,11.570086479187012,878300,0.0,0.0
2014-10-09,11.570086637801404,11.618782473923977,11.161043100445106,11.375304222106934,845800,0.0,0.0
2014-10-10,11.268173240076436,11.433738526250412,10.294260229074613,10.693564414978027,1506800,0.0,0.0
2014-10-14,10.51826058804201,10.771478191007963,9.92417306348375,10.079999923706055,1493700,0.0,0.0
2014-10-15,9.904695029954961,10.196869108211208,9.369042707951142,9.787825584411621,1842600,0.0,0.0
2014-10-16,9.661217055890859,10.167651334048621,9.505391124150009,9.972868919372559,1173000,0.0,0.0
2014-10-17,10.440347645047698,10.742260155644551,10.167651335662121,10.206607818603516,1145600,0.0,0.0
2014-10-20,10.4403481116223,10.469565242935092,10.15791336547635,10.196869850158691,461600,0.0,0.0
2014-10-21,10.32347842251635,10.654608070378728,10.26504323242544,10.605913162231445,880200,0.0,0.0
2014-10-22,11.073390825292472,11.083130178314946,9.992347717285156,9.992347717285156,1023600,0.0,0.0
2014-10-23,10.13843465873725,10.284522172892927,9.8754786193304,10.196869850158691,1506100,0.0,0.0
2014-10-24,10.216347263494148,10.381912549684266,10.167651427180145,10.226086616516113,1190800,0.0,0.0
2014-10-27,10.167651120428754,10.167651120428754,9.74886916987268,9.807303428649902,2313700,0.0,0.0
2014-10-28,9.933912841358012,10.089738779450554,9.748869772072084,10.070261001586914,986600,0.0,0.0
2014-10-29,10.031304517063777,10.294260555395978,9.982608679210895,10.070261001586914,1594700,0.0,0.0
2014-10-30,10.070261009682676,10.070261009682676,9.787826264463927,9.836522102355957,952600,0.0,0.0
2014-10-31,9.836522102355957,9.855999880235256,9.602782266233381,9.836522102355957,660400,0.0,0.0
2014-11-03,9.933912689554557,10.245565489773021,9.700173785987587,9.797565460205078,950600,0.0,0.0
2014-11-04,9.651477498566607,9.69043398067683,8.735999704578484,8.998955726623535,1687100,0.0,0.0
2014-11-05,9.53460877483748,10.060521787580868,9.154782348879975,9.515130996704102,1444500,0.0,0.0
2014-11-06,9.86573893672119,9.86573893672119,9.125564823661927,9.651477813720703,1210100,0.0,0.0
2014-11-07,9.73913021969505,10.157913116356605,9.632000121644905,10.138434410095215,745300,0.0,0.0
2014-11-10,10.167651060130888,10.372172822229867,9.310608458645044,9.446955680847168,665500,0.0,0.0
2014-11-11,9.505391028667898,9.631999829134502,9.339825745657402,9.485912322998047,710700,0.0,0.0
2014-11-12,9.4469560448308,9.748869487674458,9.232694921806136,9.417738914489746,737400,0.0,0.0
2014-11-13,9.388522226253864,9.388522226253864,8.891826343087404,9.174261093139648,1047300,0.0,0.0
2014-11-14,9.145043731513232,9.45669560544733,8.989216865750334,9.349565505981445,672700,0.0,0.0
2014-11-17,9.164521105881969,9.369042871348652,9.00869517577322,9.25217342376709,606400,0.0,0.0
2014-11-18,9.300869089574693,9.300869089574693,8.95025982442564,8.979477882385254,823200,0.0,0.0
2014-11-19,8.989216986767516,9.115825794456676,8.628869270481077,9.02817440032959,1064400,0.0,0.0
2014-11-20,8.901565622522064,9.476173542553646,8.843130430778652,9.388522148132324,871900,0.0,0.0
2014-11-21,9.593043486370894,9.680694876774966,9.495651814194163,9.631999969482422,406000,0.0,0.0
2014-11-24,9.700173533742447,9.700173533742447,9.193738327054279,9.271652221679688,461200,0.0,0.0
2014-11-25,9.369043219870603,9.37878257306365,8.87234735257537,8.989216804504395,460200,0.0,0.0
2014-11-26,8.891826274804519,8.930782759726501,8.599652173491709,8.687304496765137,557500,0.0,0.0
2014-11-27,8.521739016370908,8.550956147221344,7.917913048952128,8.054261207580566,287200,0.0,0.0
2014-11-28,8.03478226838466,8.11269523425927,7.499129931399853,7.538086414337158,627900,0.0,0.0
2014-12-01,7.314086735812735,7.5186080352922815,6.953738578639486,7.041390895843506,1520300,0.0,0.0
2014-12-02,7.236173385483382,7.391999780470009,6.681043275562109,6.827130317687988,1505600,0.0,0.0
2014-12-03,6.7686951309509915,7.177738663242896,6.7686951309509915,6.943999767303467,820600,0.0,0.0
2014-12-04,6.778434499104808,6.788173387591967,6.009043268305081,6.486260414123535,2441800,0.0,0.0
2014-12-05,6.5446953773498535,6.661565294250934,6.271999988175818,6.5446953773498535,1312100,0.0,0.0
2014-12-08,6.457043209575158,6.457043209575158,5.697390876049534,5.775303840637207,1802600,0.0,0.0
2014-12-09,5.726608517433713,6.0382603783675295,5.70713027612535,5.901912689208984,942900,0.0,0.0
2014-12-10,5.775304171750172,5.775304171750172,5.220174035037012,5.385739326477051,1675400,0.0,0.0
2014-12-11,5.405217362393966,5.697390985194939,5.1617391111942,5.2201738357543945,1027500,0.0,0.0
2014-12-12,5.259130140132309,5.278608380990662,4.996173656345588,5.064347267150879,996300,0.0,0.0
2014-12-15,5.1130433917055935,5.22017395470608,4.869565134957708,4.898782730102539,1278300,0.0,0.0
2014-12-16,5.0546087838627445,5.794782460175935,4.996174056606277,5.161739349365234,2004100,0.0,0.0
2014-12-17,5.356521423779508,6.009043198798131,5.220173735751079,5.775303840637207,2048700,0.0,0.0
2014-12-18,6.213565314800385,6.242782445975845,5.35652172702145,5.502608776092529,1332700,0.0,0.0
2014-12-19,5.5805213713822965,6.086956100356,5.570782018710736,5.989564895629883,1186800,0.0,0.0
2014-12-22,6.106434487553281,6.106434487553281,5.405217332332854,5.677912712097168,891200,0.0,0.0
2014-12-23,5.726608467201954,5.8824343963020125,5.590260314841502,5.6584343910217285,535000,0.0,0.0
2014-12-24,5.580521662670633,5.63895638855644,5.366261001089342,5.599999904632568,524600,0.0,0.0
2014-12-29,5.760000228881836,5.909999847412109,5.5,5.550000190734863,640800,0.15,0.0
2014-12-30,5.579999923706055,5.579999923706055,5.199999809265137,5.510000228881836,738200,0.0,0.0
2014-12-31,5.449999809265137,5.610000133514404,5.25,5.570000171661377,534600,0.0,0.0
2015-01-02,5.679999828338623,5.860000133514404,5.550000190734863,5.820000171661377,642000,0.0,0.0
2015-01-05,5.730000019073486,5.730000019073486,5.289999961853027,5.539999961853027,1436300,0.0,0.0
2015-01-06,5.5,5.639999866485596,5.25,5.360000133514404,873300,0.0,0.0
2015-01-07,5.539999961853027,5.550000190734863,5.21999979019165,5.21999979019165,560400,0.0,0.0
2015-01-08,5.28000020980835,5.510000228881836,5.21999979019165,5.480000019073486,595000,0.0,0.0
2015-01-09,5.460000038146973,5.769999980926514,5.400000095367432,5.630000114440918,1503400,0.0,0.0
2015-01-12,5.460000038146973,5.550000190734863,5.28000020980835,5.46999979019165,832000,0.0,0.0
2015-01-13,5.5,5.5,5.210000038146973,5.309999942779541,1077200,0.0,0.0
2015-01-14,5.289999961853027,5.739999771118164,4.96999979019165,5.650000095367432,1008400,0.0,0.0
2015-01-15,5.710000038146973,5.840000152587891,5.550000190734863,5.579999923706055,958000,0.0,0.0
2015-01-16,5.5,5.75,5.21999979019165,5.699999809265137,1402300,0.0,0.0
2015-01-19,5.75,5.75,5.46999979019165,5.489999771118164,287800,0.0,0.0
2015-01-20,5.480000019073486,5.489999771118164,4.980000019073486,5.150000095367432,1289700,0.0,0.0
2015-01-21,5.309999942779541,5.349999904632568,5.039999961853027,5.150000095367432,958800,0.0,0.0
2015-01-22,5.159999847412109,5.329999923706055,5.0,5.110000133514404,660900,0.0,0.0
2015-01-23,5.099999904632568,5.400000095367432,5.010000228881836,5.289999961853027,496800,0.0,0.0
2015-01-26,5.289999961853027,5.559999942779541,5.210000038146973,5.21999979019165,569500,0.0,0.0
2015-01-27,5.170000076293945,5.239999771118164,5.090000152587891,5.130000114440918,820300,0.0,0.0
2015-01-28,5.119999885559082,5.119999885559082,4.46999979019165,4.579999923706055,1720800,0.0,0.0
2015-01-29,4.590000152587891,4.78000020980835,4.5,4.590000152587891,1550000,0.0,0.0
2015-01-30,4.699999809265137,5.019999980926514,4.610000133514404,4.900000095367432,933700,0.0,0.0
2015-02-02,4.900000095367432,5.079999923706055,4.829999923706055,4.980000019073486,859800,0.0,0.0
2015-02-03,5.099999904632568,5.590000152587891,5.090000152587891,5.480000019073486,1509400,0.0,0.0
2015-02-04,5.349999904632568,5.460000038146973,5.050000190734863,5.070000171661377,855300,0.0,0.0
2015-02-05,5.239999771118164,5.420000076293945,5.119999885559082,5.239999771118164,700900,0.0,0.0
2015-02-06,5.239999771118164,5.409999847412109,5.159999847412109,5.239999771118164,738700,0.0,0.0
2015-02-09,5.239999771118164,5.75,5.210000038146973,5.659999847412109,1019200,0.0,0.0
2015-02-10,5.699999809265137,5.699999809265137,5.079999923706055,5.170000076293945,1142000,0.0,0.0
2015-02-11,5.139999866485596,5.340000152587891,5.050000190734863,5.110000133514404,780300,0.0,0.0
2015-02-12,5.199999809265137,5.369999885559082,5.0,5.0,997900,0.0,0.0
2015-02-13,5.210000038146973,5.239999771118164,4.960000038146973,5.079999923706055,640900,0.0,0.0
2015-02-17,5.090000152587891,5.25,4.96999979019165,5.210000038146973,569000,0.0,0.0
2015-02-18,5.190000057220459,5.329999923706055,5.03000020980835,5.300000190734863,916100,0.0,0.0
2015-02-19,5.25,5.710000038146973,5.070000171661377,5.590000152587891,2013000,0.0,0.0
2015-02-20,5.53000020980835,5.630000114440918,5.369999885559082,5.369999885559082,1725900,0.0,0.0
2015-02-23,5.329999923706055,5.369999885559082,5.190000057220459,5.269999980926514,752600,0.0,0.0
2015-02-24,5.300000190734863,5.360000133514404,4.800000190734863,4.949999809265137,1568500,0.0,0.0
2015-02-25,5.03000020980835,5.110000133514404,4.860000133514404,4.900000095367432,1419600,0.0,0.0
2015-02-26,4.900000095367432,4.900000095367432,4.309999942779541,4.320000171661377,2572100,0.0,0.0
2015-02-27,4.510000228881836,4.619999885559082,4.269999980926514,4.380000114440918,1108400,0.0,0.0
2015-03-02,4.480000019073486,4.480000019073486,4.199999809265137,4.28000020980835,1114800,0.0,0.0
2015-03-03,4.300000190734863,4.46999979019165,4.210000038146973,4.440000057220459,925800,0.0,0.0
2015-03-04,4.440000057220459,4.5,4.300000190734863,4.449999809265137,744200,0.0,0.0
2015-03-05,4.409999847412109,4.409999847412109,4.239999771118164,4.300000190734863,931700,0.0,0.0
2015-03-06,4.329999923706055,4.440000057220459,3.990000009536743,4.150000095367432,1483500,0.0,0.0
2015-03-09,4.179999828338623,4.179999828338623,3.7300000190734863,3.809999942779541,1291100,0.0,0.0
2015-03-10,3.740000009536743,3.859999895095825,3.700000047683716,3.8299999237060547,924000,0.0,0.0
2015-03-11,3.990000009536743,3.990000009536743,3.7799999713897705,3.859999895095825,538400,0.0,0.0
2015-03-12,3.930000066757202,3.950000047683716,3.799999952316284,3.8499999046325684,386700,0.0,0.0
2015-03-13,3.809999942779541,3.8399999141693115,3.6600000858306885,3.740000009536743,737300,0.0,0.0
2015-03-16,3.75,3.75,3.5,3.640000104904175,748700,0.0,0.0
2015-03-17,3.5799999237060547,3.700000047683716,3.549999952316284,3.6600000858306885,618600,0.0,0.0
2015-03-18,3.630000114440918,3.799999952316284,3.509999990463257,3.7300000190734863,1134600,0.0,0.0
2015-03-19,3.640000104904175,3.700000047683716,3.559999942779541,3.5799999237060547,503800,0.0,0.0
2015-03-20,3.6700000762939453,3.690000057220459,3.5899999141693115,3.6500000953674316,761900,0.0,0.0
2015-03-23,3.630000114440918,3.9200000762939453,3.630000114440918,3.890000104904175,704300,0.0,0.0
2015-03-24,3.9800000190734863,3.9800000190734863,3.559999942779541,3.609999895095825,8688400,0.0,0.0
2015-03-25,3.630000114440918,3.690000057220459,3.5399999618530273,3.630000114440918,3926900,0.0,0.0
2015-03-26,3.7100000381469727,3.809999942779541,3.5799999237060547,3.6500000953674316,2486400,0.0,0.0
2015-03-27,3.630000114440918,3.690000057220459,3.559999942779541,3.690000057220459,1300900,0.0,0.0
2015-03-30,3.700000047683716,3.7200000286102295,3.3499999046325684,3.509999990463257,1175100,0.0,0.0
2015-03-31,3.440000057220459,3.5799999237060547,3.380000114440918,3.450000047683716,885200,0.0,0.0
2015-04-01,3.4800000190734863,3.5299999713897705,3.0299999713897705,3.4100000858306885,5366300,0.0,0.0
2015-04-02,3.2899999618530273,3.4700000286102295,3.119999885559082,3.450000047683716,3739100,0.0,0.0
2015-04-06,3.450000047683716,3.759999990463257,3.4100000858306885,3.75,1516300,0.0,0.0
2015-04-07,3.7300000190734863,4.090000152587891,3.7300000190734863,4.0,1798800,0.0,0.0
2015-04-08,4.0,4.010000228881836,3.630000114440918,3.6500000953674316,2110300,0.0,0.0
2015-04-09,3.690000057220459,3.9700000286102295,3.549999952316284,3.930000066757202,5627400,0.0,0.0
2015-04-10,3.930000066757202,4.159999847412109,3.8399999141693115,4.119999885559082,1435400,0.0,0.0
2015-04-13,4.199999809265137,4.349999904632568,4.110000133514404,4.300000190734863,1129300,0.0,0.0
2015-04-14,4.349999904632568,4.599999904632568,4.320000171661377,4.570000171661377,1412100,0.0,0.0
2015-04-15,4.659999847412109,5.110000133514404,4.599999904632568,4.949999809265137,2804300,0.0,0.0
2015-04-16,4.920000076293945,5.099999904632568,4.820000171661377,5.039999961853027,2570500,0.0,0.0
2015-04-17,4.889999866485596,5.079999923706055,4.849999904632568,5.010000228881836,1287800,0.0,0.0
2015-04-20,5.0,5.389999866485596,5.0,5.260000228881836,1739700,0.0,0.0
2015-04-21,5.28000020980835,5.28000020980835,4.659999847412109,4.78000020980835,1923900,0.0,0.0
2015-04-22,4.610000133514404,4.949999809265137,4.519999980926514,4.639999866485596,1999200,0.0,0.0
2015-04-23,4.71999979019165,4.940000057220459,4.679999828338623,4.860000133514404,1114400,0.0,0.0
2015-04-24,4.789999961853027,5.0,4.71999979019165,4.880000114440918,1114100,0.0,0.0
2015-04-27,4.940000057220459,5.019999980926514,4.809999942779541,4.880000114440918,1028300,0.0,0.0
2015-04-28,4.849999904632568,4.96999979019165,4.840000152587891,4.929999828338623,534000,0.0,0.0
2015-04-29,4.840000152587891,5.139999866485596,4.840000152587891,5.0,1019700,0.0,0.0
2015-04-30,5.079999923706055,5.130000114440918,4.860000133514404,5.099999904632568,1300000,0.0,0.0
2015-05-01,5.099999904632568,5.119999885559082,4.869999885559082,4.909999847412109,1347500,0.0,0.0
2015-05-04,4.909999847412109,5.059999942779541,4.849999904632568,5.019999980926514,967300,0.0,0.0
2015-05-05,5.110000133514404,5.329999923706055,5.059999942779541,5.110000133514404,1989600,0.0,0.0
2015-05-06,5.21999979019165,5.25,4.940000057220459,4.989999771118164,1111300,0.0,0.0
2015-05-07,4.949999809265137,4.980000019073486,4.71999979019165,4.760000228881836,1143200,0.0,0.0
2015-05-08,4.800000190734863,4.960000038146973,4.579999923706055,4.769999980926514,952400,0.0,0.0
2015-05-11,4.800000190734863,4.880000114440918,4.590000152587891,4.599999904632568,453600,0.0,0.0
2015-05-12,4.619999885559082,5.059999942779541,4.599999904632568,5.050000190734863,1020300,0.0,0.0
2015-05-13,4.449999809265137,4.900000095367432,4.210000038146973,4.320000171661377,3653500,0.0,0.0
2015-05-14,4.420000076293945,4.489999771118164,4.039999961853027,4.130000114440918,2557900,0.0,0.0
2015-05-15,4.059999942779541,4.090000152587891,3.950000047683716,3.9800000190734863,2293200,0.0,0.0
2015-05-19,4.0,4.0,3.7100000381469727,3.759999990463257,1011000,0.0,0.0
2015-05-20,3.75,3.930000066757202,3.75,3.859999895095825,1107100,0.0,0.0
2015-05-21,3.940000057220459,4.039999961853027,3.9000000953674316,4.0,1246400,0.0,0.0
2015-05-22,3.950000047683716,4.019999980926514,3.869999885559082,3.9800000190734863,739200,0.0,0.0
2015-05-25,3.940000057220459,3.9700000286102295,3.9000000953674316,3.940000057220459,82000,0.0,0.0
2015-05-26,3.990000009536743,3.990000009536743,3.759999990463257,3.950000047683716,1353700,0.0,0.0
2015-05-27,3.9200000762939453,3.9600000381469727,3.8299999237060547,3.869999885559082,745100,0.0,0.0
2015-05-28,3.8499999046325684,3.880000114440918,3.6700000762939453,3.7899999618530273,775000,0.0,0.0
2015-05-29,3.7899999618530273,3.9100000858306885,3.690000057220459,3.869999885559082,842200,0.0,0.0
2015-06-01,3.869999885559082,3.940000057220459,3.7699999809265137,3.9100000858306885,801800,0.0,0.0
2015-06-02,3.940000057220459,4.019999980926514,3.930000066757202,3.9700000286102295,1254000,0.0,0.0
2015-06-03,3.950000047683716,4.050000190734863,3.890000104904175,4.010000228881836,1008400,0.0,0.0
2015-06-04,3.9800000190734863,3.990000009536743,3.7799999713897705,3.7899999618530273,1639700,0.0,0.0
2015-06-05,3.7799999713897705,3.819999933242798,3.569999933242798,3.7699999809265137,1540800,0.0,0.0
2015-06-08,3.75,3.759999990463257,3.609999895095825,3.7200000286102295,645500,0.0,0.0
2015-06-09,3.7200000286102295,3.880000114440918,3.7100000381469727,3.8499999046325684,1470200,0.0,0.0
2015-06-10,3.950000047683716,4.150000095367432,3.950000047683716,4.130000114440918,795200,0.0,0.0
2015-06-11,4.099999904632568,4.139999866485596,4.03000020980835,4.119999885559082,461800,0.0,0.0
2015-06-12,4.099999904632568,4.230000019073486,4.03000020980835,4.170000076293945,1320600,0.0,0.0
2015-06-15,4.119999885559082,4.139999866485596,4.03000020980835,4.050000190734863,147100,0.0,0.0
2015-06-16,4.050000190734863,4.090000152587891,3.890000104904175,3.9800000190734863,465200,0.0,0.0
2015-06-17,4.050000190734863,4.090000152587891,3.890000104904175,4.0,519100,0.0,0.0
2015-06-18,4.019999980926514,4.03000020980835,3.940000057220459,3.9700000286102295,402200,0.0,0.0
2015-06-19,4.019999980926514,4.070000171661377,3.950000047683716,4.050000190734863,1038000,0.0,0.0
2015-06-22,4.119999885559082,4.139999866485596,3.990000009536743,4.019999980926514,333500,0.0,0.0
2015-06-23,4.0,4.25,3.990000009536743,4.230000019073486,580200,0.0,0.0
2015-06-24,4.199999809265137,4.510000228881836,4.179999828338623,4.260000228881836,715900,0.0,0.0
2015-06-25,4.25,4.320000171661377,4.130000114440918,4.289999961853027,499900,0.0,0.0
2015-06-26,4.289999961853027,4.320000171661377,4.099999904632568,4.139999866485596,271800,0.0,0.0
2015-06-29,4.039999961853027,4.210000038146973,4.0,4.059999942779541,633100,0.0,0.0
2015-06-30,4.090000152587891,4.159999847412109,4.019999980926514,4.150000095367432,401700,0.0,0.0
2015-07-02,4.010000228881836,4.190000057220459,4.010000228881836,4.150000095367432,331700,0.0,0.0
2015-07-03,4.150000095367432,4.150000095367432,4.010000228881836,4.050000190734863,169000,0.0,0.0
2015-07-06,3.9200000762939453,4.010000228881836,3.8299999237060547,3.9800000190734863,495700,0.0,0.0
2015-07-07,3.9600000381469727,3.9600000381469727,3.6600000858306885,3.7799999713897705,1039300,0.0,0.0
2015-07-08,3.7799999713897705,3.7799999713897705,3.5,3.559999942779541,628300,0.0,0.0
2015-07-09,3.700000047683716,3.700000047683716,3.259999990463257,3.319999933242798,1037600,0.0,0.0
2015-07-10,3.369999885559082,3.4000000953674316,2.9600000381469727,3.109999895095825,899300,0.0,0.0
2015-07-13,3.140000104904175,3.2100000381469727,3.0,3.1600000858306885,582000,0.0,0.0
2015-07-14,3.0999999046325684,3.3299999237060547,3.0999999046325684,3.2300000190734863,371400,0.0,0.0
2015-07-15,3.2699999809265137,3.2699999809265137,3.009999990463257,3.049999952316284,318600,0.0,0.0
2015-07-16,3.0999999046325684,3.0999999046325684,2.890000104904175,2.940000057220459,829300,0.0,0.0
2015-07-17,3.0199999809265137,3.0199999809265137,2.880000114440918,2.890000104904175,449100,0.0,0.0
2015-07-20,2.9000000953674316,2.9100000858306885,2.7699999809265137,2.799999952316284,305700,0.0,0.0
2015-07-21,2.9700000286102295,3.1500000953674316,2.9100000858306885,2.9200000762939453,688300,0.0,0.0
2015-07-22,2.9000000953674316,3.069999933242798,2.7899999618530273,3.0,462900,0.0,0.0
2015-07-23,3.049999952316284,3.140000104904175,2.859999895095825,2.9700000286102295,129700,0.0,0.0
2015-07-24,3.0,3.0199999809265137,2.75,2.7899999618530273,360800,0.0,0.0
2015-07-27,2.740000009536743,2.8399999141693115,2.549999952316284,2.700000047683716,236900,0.0,0.0
2015-07-28,2.799999952316284,2.869999885559082,2.700000047683716,2.7200000286102295,358300,0.0,0.0
2015-07-29,2.7200000286102295,2.9200000762939453,2.6700000762939453,2.890000104904175,560600,0.0,0.0
2015-07-30,2.9200000762939453,2.990000009536743,2.759999990463257,2.8399999141693115,596000,0.0,0.0
2015-07-31,2.8399999141693115,2.8499999046325684,2.75,2.809999942779541,164000,0.0,0.0
2015-08-04,2.759999990463257,2.9800000190734863,2.75,2.8499999046325684,457300,0.0,0.0
2015-08-05,2.9000000953674316,2.930000066757202,2.569999933242798,2.5899999141693115,748400,0.0,0.0
2015-08-06,2.5999999046325684,2.7100000381469727,2.509999990463257,2.700000047683716,927400,0.0,0.0
2015-08-07,2.75,2.8299999237060547,2.549999952316284,2.5999999046325684,1028800,0.0,0.0
2015-08-10,2.619999885559082,2.7799999713897705,2.5799999237060547,2.6700000762939453,679900,0.0,0.0
2015-08-11,2.630000114440918,2.6600000858306885,2.430000066757202,2.559999942779541,701200,0.0,0.0
2015-08-12,2.5399999618530273,2.609999895095825,2.2899999618530273,2.2899999618530273,1231000,0.0,0.0
2015-08-13,2.2899999618530273,2.2899999618530273,1.8600000143051147,1.9800000190734863,1928000,0.0,0.0
2015-08-14,2.049999952316284,2.5299999713897705,1.3200000524520874,1.3200000524520874,6016800,0.0,0.0
2015-08-17,1.4299999475479126,1.4500000476837158,1.0299999713897705,1.2000000476837158,4009100,0.0,0.0
2015-08-18,1.2799999713897705,1.2799999713897705,1.059999942779541,1.159999966621399,2538600,0.0,0.0
2015-08-19,1.1799999475479126,1.190000057220459,1.0800000429153442,1.0800000429153442,1280100,0.0,0.0
2015-08-20,1.100000023841858,1.190000057220459,1.059999942779541,1.0800000429153442,1725900,0.0,0.0
2015-08-21,1.0800000429153442,1.100000023841858,1.0299999713897705,1.0800000429153442,1055100,0.0,0.0
2015-08-24,1.0800000429153442,1.1699999570846558,1.0,1.100000023841858,1239400,0.0,0.0
2015-08-25,1.190000057220459,1.190000057220459,1.100000023841858,1.159999966621399,800200,0.0,0.0
2015-08-26,1.1799999475479126,1.190000057220459,1.1200000047683716,1.159999966621399,559800,0.0,0.0
2015-08-27,1.190000057220459,1.4800000190734863,1.1799999475479126,1.4700000286102295,1692000,0.0,0.0
2015-08-28,1.4700000286102295,1.7799999713897705,1.4500000476837158,1.7599999904632568,2235700,0.0,0.0
2015-08-31,1.8899999856948853,1.9500000476837158,1.5399999618530273,1.840000033378601,2097400,0.0,0.0
2015-09-01,1.7599999904632568,1.809999942779541,1.649999976158142,1.7400000095367432,1684400,0.0,0.0
2015-09-02,1.840000033378601,1.840000033378601,1.649999976158142,1.7000000476837158,1079500,0.0,0.0
2015-09-03,1.75,1.7599999904632568,1.6699999570846558,1.6799999475479126,938100,0.0,0.0
2015-09-04,1.690000057220459,1.7000000476837158,1.6100000143051147,1.6200000047683716,744800,0.0,0.0
2015-09-08,1.649999976158142,1.6799999475479126,1.5800000429153442,1.6399999856948853,746200,0.0,0.0
2015-09-09,1.690000057220459,1.7000000476837158,1.6100000143051147,1.6399999856948853,556000,0.0,0.0
2015-09-10,1.690000057220459,1.690000057220459,1.600000023841858,1.690000057220459,584300,0.0,0.0
2015-09-11,1.649999976158142,1.649999976158142,1.4600000381469727,1.590000033378601,797400,0.0,0.0
2015-09-14,1.600000023841858,1.6100000143051147,1.5,1.6100000143051147,884100,0.0,0.0
2015-09-15,1.6100000143051147,1.649999976158142,1.5099999904632568,1.5499999523162842,821500,0.0,0.0
2015-09-16,1.5499999523162842,1.7000000476837158,1.5399999618530273,1.659999966621399,993100,0.0,0.0
2015-09-17,1.6699999570846558,1.690000057220459,1.600000023841858,1.6200000047683716,535800,0.0,0.0
2015-09-18,1.600000023841858,1.6100000143051147,1.4800000190734863,1.5,9758700,0.0,0.0
2015-09-21,1.5499999523162842,1.5499999523162842,1.2799999713897705,1.3200000524520874,1843300,0.0,0.0
2015-09-22,1.3300000429153442,1.5199999809265137,1.2999999523162842,1.5099999904632568,1093200,0.0,0.0
2015-09-23,1.5199999809265137,1.5199999809265137,1.3799999952316284,1.3899999856948853,938000,0.0,0.0
2015-09-24,1.4199999570846558,1.4700000286102295,1.2699999809265137,1.4299999475479126,1699800,0.0,0.0
2015-09-25,1.600000023841858,1.7300000190734863,1.0099999904632568,1.0399999618530273,8222800,0.0,0.0
2015-09-28,1.0499999523162842,1.059999942779541,0.9200000166893005,0.9800000190734863,2800700,0.0,0.0
2015-09-29,1.0199999809265137,1.0299999713897705,0.8299999833106995,0.8299999833106995,2495800,0.0,0.0
2015-09-30,0.8999999761581421,0.9100000262260437,0.6700000166893005,0.6800000071525574,5937000,0.0,0.0
2015-10-01,0.7200000286102295,0.7799999713897705,0.699999988079071,0.75,2145300,0.0,0.0
2015-10-02,0.7699999809265137,0.8999999761581421,0.7200000286102295,0.8899999856948853,1183200,0.0,0.0
2015-10-05,0.9200000166893005,0.9599999785423279,0.8500000238418579,0.9200000166893005,1377400,0.0,0.0
2015-10-06,0.9399999976158142,0.9800000190734863,0.8899999856948853,0.949999988079071,1874700,0.0,0.0
2015-10-07,0.9800000190734863,1.059999942779541,0.9800000190734863,1.0299999713897705,1221800,0.0,0.0
2015-10-08,1.059999942779541,1.2300000190734863,1.0299999713897705,1.2100000381469727,1795500,0.0,0.0
2015-10-09,1.2799999713897705,1.2899999618530273,1.100000023841858,1.1799999475479126,2598600,0.0,0.0
2015-10-13,1.0800000429153442,1.2000000476837158,1.0700000524520874,1.1699999570846558,652800,0.0,0.0
2015-10-14,1.149999976158142,1.25,1.1200000047683716,1.2100000381469727,956000,0.0,0.0
2015-10-15,1.1100000143051147,1.2000000476837158,1.1100000143051147,1.2000000476837158,1415900,0.0,0.0
2015-10-16,1.190000057220459,1.2000000476837158,1.149999976158142,1.149999976158142,856800,0.0,0.0
2015-10-19,1.149999976158142,1.149999976158142,1.0399999618530273,1.1200000047683716,1902100,0.0,0.0
2015-10-20,1.090000033378601,1.1100000143051147,1.0499999523162842,1.0800000429153442,346400,0.0,0.0
2015-10-21,1.0800000429153442,1.1200000047683716,1.0299999713897705,1.090000033378601,536900,0.0,0.0
2015-10-22,1.1100000143051147,1.1399999856948853,1.0800000429153442,1.1100000143051147,480100,0.0,0.0
2015-10-23,1.100000023841858,1.100000023841858,1.059999942779541,1.090000033378601,156900,0.0,0.0
2015-10-26,1.100000023841858,1.100000023841858,1.0299999713897705,1.059999942779541,276200,0.0,0.0
2015-10-27,1.0299999713897705,1.0299999713897705,0.9399999976158142,0.949999988079071,564100,0.0,0.0
2015-10-28,0.9399999976158142,1.0,0.9300000071525574,0.9399999976158142,983300,0.0,0.0
2015-10-29,0.949999988079071,0.9800000190734863,0.9100000262260437,0.949999988079071,437500,0.0,0.0
2015-10-30,0.9300000071525574,0.9300000071525574,0.8700000047683716,0.8700000047683716,673400,0.0,0.0
2015-11-02,0.8700000047683716,0.9300000071525574,0.8700000047683716,0.9100000262260437,297500,0.0,0.0
2015-11-03,0.949999988079071,1.0,0.8899999856948853,0.8899999856948853,799000,0.0,0.0
2015-11-04,0.9300000071525574,0.9300000071525574,0.8899999856948853,0.9100000262260437,404800,0.0,0.0
2015-11-05,0.8999999761581421,0.9200000166893005,0.8700000047683716,0.8999999761581421,318500,0.0,0.0
2015-11-06,0.9100000262260437,1.0,0.8799999952316284,0.9700000286102295,818100,0.0,0.0
2015-11-09,0.9900000095367432,1.0299999713897705,0.9700000286102295,1.0299999713897705,544800,0.0,0.0
2015-11-10,1.0499999523162842,1.0499999523162842,0.8999999761581421,0.8999999761581421,933300,0.0,0.0
2015-11-11,0.9300000071525574,0.9300000071525574,0.8600000143051147,0.8899999856948853,557000,0.0,0.0
2015-11-12,0.8899999856948853,0.9800000190734863,0.8399999737739563,0.9599999785423279,783700,0.0,0.0
2015-11-13,0.9100000262260437,0.9300000071525574,0.8500000238418579,0.8899999856948853,715500,0.0,0.0
2015-11-16,0.9200000166893005,0.9200000166893005,0.8500000238418579,0.8700000047683716,814500,0.0,0.0
2015-11-17,0.8899999856948853,0.8899999856948853,0.8500000238418579,0.8700000047683716,311500,0.0,0.0
2015-11-18,0.8899999856948853,0.8899999856948853,0.8500000238418579,0.8899999856948853,653200,0.0,0.0
2015-11-19,0.8799999952316284,0.8799999952316284,0.800000011920929,0.800000011920929,616700,0.0,0.0
2015-11-20,0.8199999928474426,0.8199999928474426,0.7400000095367432,0.7699999809265137,459700,0.0,0.0
2015-11-23,0.7799999713897705,0.7799999713897705,0.7300000190734863,0.75,626600,0.0,0.0
2015-11-24,0.75,0.7599999904632568,0.7200000286102295,0.7400000095367432,412100,0.0,0.0
2015-11-25,0.75,0.7699999809265137,0.699999988079071,0.7599999904632568,992900,0.0,0.0
2015-11-26,0.7699999809265137,0.7699999809265137,0.7200000286102295,0.7200000286102295,397500,0.0,0.0
2015-11-27,0.7300000190734863,0.7400000095367432,0.699999988079071,0.699999988079071,283100,0.0,0.0
2015-11-30,0.7300000190734863,0.7300000190734863,0.6499999761581421,0.6499999761581421,4455700,0.0,0.0
2015-12-01,0.6499999761581421,0.6899999976158142,0.6499999761581421,0.6499999761581421,1834300,0.0,0.0
2015-12-02,0.6600000262260437,0.6700000166893005,0.6200000047683716,0.6600000262260437,505300,0.0,0.0
2015-12-03,0.6499999761581421,0.699999988079071,0.6499999761581421,0.699999988079071,1378200,0.0,0.0
2015-12-04,0.699999988079071,0.7099999785423279,0.6299999952316284,0.6899999976158142,893300,0.0,0.0
2015-12-07,0.6700000166893005,0.6700000166893005,0.5699999928474426,0.6399999856948853,865000,0.0,0.0
2015-12-08,0.6000000238418579,0.6299999952316284,0.5899999737739563,0.6299999952316284,251000,0.0,0.0
2015-12-09,0.6299999952316284,0.6800000071525574,0.6299999952316284,0.6299999952316284,412000,0.0,0.0
2015-12-10,0.6299999952316284,0.6499999761581421,0.6000000238418579,0.6299999952316284,541500,0.0,0.0
2015-12-11,0.6299999952316284,0.6499999761581421,0.6299999952316284,0.6299999952316284,233800,0.0,0.0
2015-12-14,0.6299999952316284,0.6399999856948853,0.5799999833106995,0.5799999833106995,391000,0.0,0.0
2015-12-15,0.6200000047683716,0.6399999856948853,0.5799999833106995,0.5799999833106995,516300,0.0,0.0
2015-12-16,0.6299999952316284,0.6499999761581421,0.6000000238418579,0.6399999856948853,904700,0.0,0.0
2015-12-17,0.6200000047683716,0.6499999761581421,0.5299999713897705,0.5699999928474426,2163600,0.0,0.0
2015-12-18,0.5899999737739563,0.5899999737739563,0.550000011920929,0.5899999737739563,1547600,0.0,0.0
2015-12-21,0.5699999928474426,0.5899999737739563,0.550000011920929,0.5600000023841858,314300,0.0,0.0
2015-12-22,0.5799999833106995,0.5799999833106995,0.5600000023841858,0.5600000023841858,450800,0.0,0.0
2015-12-23,0.5600000023841858,0.6100000143051147,0.5600000023841858,0.5899999737739563,1480900,0.0,0.0
2015-12-24,0.6200000047683716,0.6299999952316284,0.5899999737739563,0.6200000047683716,498700,0.0,0.0
2015-12-29,0.6399999856948853,0.6399999856948853,0.6100000143051147,0.6200000047683716,410200,0.0,0.0
2015-12-30,0.6100000143051147,0.6299999952316284,0.5899999737739563,0.6200000047683716,409700,0.0,0.0
2015-12-31,0.6100000143051147,0.6600000262260437,0.6100000143051147,0.6399999856948853,453000,0.0,0.0
2016-01-04,0.6299999952316284,0.6700000166893005,0.6100000143051147,0.6200000047683716,429100,0.0,0.0
2016-01-05,0.6200000047683716,0.6399999856948853,0.5699999928474426,0.5699999928474426,943500,0.0,0.0
2016-01-06,0.5899999737739563,0.5899999737739563,0.4699999988079071,0.5099999904632568,1361000,0.0,0.0
2016-01-07,0.5099999904632568,0.5199999809265137,0.44999998807907104,0.44999998807907104,1835200,0.0,0.0
2016-01-08,0.47999998927116394,0.47999998927116394,0.4099999964237213,0.41999998688697815,1360700,0.0,0.0
2016-01-11,0.4300000071525574,0.4300000071525574,0.3400000035762787,0.3700000047683716,1288700,0.0,0.0
2016-01-12,0.4099999964237213,0.4399999976158142,0.3799999952316284,0.38999998569488525,1620700,0.0,0.0
2016-01-13,0.5099999904632568,0.550000011920929,0.46000000834465027,0.5,3368000,0.0,0.0
2016-01-14,0.550000011920929,0.550000011920929,0.46000000834465027,0.4699999988079071,548600,0.0,0.0
2016-01-15,0.4699999988079071,0.4699999988079071,0.4300000071525574,0.44999998807907104,533300,0.0,0.0
2016-01-18,0.4399999976158142,0.47999998927116394,0.4399999976158142,0.47999998927116394,410400,0.0,0.0
2016-01-19,0.5,0.5799999833106995,0.5,0.5799999833106995,3757700,0.0,0.0
2016-01-20,0.6000000238418579,0.6700000166893005,0.550000011920929,0.6000000238418579,1295100,0.0,0.0
2016-01-21,0.6100000143051147,0.7400000095367432,0.5799999833106995,0.699999988079071,1584800,0.0,0.0
2016-01-22,0.7699999809265137,0.8399999737739563,0.7699999809265137,0.800000011920929,1410500,0.0,0.0
2016-01-25,0.7699999809265137,0.7799999713897705,0.7200000286102295,0.75,1147500,0.0,0.0
2016-01-26,0.7400000095367432,1.409999966621399,0.7300000190734863,1.3799999952316284,5485100,0.0,0.0
2016-01-27,1.3300000429153442,1.5800000429153442,1.3200000524520874,1.5499999523162842,5544400,0.0,0.0
2016-01-28,1.6299999952316284,1.8700000047683716,1.600000023841858,1.809999942779541,5156400,0.0,0.0
2016-01-29,1.8700000047683716,1.940000057220459,1.4700000286102295,1.690000057220459,5632700,0.0,0.0
2016-02-01,1.590000033378601,1.649999976158142,1.4700000286102295,1.5199999809265137,1620700,0.0,0.0
2016-02-02,1.399999976158142,1.559999942779541,1.350000023841858,1.5299999713897705,1051400,0.0,0.0
2016-02-03,1.559999942779541,1.659999966621399,1.4600000381469727,1.6399999856948853,1113100,0.0,0.0
2016-02-04,1.649999976158142,1.7100000381469727,1.5399999618530273,1.5700000524520874,810900,0.0,0.0
2016-02-05,1.590000033378601,1.6699999570846558,1.5700000524520874,1.6200000047683716,727500,0.0,0.0
2016-02-08,1.6200000047683716,1.649999976158142,1.5099999904632568,1.6200000047683716,783800,0.0,0.0
2016-02-09,1.590000033378601,1.590000033378601,1.409999966621399,1.4600000381469727,748800,0.0,0.0
2016-02-10,1.3799999952316284,1.4900000095367432,1.340000033378601,1.440000057220459,763400,0.0,0.0
2016-02-11,1.4199999570846558,1.4299999475479126,1.2999999523162842,1.3600000143051147,826300,0.0,0.0
2016-02-12,1.3899999856948853,1.5099999904632568,1.3600000143051147,1.4800000190734863,959100,0.0,0.0
2016-02-16,1.559999942779541,1.5800000429153442,1.4299999475479126,1.4600000381469727,704800,0.0,0.0
2016-02-17,1.559999942779541,1.6100000143051147,1.4700000286102295,1.5800000429153442,843000,0.0,0.0
2016-02-18,1.4900000095367432,1.649999976158142,1.4900000095367432,1.5099999904632568,642000,0.0,0.0
2016-02-19,1.6399999856948853,1.6399999856948853,1.4199999570846558,1.5199999809265137,506400,0.0,0.0
2016-02-22,1.6200000047683716,1.6200000047683716,1.5299999713897705,1.5299999713897705,482600,0.0,0.0
2016-02-23,1.4900000095367432,1.5,1.409999966621399,1.409999966621399,513200,0.0,0.0
2016-02-24,1.3899999856948853,1.4299999475479126,1.2799999713897705,1.4199999570846558,1163100,0.0,0.0
2016-02-25,1.4500000476837158,1.4700000286102295,1.2999999523162842,1.399999976158142,978900,0.0,0.0
2016-02-26,1.3700000047683716,1.4500000476837158,1.3300000429153442,1.3700000047683716,1327400,0.0,0.0
2016-02-29,1.3700000047683716,1.3799999952316284,1.309999942779541,1.3300000429153442,624800,0.0,0.0
2016-03-01,1.350000023841858,1.350000023841858,1.2999999523162842,1.2999999523162842,537000,0.0,0.0
2016-03-02,1.2999999523162842,1.4500000476837158,1.2899999618530273,1.4500000476837158,768500,0.0,0.0
2016-03-03,1.3899999856948853,1.5,1.3799999952316284,1.4500000476837158,875200,0.0,0.0
2016-03-04,1.4700000286102295,1.5399999618530273,1.4600000381469727,1.4900000095367432,619000,0.0,0.0
2016-03-07,1.5299999713897705,1.600000023841858,1.5099999904632568,1.559999942779541,998200,0.0,0.0
2016-03-08,1.559999942779541,1.559999942779541,1.4900000095367432,1.5399999618530273,896900,0.0,0.0
2016-03-09,1.5299999713897705,1.559999942779541,1.5099999904632568,1.5499999523162842,630700,0.0,0.0
2016-03-10,1.5399999618530273,1.590000033378601,1.5199999809265137,1.590000033378601,547600,0.0,0.0
2016-03-11,1.600000023841858,1.690000057220459,1.590000033378601,1.659999966621399,826000,0.0,0.0
2016-03-14,1.6299999952316284,1.6399999856948853,1.5299999713897705,1.6100000143051147,996200,0.0,0.0
2016-03-15,1.5499999523162842,1.600000023841858,1.5,1.559999942779541,819500,0.0,0.0
2016-03-16,1.600000023841858,1.6299999952316284,1.5099999904632568,1.5099999904632568,667200,0.0,0.0
2016-03-17,1.5499999523162842,1.600000023841858,1.5199999809265137,1.5700000524520874,906600,0.0,0.0
2016-03-18,1.590000033378601,1.600000023841858,1.2599999904632568,1.409999966621399,4928500,0.0,0.0
2016-03-21,1.399999976158142,1.409999966621399,1.3200000524520874,1.3700000047683716,665100,0.0,0.0
2016-03-22,1.3700000047683716,1.3700000047683716,1.309999942779541,1.340000033378601,539200,0.0,0.0
2016-03-23,1.3300000429153442,1.340000033378601,1.100000023841858,1.149999976158142,1273000,0.0,0.0
2016-03-24,1.1100000143051147,1.190000057220459,1.059999942779541,1.149999976158142,1048400,0.0,0.0
2016-03-28,1.149999976158142,1.159999966621399,1.1200000047683716,1.149999976158142,221100,0.0,0.0
2016-03-29,1.1200000047683716,1.159999966621399,1.0800000429153442,1.149999976158142,273400,0.0,0.0
2016-03-30,1.1699999570846558,1.2100000381469727,1.1699999570846558,1.2000000476837158,382500,0.0,0.0
2016-03-31,1.1799999475479126,1.2200000286102295,1.1799999475479126,1.190000057220459,376900,0.0,0.0
2016-04-01,1.149999976158142,1.190000057220459,1.1399999856948853,1.1799999475479126,174700,0.0,0.0
2016-04-04,1.1200000047683716,1.2100000381469727,1.0800000429153442,1.1200000047683716,897800,0.0,0.0
2016-04-05,1.059999942779541,1.1299999952316284,1.059999942779541,1.1200000047683716,162500,0.0,0.0
2016-04-06,1.1200000047683716,1.159999966621399,1.1200000047683716,1.1399999856948853,350600,0.0,0.0
2016-04-07,1.1399999856948853,1.1799999475479126,1.1399999856948853,1.1699999570846558,438200,0.0,0.0
2016-04-08,1.2000000476837158,1.2599999904632568,1.190000057220459,1.2400000095367432,424300,0.0,0.0
2016-04-11,1.2999999523162842,1.3899999856948853,1.2599999904632568,1.3700000047683716,697200,0.0,0.0
2016-04-12,1.399999976158142,1.4500000476837158,1.3899999856948853,1.3899999856948853,825800,0.0,0.0
2016-04-13,1.3899999856948853,1.4700000286102295,1.3899999856948853,1.4500000476837158,672100,0.0,0.0
2016-04-14,1.4700000286102295,1.5199999809265137,1.440000057220459,1.5099999904632568,673800,0.0,0.0
2016-04-15,1.4900000095367432,1.5399999618530273,1.440000057220459,1.5199999809265137,1381300,0.0,0.0
2016-04-18,1.440000057220459,1.5399999618530273,1.399999976158142,1.5299999713897705,546800,0.0,0.0
2016-04-19,1.559999942779541,1.6699999570846558,1.5499999523162842,1.649999976158142,785400,0.0,0.0
2016-04-20,1.6399999856948853,1.7400000095367432,1.6200000047683716,1.7100000381469727,645900,0.0,0.0
2016-04-21,1.7000000476837158,1.7799999713897705,1.7000000476837158,1.7400000095367432,640000,0.0,0.0
2016-04-22,1.690000057220459,1.8300000429153442,1.690000057220459,1.7100000381469727,1213800,0.0,0.0
2016-04-25,1.7100000381469727,1.7599999904632568,1.590000033378601,1.6100000143051147,536000,0.0,0.0
2016-04-26,1.600000023841858,1.7100000381469727,1.600000023841858,1.7100000381469727,526000,0.0,0.0
2016-04-27,1.7200000286102295,1.840000033378601,1.7200000286102295,1.8200000524520874,1238900,0.0,0.0
2016-04-28,1.7999999523162842,1.8700000047683716,1.7699999809265137,1.840000033378601,1021800,0.0,0.0
2016-04-29,1.809999942779541,1.8300000429153442,1.7300000190734863,1.75,620900,0.0,0.0
2016-05-02,1.75,1.7599999904632568,1.7000000476837158,1.7000000476837158,281300,0.0,0.0
2016-05-03,1.7000000476837158,1.7000000476837158,1.5199999809265137,1.590000033378601,529700,0.0,0.0
2016-05-04,1.600000023841858,1.649999976158142,1.5399999618530273,1.5499999523162842,684000,0.0,0.0
2016-05-05,1.6299999952316284,1.7000000476837158,1.5499999523162842,1.690000057220459,752400,0.0,0.0
2016-05-06,1.6699999570846558,1.9199999570846558,1.6299999952316284,1.7599999904632568,2311100,0.0,0.0
2016-05-09,1.8300000429153442,1.8300000429153442,1.649999976158142,1.6799999475479126,552100,0.0,0.0
2016-05-10,1.7100000381469727,1.7300000190734863,1.690000057220459,1.7100000381469727,224100,0.0,0.0
2016-05-11,1.7200000286102295,1.7599999904632568,1.7000000476837158,1.7200000286102295,426300,0.0,0.0
2016-05-12,1.7400000095367432,1.7799999713897705,1.6299999952316284,1.649999976158142,400000,0.0,0.0
2016-05-13,1.690000057220459,1.7000000476837158,1.590000033378601,1.6100000143051147,331100,0.0,0.0
2016-05-16,1.6799999475479126,1.6799999475479126,1.600000023841858,1.6799999475479126,330900,0.0,0.0
2016-05-17,1.6799999475479126,1.7000000476837158,1.649999976158142,1.659999966621399,410100,0.0,0.0
2016-05-18,1.649999976158142,1.6699999570846558,1.559999942779541,1.590000033378601,392600,0.0,0.0
2016-05-19,1.5800000429153442,1.5800000429153442,1.5,1.5299999713897705,472700,0.0,0.0
2016-05-20,1.600000023841858,1.600000023841858,1.5399999618530273,1.5700000524520874,233400,0.0,0.0
2016-05-24,1.5800000429153442,1.6100000143051147,1.5399999618530273,1.559999942779541,318500,0.0,0.0
2016-05-25,1.5700000524520874,1.6399999856948853,1.5700000524520874,1.6299999952316284,404700,0.0,0.0
2016-05-26,1.6200000047683716,1.6299999952316284,1.600000023841858,1.6100000143051147,146500,0.0,0.0
2016-05-27,1.6299999952316284,1.6699999570846558,1.590000033378601,1.6699999570846558,422300,0.0,0.0
2016-05-30,1.600000023841858,1.659999966621399,1.600000023841858,1.649999976158142,58100,0.0,0.0
2016-05-31,1.649999976158142,1.7799999713897705,1.6299999952316284,1.75,1086400,0.0,0.0
2016-06-01,1.7300000190734863,1.75,1.649999976158142,1.75,564200,0.0,0.0
2016-06-02,1.7000000476837158,1.8600000143051147,1.6799999475479126,1.75,5755700,0.0,0.0
2016-06-03,1.7699999809265137,1.7699999809265137,1.7000000476837158,1.7100000381469727,1241200,0.0,0.0
2016-06-06,1.75,1.8300000429153442,1.75,1.809999942779541,1923700,0.0,0.0
2016-06-07,1.8200000524520874,2.130000114440918,1.8200000524520874,1.940000057220459,5187900,0.0,0.0
2016-06-08,2.059999942779541,2.130000114440918,2.0,2.069999933242798,3364300,0.0,0.0
2016-06-09,2.059999942779541,2.1700000762939453,2.009999990463257,2.0899999141693115,1799100,0.0,0.0
2016-06-10,2.059999942779541,2.130000114440918,2.009999990463257,2.0299999713897705,1080900,0.0,0.0
2016-06-13,2.0299999713897705,2.049999952316284,1.9199999570846558,1.9500000476837158,1070800,0.0,0.0
2016-06-14,1.9299999475479126,2.0,1.809999942779541,1.9299999475479126,766200,0.0,0.0
2016-06-15,1.909999966621399,1.9600000381469727,1.850000023841858,1.850000023841858,448400,0.0,0.0
2016-06-16,1.8600000143051147,1.8899999856948853,1.7599999904632568,1.8300000429153442,1037600,0.0,0.0
2016-06-17,1.8899999856948853,2.009999990463257,1.8799999952316284,2.0,1600300,0.0,0.0
2016-06-20,2.0999999046325684,2.130000114440918,1.9800000190734863,2.009999990463257,812500,0.0,0.0
2016-06-21,1.9700000286102295,2.2300000190734863,1.9600000381469727,2.200000047683716,2587200,0.0,0.0
2016-06-22,2.299999952316284,2.4100000858306885,2.2799999713897705,2.2899999618530273,3182100,0.0,0.0
2016-06-23,2.4000000953674316,2.4700000286102295,2.319999933242798,2.430000066757202,2397500,0.0,0.0
2016-06-24,2.259999990463257,2.4100000858306885,2.1700000762939453,2.2300000190734863,2977500,0.0,0.0
2016-06-27,2.1600000858306885,2.2300000190734863,2.009999990463257,2.069999933242798,2046700,0.0,0.0
2016-06-28,2.200000047683716,2.2899999618530273,2.180000066757202,2.2699999809265137,1605600,0.0,0.0
2016-06-29,2.359999895095825,2.490000009536743,2.319999933242798,2.450000047683716,1706500,0.0,0.0
2016-06-30,2.4100000858306885,2.5299999713897705,2.359999895095825,2.4700000286102295,1313600,0.0,0.0
2016-07-04,2.630000114440918,2.7699999809265137,2.509999990463257,2.6500000953674316,1686700,0.0,0.0
2016-07-05,2.559999942779541,2.5799999237060547,2.5,2.5799999237060547,1406500,0.0,0.0
2016-07-06,2.5299999713897705,2.700000047683716,2.509999990463257,2.630000114440918,1330000,0.0,0.0
2016-07-07,2.6500000953674316,2.680000066757202,2.4700000286102295,2.5,1306700,0.0,0.0
2016-07-08,2.569999933242798,2.5799999237060547,2.450000047683716,2.4700000286102295,905800,0.0,0.0
2016-07-11,2.440000057220459,2.549999952316284,2.4000000953674316,2.4100000858306885,1093300,0.0,0.0
2016-07-12,2.5,2.509999990463257,2.4600000381469727,2.4800000190734863,1186400,0.0,0.0
2016-07-13,2.4700000286102295,2.490000009536743,2.3499999046325684,2.359999895095825,658800,0.0,0.0
2016-07-14,2.4000000953674316,2.4100000858306885,2.2300000190734863,2.259999990463257,3151700,0.0,0.0
2016-07-15,2.2899999618530273,2.2899999618530273,2.1700000762939453,2.259999990463257,901300,0.0,0.0
2016-07-18,2.190000057220459,2.380000114440918,2.1500000953674316,2.369999885559082,1123400,0.0,0.0
2016-07-19,2.380000114440918,2.380000114440918,2.25,2.319999933242798,1686400,0.0,0.0
2016-07-20,2.2799999713897705,2.319999933242798,2.2200000286102295,2.2899999618530273,794400,0.0,0.0
2016-07-21,2.2899999618530273,2.3299999237060547,2.200000047683716,2.2100000381469727,839000,0.0,0.0
2016-07-22,2.2100000381469727,2.2100000381469727,2.130000114440918,2.1500000953674316,726200,0.0,0.0
2016-07-25,2.119999885559082,2.119999885559082,1.9700000286102295,2.0,1313200,0.0,0.0
2016-07-26,1.9700000286102295,2.0,1.9600000381469727,1.9900000095367432,852200,0.0,0.0
2016-07-27,2.0199999809265137,2.069999933242798,1.899999976158142,1.9199999570846558,1249700,0.0,0.0
2016-07-28,1.909999966621399,1.9800000190734863,1.8899999856948853,1.909999966621399,808000,0.0,0.0
2016-07-29,1.8899999856948853,1.9800000190734863,1.8600000143051147,1.9700000286102295,598300,0.0,0.0
2016-08-02,1.909999966621399,1.9700000286102295,1.8700000047683716,1.9500000476837158,751000,0.0,0.0
2016-08-03,1.940000057220459,2.0799999237060547,1.8899999856948853,2.069999933242798,1422700,0.0,0.0
2016-08-04,2.0799999237060547,2.109999895095825,2.009999990463257,2.069999933242798,1103900,0.0,0.0
2016-08-05,2.069999933242798,2.1700000762939453,2.0299999713897705,2.1500000953674316,776400,0.0,0.0
2016-08-08,2.2200000286102295,2.309999942779541,2.200000047683716,2.2300000190734863,1079000,0.0,0.0
2016-08-09,2.2699999809265137,2.2799999713897705,2.1600000858306885,2.2100000381469727,782100,0.0,0.0
2016-08-10,2.2100000381469727,2.240000009536743,2.0999999046325684,2.130000114440918,951700,0.0,0.0
2016-08-11,2.1600000858306885,2.200000047683716,2.140000104904175,2.1600000858306885,802600,0.0,0.0
2016-08-12,2.1500000953674316,2.25,2.0899999141693115,2.130000114440918,1362200,0.0,0.0
2016-08-15,2.1700000762939453,2.299999952316284,2.1700000762939453,2.25,1483900,0.0,0.0
2016-08-16,2.259999990463257,2.2899999618530273,2.2200000286102295,2.25,690900,0.0,0.0
2016-08-17,2.2300000190734863,2.2899999618530273,2.2200000286102295,2.259999990463257,709100,0.0,0.0
2016-08-18,2.2799999713897705,2.3499999046325684,2.2799999713897705,2.3499999046325684,1002600,0.0,0.0
2016-08-19,2.3499999046325684,2.380000114440918,2.2799999713897705,2.309999942779541,752700,0.0,0.0
2016-08-22,2.25,2.2899999618530273,2.25,2.2899999618530273,538400,0.0,0.0
2016-08-23,2.2699999809265137,2.3499999046325684,2.25,2.259999990463257,634400,0.0,0.0
2016-08-24,2.2200000286102295,2.2799999713897705,2.1500000953674316,2.190000057220459,631100,0.0,0.0
2016-08-25,2.180000066757202,2.2300000190734863,2.1600000858306885,2.180000066757202,648000,0.0,0.0
2016-08-26,2.200000047683716,2.25,2.130000114440918,2.180000066757202,660000,0.0,0.0
2016-08-29,2.1700000762939453,2.1700000762939453,2.130000114440918,2.1700000762939453,465100,0.0,0.0
2016-08-30,2.180000066757202,2.180000066757202,2.130000114440918,2.1500000953674316,430200,0.0,0.0
2016-08-31,2.1500000953674316,2.180000066757202,2.130000114440918,2.140000104904175,743000,0.0,0.0
2016-09-01,2.130000114440918,2.140000104904175,2.0999999046325684,2.109999895095825,506500,0.0,0.0
2016-09-02,2.1500000953674316,2.2899999618530273,2.1500000953674316,2.25,1637800,0.0,0.0
2016-09-06,2.299999952316284,2.3299999237060547,2.2799999713897705,2.299999952316284,456600,0.0,0.0
2016-09-07,2.3399999141693115,2.3399999141693115,2.2699999809265137,2.299999952316284,482300,0.0,0.0
2016-09-08,2.3299999237060547,2.359999895095825,2.299999952316284,2.319999933242798,859500,0.0,0.0
2016-09-09,2.299999952316284,2.319999933242798,2.119999885559082,2.240000009536743,1653900,0.0,0.0
2016-09-12,2.240000009536743,2.2799999713897705,2.1700000762939453,2.2699999809265137,604300,0.0,0.0
2016-09-13,2.200000047683716,2.2300000190734863,2.119999885559082,2.130000114440918,1745200,0.0,0.0
2016-09-14,2.140000104904175,2.180000066757202,2.0899999141693115,2.119999885559082,752700,0.0,0.0
2016-09-15,2.130000114440918,2.259999990463257,2.119999885559082,2.200000047683716,787100,0.0,0.0
2016-09-16,2.140000104904175,2.2300000190734863,2.140000104904175,2.2100000381469727,799000,0.0,0.0
2016-09-19,2.2100000381469727,2.309999942779541,2.200000047683716,2.2699999809265137,928700,0.0,0.0
2016-09-20,2.259999990463257,2.2699999809265137,2.2100000381469727,2.259999990463257,334400,0.0,0.0
2016-09-21,2.25,2.4000000953674316,2.240000009536743,2.369999885559082,1668900,0.0,0.0
2016-09-22,2.430000066757202,2.509999990463257,2.4200000762939453,2.430000066757202,1520700,0.0,0.0
2016-09-23,2.4000000953674316,2.4700000286102295,2.319999933242798,2.4000000953674316,931300,0.0,0.0
2016-09-26,2.4200000762939453,2.440000057220459,2.3499999046325684,2.430000066757202,1111400,0.0,0.0
2016-09-27,2.380000114440918,2.4100000858306885,2.3299999237060547,2.369999885559082,1283900,0.0,0.0
2016-09-28,2.390000104904175,2.7200000286102295,2.380000114440918,2.6700000762939453,2098000,0.0,0.0
2016-09-29,2.6500000953674316,2.7799999713897705,2.6500000953674316,2.6700000762939453,2343800,0.0,0.0
2016-09-30,2.7200000286102295,2.75,2.630000114440918,2.690000057220459,2576900,0.0,0.0
2016-10-03,2.7300000190734863,2.9700000286102295,2.7300000190734863,2.890000104904175,4501800,0.0,0.0
2016-10-04,2.9700000286102295,2.990000009536743,2.8299999237060547,2.859999895095825,1793800,0.0,0.0
2016-10-05,2.950000047683716,3.2200000286102295,2.950000047683716,3.140000104904175,3389200,0.0,0.0
2016-10-06,3.299999952316284,3.369999885559082,3.1700000762939453,3.2799999713897705,2751200,0.0,0.0
2016-10-07,3.2100000381469727,3.240000009536743,3.0199999809265137,3.1500000953674316,1890100,0.0,0.0
2016-10-11,3.2300000190734863,3.299999952316284,3.0999999046325684,3.1500000953674316,2914200,0.0,0.0
2016-10-12,3.130000114440918,3.130000114440918,3.009999990463257,3.109999895095825,1475500,0.0,0.0
2016-10-13,3.059999942779541,3.1700000762939453,3.0299999713897705,3.140000104904175,993800,0.0,0.0
2016-10-14,3.1500000953674316,3.2699999809265137,3.130000114440918,3.180000066757202,2211200,0.0,0.0
2016-10-17,3.1700000762939453,3.240000009536743,3.109999895095825,3.190000057220459,1852400,0.0,0.0
2016-10-18,3.2200000286102295,3.2300000190734863,3.140000104904175,3.1600000858306885,1196000,0.0,0.0
2016-10-19,3.200000047683716,3.3499999046325684,3.200000047683716,3.309999942779541,2069100,0.0,0.0
2016-10-20,3.259999990463257,3.309999942779541,3.200000047683716,3.2200000286102295,1711000,0.0,0.0
2016-10-21,3.190000057220459,3.25,3.1500000953674316,3.200000047683716,1203400,0.0,0.0
2016-10-24,3.180000066757202,3.190000057220459,3.0199999809265137,3.130000114440918,1387900,0.0,0.0
2016-10-25,3.130000114440918,3.1700000762939453,3.009999990463257,3.0399999618530273,733200,0.0,0.0
2016-10-26,3.0299999713897705,3.0899999141693115,2.9600000381469727,3.0,2007400,0.0,0.0
2016-10-27,2.990000009536743,3.049999952316284,2.9600000381469727,3.009999990463257,2206800,0.0,0.0
2016-10-28,3.009999990463257,3.0799999237060547,2.9200000762939453,2.9800000190734863,744200,0.0,0.0
2016-10-31,2.9100000858306885,2.940000057220459,2.8399999141693115,2.880000114440918,967500,0.0,0.0
2016-11-01,2.9000000953674316,2.9700000286102295,2.809999942779541,2.869999885559082,1332300,0.0,0.0
2016-11-02,2.799999952316284,2.859999895095825,2.7799999713897705,2.7899999618530273,1189900,0.0,0.0
2016-11-03,2.759999990463257,2.799999952316284,2.740000009536743,2.759999990463257,709200,0.0,0.0
2016-11-04,2.740000009536743,2.9000000953674316,2.7200000286102295,2.890000104904175,1257700,0.0,0.0
2016-11-07,2.9600000381469727,2.9600000381469727,2.9000000953674316,2.930000066757202,729800,0.0,0.0
2016-11-08,2.890000104904175,2.9200000762939453,2.799999952316284,2.880000114440918,693200,0.0,0.0
2016-11-09,2.799999952316284,3.109999895095825,2.759999990463257,3.109999895095825,1450100,0.0,0.0
2016-11-10,3.259999990463257,3.3399999141693115,3.0999999046325684,3.140000104904175,2218800,0.0,0.0
2016-11-11,3.190000057220459,3.2300000190734863,3.109999895095825,3.1700000762939453,1322800,0.0,0.0
2016-11-14,3.1500000953674316,3.450000047683716,3.1500000953674316,3.390000104904175,2250900,0.0,0.0
2016-11-15,3.4600000381469727,3.609999895095825,3.4600000381469727,3.490000009536743,1810100,0.0,0.0
2016-11-16,3.5,3.569999933242798,3.2200000286102295,3.299999952316284,1579300,0.0,0.0
2016-11-17,3.3499999046325684,3.430000066757202,3.299999952316284,3.3299999237060547,918800,0.0,0.0
2016-11-18,3.359999895095825,3.4600000381469727,3.359999895095825,3.430000066757202,777500,0.0,0.0
2016-11-21,3.5,3.569999933242798,3.4800000190734863,3.559999942779541,1643000,0.0,0.0
2016-11-22,3.5899999141693115,3.609999895095825,3.4600000381469727,3.5,844200,0.0,0.0
2016-11-23,3.4600000381469727,3.5199999809265137,3.430000066757202,3.5,684000,0.0,0.0
2016-11-24,3.450000047683716,3.5299999713897705,3.450000047683716,3.5,434300,0.0,0.0
2016-11-25,3.5,3.5199999809265137,3.309999942779541,3.369999885559082,651500,0.0,0.0
2016-11-28,3.440000057220459,3.4700000286102295,3.259999990463257,3.309999942779541,863100,0.0,0.0
2016-11-29,3.200000047683716,3.2699999809265137,3.069999933242798,3.259999990463257,975600,0.0,0.0
2016-11-30,3.5,3.75,3.450000047683716,3.690000057220459,4589200,0.0,0.0
2016-12-01,3.930000066757202,3.950000047683716,3.7200000286102295,3.7699999809265137,2240700,0.0,0.0
2016-12-02,3.7699999809265137,3.990000009536743,3.7300000190734863,3.930000066757202,1555800,0.0,0.0
2016-12-05,4.0,4.159999847412109,3.9800000190734863,4.070000171661377,2308100,0.0,0.0
2016-12-06,4.059999942779541,4.21999979019165,3.940000057220459,4.150000095367432,2171800,0.0,0.0
2016-12-07,4.21999979019165,4.5,4.010000228881836,4.119999885559082,2894200,0.0,0.0
2016-12-08,4.309999942779541,4.349999904632568,4.170000076293945,4.239999771118164,2533200,0.0,0.0
2016-12-09,4.389999866485596,4.440000057220459,4.28000020980835,4.360000133514404,1341300,0.0,0.0
2016-12-12,4.880000114440918,4.880000114440918,4.420000076293945,4.440000057220459,2591200,0.0,0.0
2016-12-13,4.449999809265137,4.519999980926514,4.369999885559082,4.480000019073486,2264000,0.0,0.0
2016-12-14,4.559999942779541,4.769999980926514,4.409999847412109,4.440000057220459,3267000,0.0,0.0
2016-12-15,4.409999847412109,4.53000020980835,4.400000095367432,4.5,1167500,0.0,0.0
2016-12-16,4.579999923706055,4.610000133514404,4.429999828338623,4.440000057220459,1331500,0.0,0.0
2016-12-19,4.489999771118164,4.519999980926514,4.380000114440918,4.46999979019165,1335000,0.0,0.0
2016-12-20,4.5,4.570000171661377,4.46999979019165,4.480000019073486,993700,0.0,0.0
2016-12-21,4.539999961853027,4.539999961853027,4.260000228881836,4.409999847412109,830600,0.0,0.0
2016-12-22,4.400000095367432,4.46999979019165,4.340000152587891,4.429999828338623,342100,0.0,0.0
2016-12-23,4.449999809265137,4.449999809265137,4.329999923706055,4.380000114440918,376100,0.0,0.0
2016-12-28,4.440000057220459,4.610000133514404,4.440000057220459,4.539999961853027,827300,0.0,0.0
2016-12-29,4.599999904632568,4.599999904632568,4.5,4.559999942779541,385100,0.0,0.0
2016-12-30,4.550000190734863,4.619999885559082,4.550000190734863,4.599999904632568,305600,0.0,0.0
2017-01-03,4.650000095367432,4.78000020980835,4.539999961853027,4.659999847412109,1536100,0.0,0.0
2017-01-04,4.659999847412109,4.900000095367432,4.639999866485596,4.900000095367432,1693200,0.0,0.0
2017-01-05,4.949999809265137,5.110000133514404,4.909999847412109,5.070000171661377,1914800,0.0,0.0
2017-01-06,5.139999866485596,5.139999866485596,4.96999979019165,5.019999980926514,1355000,0.0,0.0
2017-01-09,5.099999904632568,5.440000057220459,5.079999923706055,5.119999885559082,3811500,0.0,0.0
2017-01-10,5.039999961853027,5.349999904632568,5.010000228881836,5.210000038146973,2798300,0.0,0.0
2017-01-11,5.389999866485596,5.389999866485596,4.960000038146973,5.059999942779541,3007700,0.0,0.0
2017-01-12,5.090000152587891,5.090000152587891,4.800000190734863,4.840000152587891,1846200,0.0,0.0
2017-01-13,4.809999942779541,4.860000133514404,4.730000019073486,4.789999961853027,607000,0.0,0.0
2017-01-16,4.769999980926514,4.809999942779541,4.460000038146973,4.769999980926514,986400,0.0,0.0
2017-01-17,4.809999942779541,5.119999885559082,4.809999942779541,5.079999923706055,1749400,0.0,0.0
2017-01-18,5.059999942779541,5.090000152587891,4.920000076293945,5.03000020980835,1055300,0.0,0.0
2017-01-19,4.940000057220459,5.239999771118164,4.940000057220459,5.170000076293945,1693800,0.0,0.0
2017-01-20,5.230000019073486,5.260000228881836,5.079999923706055,5.099999904632568,1015700,0.0,0.0
2017-01-23,5.099999904632568,5.179999828338623,4.71999979019165,4.809999942779541,1920200,0.0,0.0
2017-01-24,4.809999942779541,5.03000020980835,4.809999942779541,4.929999828338623,1537000,0.0,0.0
2017-01-25,5.059999942779541,5.099999904632568,4.980000019073486,5.079999923706055,1399700,0.0,0.0
2017-01-26,5.079999923706055,5.170000076293945,4.96999979019165,5.010000228881836,1026000,0.0,0.0
2017-01-27,5.010000228881836,5.079999923706055,4.929999828338623,4.949999809265137,803600,0.0,0.0
2017-01-30,4.869999885559082,4.889999866485596,4.659999847412109,4.75,1333000,0.0,0.0
2017-01-31,4.710000038146973,4.929999828338623,4.710000038146973,4.889999866485596,1121900,0.0,0.0
2017-02-01,4.96999979019165,5.059999942779541,4.909999847412109,5.03000020980835,1447000,0.0,0.0
2017-02-02,5.059999942779541,5.099999904632568,5.03000020980835,5.090000152587891,1008700,0.0,0.0
2017-02-03,5.059999942779541,5.110000133514404,5.0,5.090000152587891,1223000,0.0,0.0
2017-02-06,5.090000152587891,5.110000133514404,5.03000020980835,5.079999923706055,962200,0.0,0.0
2017-02-07,5.059999942779541,5.159999847412109,5.039999961853027,5.079999923706055,1329300,0.0,0.0
2017-02-08,5.050000190734863,5.170000076293945,4.980000019073486,5.079999923706055,1331000,0.0,0.0
2017-02-09,5.139999866485596,5.309999942779541,5.110000133514404,5.309999942779541,1444700,0.0,0.0
2017-02-10,5.369999885559082,5.53000020980835,5.329999923706055,5.46999979019165,1690600,0.0,0.0
2017-02-13,5.449999809265137,5.5,5.269999980926514,5.480000019073486,926000,0.0,0.0
2017-02-14,5.519999980926514,5.550000190734863,5.309999942779541,5.489999771118164,1105700,0.0,0.0
2017-02-15,5.590000152587891,5.590000152587891,5.349999904632568,5.360000133514404,710300,0.0,0.0
2017-02-16,5.360000133514404,5.389999866485596,5.119999885559082,5.170000076293945,1085400,0.0,0.0
2017-02-17,5.139999866485596,5.150000095367432,4.940000057220459,5.03000020980835,1432000,0.0,0.0
2017-02-21,5.130000114440918,5.309999942779541,5.090000152587891,5.289999961853027,804500,0.0,0.0
2017-02-22,5.179999828338623,5.21999979019165,5.119999885559082,5.170000076293945,660300,0.0,0.0
2017-02-23,5.309999942779541,5.46999979019165,5.170000076293945,5.230000019073486,1971400,0.0,0.0
2017-02-24,5.179999828338623,5.300000190734863,5.010000228881836,5.179999828338623,1870300,0.0,0.0
2017-02-27,5.210000038146973,5.239999771118164,5.079999923706055,5.099999904632568,753400,0.0,0.0
2017-02-28,5.039999961853027,5.039999961853027,4.769999980926514,4.920000076293945,1461900,0.0,0.0
2017-03-01,4.989999771118164,5.010000228881836,4.690000057220459,4.75,1733600,0.0,0.0
2017-03-02,4.599999904632568,4.730000019073486,4.420000076293945,4.559999942779541,1475300,0.0,0.0
2017-03-03,4.559999942779541,4.699999809265137,4.489999771118164,4.670000076293945,2214700,0.0,0.0
2017-03-06,4.690000057220459,4.690000057220459,4.510000228881836,4.619999885559082,2976800,0.0,0.0
2017-03-07,4.679999828338623,4.679999828338623,4.429999828338623,4.570000171661377,1448800,0.0,0.0
2017-03-08,4.489999771118164,4.539999961853027,4.21999979019165,4.300000190734863,2146200,0.0,0.0
2017-03-09,4.130000114440918,4.340000152587891,3.9000000953674316,4.050000190734863,3356400,0.0,0.0
2017-03-10,4.039999961853027,4.079999923706055,3.990000009536743,4.019999980926514,1615900,0.0,0.0
2017-03-13,4.050000190734863,4.079999923706055,3.9000000953674316,3.990000009536743,1402100,0.0,0.0
2017-03-14,3.890000104904175,4.03000020980835,3.5999999046325684,3.9800000190734863,2417800,0.0,0.0
2017-03-15,4.050000190734863,4.28000020980835,4.03000020980835,4.21999979019165,1772300,0.0,0.0
2017-03-16,4.239999771118164,4.349999904632568,4.139999866485596,4.28000020980835,1357100,0.0,0.0
2017-03-17,4.329999923706055,4.340000152587891,4.179999828338623,4.199999809265137,1187300,0.0,0.0
2017-03-20,4.130000114440918,4.199999809265137,4.059999942779541,4.090000152587891,967200,0.0,0.0
2017-03-21,4.119999885559082,4.199999809265137,3.869999885559082,3.9000000953674316,736500,0.0,0.0
2017-03-22,3.940000057220459,3.9600000381469727,3.549999952316284,3.5899999141693115,10967400,0.0,0.0
2017-03-23,3.6600000858306885,3.7300000190734863,3.490000009536743,3.6600000858306885,3558200,0.0,0.0
2017-03-24,3.690000057220459,3.740000009536743,3.569999933242798,3.630000114440918,2924400,0.0,0.0
2017-03-27,3.5999999046325684,3.5999999046325684,3.4800000190734863,3.5799999237060547,1750600,0.0,0.0
2017-03-28,3.6500000953674316,3.940000057220459,3.609999895095825,3.880000114440918,2980000,0.0,0.0
2017-03-29,3.9700000286102295,4.039999961853027,3.859999895095825,4.010000228881836,2122400,0.0,0.0
2017-03-30,4.099999904632568,4.119999885559082,3.9700000286102295,4.0,1716800,0.0,0.0
2017-03-31,4.0,4.070000171661377,3.940000057220459,4.050000190734863,1041100,0.0,0.0
2017-04-03,4.070000171661377,4.119999885559082,3.9700000286102295,4.050000190734863,1293900,0.0,0.0
2017-04-04,4.059999942779541,4.130000114440918,3.990000009536743,4.119999885559082,1021800,0.0,0.0
2017-04-05,4.21999979019165,4.329999923706055,4.050000190734863,4.070000171661377,1429100,0.0,0.0
2017-04-06,4.119999885559082,4.179999828338623,4.090000152587891,4.139999866485596,1535100,0.0,0.0
2017-04-07,4.130000114440918,4.25,4.090000152587891,4.239999771118164,1241400,0.0,0.0
2017-04-10,4.28000020980835,4.460000038146973,4.21999979019165,4.429999828338623,1279200,0.0,0.0
2017-04-11,4.460000038146973,4.489999771118164,4.329999923706055,4.480000019073486,1677000,0.0,0.0
2017-04-12,4.440000057220459,4.510000228881836,4.28000020980835,4.309999942779541,2468700,0.0,0.0
2017-04-13,4.400000095367432,4.400000095367432,4.170000076293945,4.230000019073486,950600,0.0,0.0
2017-04-17,4.25,4.340000152587891,4.210000038146973,4.289999961853027,936500,0.0,0.0
2017-04-18,4.289999961853027,4.380000114440918,4.230000019073486,4.329999923706055,2226400,0.0,0.0
2017-04-19,4.389999866485596,4.449999809265137,4.139999866485596,4.190000057220459,1944400,0.0,0.0
2017-04-20,4.170000076293945,4.239999771118164,4.119999885559082,4.130000114440918,686500,0.0,0.0
2017-04-21,4.110000133514404,4.110000133514404,3.9700000286102295,4.039999961853027,1004400,0.0,0.0
2017-04-24,4.079999923706055,4.110000133514404,4.0,4.03000020980835,791000,0.0,0.0
2017-04-25,4.050000190734863,4.050000190734863,3.9800000190734863,4.010000228881836,925400,0.0,0.0
2017-04-26,4.0,4.039999961853027,3.930000066757202,3.9800000190734863,889000,0.0,0.0
2017-04-27,3.9000000953674316,3.9000000953674316,3.6600000858306885,3.799999952316284,1307100,0.0,0.0
2017-04-28,3.819999933242798,3.859999895095825,3.7200000286102295,3.75,1134400,0.0,0.0
2017-05-01,3.75,3.7899999618530273,3.6600000858306885,3.7100000381469727,807000,0.0,0.0
2017-05-02,3.75,3.799999952316284,3.6500000953674316,3.759999990463257,952600,0.0,0.0
2017-05-03,3.9100000858306885,3.9100000858306885,3.759999990463257,3.8499999046325684,1913400,0.0,0.0
2017-05-04,3.950000047683716,3.950000047683716,3.75,3.799999952316284,2033500,0.0,0.0
2017-05-05,3.859999895095825,4.170000076293945,3.799999952316284,4.150000095367432,2120100,0.0,0.0
2017-05-08,4.170000076293945,4.21999979019165,3.9800000190734863,4.059999942779541,1372500,0.0,0.0
2017-05-09,4.099999904632568,4.099999904632568,3.9200000762939453,3.9700000286102295,1027800,0.0,0.0
2017-05-10,4.03000020980835,4.309999942779541,4.010000228881836,4.28000020980835,2779400,0.0,0.0
2017-05-11,4.309999942779541,4.369999885559082,4.110000133514404,4.159999847412109,969800,0.0,0.0
2017-05-12,4.150000095367432,4.190000057220459,4.039999961853027,4.079999923706055,782300,0.0,0.0
2017-05-15,4.21999979019165,4.300000190734863,4.179999828338623,4.28000020980835,976300,0.0,0.0
2017-05-16,4.239999771118164,4.329999923706055,4.190000057220459,4.21999979019165,953500,0.0,0.0
2017-05-17,4.21999979019165,4.21999979019165,4.050000190734863,4.090000152587891,620200,0.0,0.0
2017-05-18,4.050000190734863,4.260000228881836,3.9200000762939453,4.199999809265137,1176800,0.0,0.0
2017-05-19,4.260000228881836,4.539999961853027,4.230000019073486,4.429999828338623,2382700,0.0,0.0
2017-05-23,4.420000076293945,4.480000019073486,4.300000190734863,4.420000076293945,1475900,0.0,0.0
2017-05-24,4.380000114440918,4.460000038146973,4.21999979019165,4.349999904632568,1116800,0.0,0.0
2017-05-25,4.349999904632568,4.46999979019165,4.159999847412109,4.199999809265137,1670500,0.0,0.0
2017-05-26,4.21999979019165,4.260000228881836,4.099999904632568,4.139999866485596,1118300,0.0,0.0
2017-05-29,4.150000095367432,4.150000095367432,4.050000190734863,4.110000133514404,410200,0.0,0.0
2017-05-30,4.110000133514404,4.110000133514404,3.940000057220459,4.0,895800,0.0,0.0
2017-05-31,3.9000000953674316,4.050000190734863,3.819999933242798,4.010000228881836,1367400,0.0,0.0
2017-06-01,4.059999942779541,4.210000038146973,4.010000228881836,4.110000133514404,1747900,0.0,0.0
2017-06-02,4.070000171661377,4.099999904632568,4.010000228881836,4.059999942779541,585000,0.0,0.0
2017-06-05,4.019999980926514,4.079999923706055,3.950000047683716,4.019999980926514,1219500,0.0,0.0
2017-06-06,4.0,4.190000057220459,3.950000047683716,4.179999828338623,3210500,0.0,0.0
2017-06-07,4.119999885559082,4.170000076293945,3.9000000953674316,3.940000057220459,1860800,0.0,0.0
2017-06-08,3.930000066757202,4.050000190734863,3.9100000858306885,3.990000009536743,1063100,0.0,0.0
2017-06-09,4.050000190734863,4.349999904632568,3.990000009536743,4.340000152587891,4373100,0.0,0.0
2017-06-12,4.349999904632568,4.440000057220459,4.199999809265137,4.239999771118164,1321700,0.0,0.0
2017-06-13,4.239999771118164,4.389999866485596,4.159999847412109,4.369999885559082,1462100,0.0,0.0
2017-06-14,4.260000228881836,4.329999923706055,4.010000228881836,4.039999961853027,2442200,0.0,0.0
2017-06-15,4.0,4.070000171661377,3.6600000858306885,3.759999990463257,5385400,0.0,0.0
2017-06-16,3.799999952316284,3.8299999237060547,3.6500000953674316,3.7300000190734863,2805800,0.0,0.0
2017-06-19,3.690000057220459,3.7200000286102295,3.5,3.559999942779541,1776700,0.0,0.0
2017-06-20,3.450000047683716,3.4800000190734863,3.109999895095825,3.430000066757202,3153000,0.0,0.0
2017-06-21,3.4800000190734863,3.5899999141693115,3.180000066757202,3.2100000381469727,2437200,0.0,0.0
2017-06-22,3.2300000190734863,3.309999942779541,3.1600000858306885,3.25,3503600,0.0,0.0
2017-06-23,3.2699999809265137,3.4000000953674316,3.2200000286102295,3.2899999618530273,1332300,0.0,0.0
2017-06-26,3.309999942779541,3.3399999141693115,3.1600000858306885,3.2100000381469727,1848300,0.0,0.0
2017-06-27,3.2799999713897705,3.369999885559082,3.2200000286102295,3.309999942779541,1684000,0.0,0.0
2017-06-28,3.3399999141693115,3.4200000762939453,3.2300000190734863,3.4100000858306885,1893600,0.0,0.0
2017-06-29,3.4700000286102295,3.640000104904175,3.4100000858306885,3.490000009536743,3659100,0.0,0.0
2017-06-30,3.559999942779541,3.6500000953674316,3.5299999713897705,3.630000114440918,1997400,0.0,0.0
2017-07-04,3.7100000381469727,3.7200000286102295,3.559999942779541,3.5999999046325684,502000,0.0,0.0
2017-07-05,3.5899999141693115,3.5899999141693115,3.380000114440918,3.440000057220459,1343400,0.0,0.0
2017-07-06,3.5,3.5399999618530273,3.390000104904175,3.4700000286102295,2577400,0.0,0.0
2017-07-07,3.4000000953674316,3.4000000953674316,3.25,3.380000114440918,649400,0.0,0.0
2017-07-10,3.319999933242798,3.430000066757202,3.299999952316284,3.369999885559082,709600,0.0,0.0
2017-07-11,3.4100000858306885,3.4100000858306885,3.25,3.2799999713897705,2486800,0.0,0.0
2017-07-12,3.3499999046325684,3.4700000286102295,3.309999942779541,3.3299999237060547,4986200,0.0,0.0
2017-07-13,3.359999895095825,3.4800000190734863,3.3399999141693115,3.4200000762939453,1655300,0.0,0.0
2017-07-14,3.440000057220459,3.450000047683716,3.3399999141693115,3.4000000953674316,903700,0.0,0.0
2017-07-17,3.369999885559082,3.490000009536743,3.369999885559082,3.430000066757202,1193000,0.0,0.0
2017-07-18,3.490000009536743,3.5,3.4000000953674316,3.430000066757202,1140900,0.0,0.0
2017-07-19,3.4100000858306885,3.7200000286102295,3.4100000858306885,3.700000047683716,2895200,0.0,0.0
2017-07-20,3.759999990463257,3.8299999237060547,3.619999885559082,3.6600000858306885,2214700,0.0,0.0
2017-07-21,3.7300000190734863,3.7699999809265137,3.569999933242798,3.640000104904175,2173400,0.0,0.0
2017-07-24,3.700000047683716,3.700000047683716,3.5,3.5399999618530273,858700,0.0,0.0
2017-07-25,3.619999885559082,3.630000114440918,3.509999990463257,3.5899999141693115,5961800,0.0,0.0
2017-07-26,3.799999952316284,3.890000104904175,3.7100000381469727,3.7300000190734863,5736800,0.0,0.0
2017-07-27,3.7699999809265137,3.869999885559082,3.7300000190734863,3.7799999713897705,1581700,0.0,0.0
2017-07-28,3.809999942779541,3.859999895095825,3.7300000190734863,3.759999990463257,1123400,0.0,0.0
2017-07-31,3.75,3.75,3.559999942779541,3.6500000953674316,1145300,0.0,0.0
2017-08-01,3.619999885559082,3.690000057220459,3.5,3.619999885559082,1253800,0.0,0.0
2017-08-02,3.609999895095825,3.6500000953674316,3.549999952316284,3.609999895095825,835500,0.0,0.0
2017-08-03,3.609999895095825,3.690000057220459,3.5299999713897705,3.559999942779541,1303200,0.0,0.0
2017-08-04,3.5799999237060547,3.6500000953674316,3.549999952316284,3.5899999141693115,991700,0.0,0.0
2017-08-08,3.5299999713897705,3.630000114440918,3.4200000762939453,3.509999990463257,1656200,0.0,0.0
2017-08-09,3.549999952316284,3.559999942779541,3.440000057220459,3.4800000190734863,1513900,0.0,0.0
2017-08-10,3.5,3.549999952316284,3.440000057220459,3.4700000286102295,2069700,0.0,0.0
2017-08-11,3.5199999809265137,3.5799999237060547,3.3399999141693115,3.490000009536743,4671500,0.0,0.0
2017-08-14,3.490000009536743,3.509999990463257,3.430000066757202,3.450000047683716,2072300,0.0,0.0
2017-08-15,3.4700000286102295,3.490000009536743,3.430000066757202,3.4600000381469727,792200,0.0,0.0
2017-08-16,3.490000009536743,3.5,3.4200000762939453,3.4200000762939453,699100,0.0,0.0
2017-08-17,3.430000066757202,3.5999999046325684,3.4000000953674316,3.4200000762939453,2247000,0.0,0.0
2017-08-18,3.4700000286102295,3.509999990463257,3.4100000858306885,3.440000057220459,1629700,0.0,0.0
2017-08-21,3.430000066757202,3.430000066757202,3.240000009536743,3.259999990463257,1746000,0.0,0.0
2017-08-22,3.309999942779541,3.4100000858306885,3.2699999809265137,3.390000104904175,1421500,0.0,0.0
2017-08-23,3.3499999046325684,3.5,3.319999933242798,3.4800000190734863,1265600,0.0,0.0
2017-08-24,3.440000057220459,3.4800000190734863,3.390000104904175,3.430000066757202,2662600,0.0,0.0
2017-08-25,3.450000047683716,3.4800000190734863,3.390000104904175,3.430000066757202,911500,0.0,0.0
2017-08-28,3.4000000953674316,3.4600000381469727,3.390000104904175,3.450000047683716,926600,0.0,0.0
2017-08-29,3.4100000858306885,3.5,3.3499999046325684,3.490000009536743,1036400,0.0,0.0
2017-08-30,3.490000009536743,3.5,3.450000047683716,3.490000009536743,601600,0.0,0.0
2017-08-31,3.5,3.7300000190734863,3.490000009536743,3.700000047683716,2375300,0.0,0.0
2017-09-01,3.700000047683716,3.7699999809265137,3.609999895095825,3.6700000762939453,1499500,0.0,0.0
2017-09-05,3.740000009536743,3.7699999809265137,3.5999999046325684,3.640000104904175,1166100,0.0,0.0
2017-09-06,3.680000066757202,3.8399999141693115,3.6700000762939453,3.7699999809265137,1549800,0.0,0.0
2017-09-07,3.759999990463257,3.799999952316284,3.7100000381469727,3.7200000286102295,1226700,0.0,0.0
2017-09-08,3.700000047683716,3.7100000381469727,3.569999933242798,3.619999885559082,1061600,0.0,0.0
2017-09-11,3.619999885559082,3.7200000286102295,3.5799999237060547,3.5899999141693115,2485600,0.0,0.0
2017-09-12,3.569999933242798,3.700000047683716,3.549999952316284,3.630000114440918,2342000,0.0,0.0
2017-09-13,3.680000066757202,3.930000066757202,3.6600000858306885,3.880000114440918,5823600,0.0,0.0
2017-09-14,3.930000066757202,4.03000020980835,3.819999933242798,3.950000047683716,2850200,0.0,0.0
2017-09-15,3.9700000286102295,3.9700000286102295,3.8299999237060547,3.9000000953674316,19228600,0.0,0.0
2017-09-18,3.8499999046325684,3.950000047683716,3.809999942779541,3.8399999141693115,1358700,0.0,0.0
2017-09-19,3.8499999046325684,4.0,3.8499999046325684,3.9800000190734863,3063000,0.0,0.0
2017-09-20,4.0,4.300000190734863,3.990000009536743,4.230000019073486,5783800,0.0,0.0
2017-09-21,4.199999809265137,4.349999904632568,4.139999866485596,4.329999923706055,2285900,0.0,0.0
2017-09-22,4.309999942779541,4.360000133514404,4.269999980926514,4.349999904632568,2149500,0.0,0.0
2017-09-25,4.409999847412109,4.570000171661377,4.409999847412109,4.539999961853027,3145800,0.0,0.0
2017-09-26,4.519999980926514,4.599999904632568,4.409999847412109,4.579999923706055,2419300,0.0,0.0
2017-09-27,4.670000076293945,4.670000076293945,4.440000057220459,4.610000133514404,2241000,0.0,0.0
2017-09-28,4.639999866485596,4.670000076293945,4.53000020980835,4.599999904632568,2136400,0.0,0.0
2017-09-29,4.590000152587891,4.730000019073486,4.559999942779541,4.559999942779541,2923300,0.0,0.0
2017-10-02,4.429999828338623,4.559999942779541,4.289999961853027,4.53000020980835,1970500,0.0,0.0
2017-10-03,4.53000020980835,4.659999847412109,4.519999980926514,4.590000152587891,1899500,0.0,0.0
2017-10-04,4.650000095367432,4.699999809265137,4.570000171661377,4.570000171661377,1622200,0.0,0.0
2017-10-05,4.599999904632568,4.739999771118164,4.590000152587891,4.690000057220459,1709500,0.0,0.0
2017-10-06,4.630000114440918,4.650000095367432,4.460000038146973,4.599999904632568,1487700,0.0,0.0
2017-10-10,4.659999847412109,4.730000019073486,4.610000133514404,4.650000095367432,1179200,0.0,0.0
2017-10-11,4.670000076293945,4.769999980926514,4.670000076293945,4.760000228881836,3219100,0.0,0.0
2017-10-12,4.679999828338623,4.760000228881836,4.559999942779541,4.590000152587891,1876200,0.0,0.0
2017-10-13,4.659999847412109,4.71999979019165,4.570000171661377,4.610000133514404,1285900,0.0,0.0
2017-10-16,4.650000095367432,4.71999979019165,4.630000114440918,4.650000095367432,1144400,0.0,0.0
2017-10-17,4.639999866485596,4.670000076293945,4.53000020980835,4.599999904632568,1234200,0.0,0.0
2017-10-18,4.610000133514404,4.670000076293945,4.460000038146973,4.46999979019165,791700,0.0,0.0
2017-10-19,4.389999866485596,4.489999771118164,4.340000152587891,4.480000019073486,1015200,0.0,0.0
2017-10-20,4.409999847412109,4.440000057220459,4.309999942779541,4.320000171661377,2341400,0.0,0.0
2017-10-23,4.320000171661377,4.360000133514404,4.159999847412109,4.289999961853027,2754900,0.0,0.0
2017-10-24,4.360000133514404,4.440000057220459,4.199999809265137,4.230000019073486,1267100,0.0,0.0
2017-10-25,4.210000038146973,4.360000133514404,4.190000057220459,4.309999942779541,1955700,0.0,0.0
2017-10-26,4.480000019073486,4.570000171661377,4.309999942779541,4.5,5808100,0.0,0.0
2017-10-27,4.449999809265137,4.659999847412109,4.409999847412109,4.599999904632568,2624100,0.0,0.0
2017-10-30,4.659999847412109,4.75,4.579999923706055,4.730000019073486,3356000,0.0,0.0
2017-10-31,4.730000019073486,4.860000133514404,4.639999866485596,4.849999904632568,1786100,0.0,0.0
2017-11-01,4.949999809265137,5.179999828338623,4.909999847412109,5.0,5060800,0.0,0.0
2017-11-02,5.150000095367432,5.260000228881836,4.929999828338623,5.059999942779541,5501000,0.0,0.0
2017-11-03,5.110000133514404,5.239999771118164,5.070000171661377,5.230000019073486,3030300,0.0,0.0
2017-11-06,5.25,5.340000152587891,5.230000019073486,5.289999961853027,2273200,0.0,0.0
2017-11-07,5.28000020980835,5.300000190734863,5.130000114440918,5.210000038146973,3189000,0.0,0.0
2017-11-08,5.190000057220459,5.21999979019165,5.039999961853027,5.170000076293945,3180200,0.0,0.0
2017-11-09,5.159999847412109,5.190000057220459,4.960000038146973,5.010000228881836,2164800,0.0,0.0
2017-11-10,4.989999771118164,5.039999961853027,4.809999942779541,4.880000114440918,2847600,0.0,0.0
2017-11-13,4.860000133514404,4.929999828338623,4.730000019073486,4.730000019073486,1666800,0.0,0.0
2017-11-14,4.659999847412109,4.659999847412109,4.5,4.519999980926514,4184300,0.0,0.0
2017-11-15,4.210000038146973,4.639999866485596,3.9800000190734863,4.559999942779541,3298500,0.0,0.0
2017-11-16,4.579999923706055,4.599999904632568,4.480000019073486,4.510000228881836,1408700,0.0,0.0
2017-11-17,4.610000133514404,4.670000076293945,4.539999961853027,4.659999847412109,840800,0.0,0.0
2017-11-20,4.610000133514404,4.610000133514404,4.480000019073486,4.5,971500,0.0,0.0
2017-11-21,4.53000020980835,4.570000171661377,4.409999847412109,4.449999809265137,1531200,0.0,0.0
2017-11-22,4.519999980926514,4.679999828338623,4.5,4.610000133514404,1206000,0.0,0.0
2017-11-23,4.610000133514404,4.679999828338623,4.579999923706055,4.599999904632568,579700,0.0,0.0
2017-11-24,4.619999885559082,4.900000095367432,4.619999885559082,4.800000190734863,1197800,0.0,0.0
2017-11-27,4.78000020980835,4.800000190734863,4.510000228881836,4.510000228881836,1300600,0.0,0.0
2017-11-28,4.519999980926514,4.519999980926514,4.409999847412109,4.420000076293945,897200,0.0,0.0
2017-11-29,4.440000057220459,4.539999961853027,4.289999961853027,4.380000114440918,1458800,0.0,0.0
2017-11-30,4.420000076293945,4.699999809265137,4.420000076293945,4.679999828338623,2475800,0.0,0.0
2017-12-01,4.840000152587891,4.840000152587891,4.650000095367432,4.730000019073486,1396700,0.0,0.0
2017-12-04,4.699999809265137,4.699999809265137,4.46999979019165,4.5,1549300,0.0,0.0
2017-12-05,4.480000019073486,4.489999771118164,4.309999942779541,4.349999904632568,1578800,0.0,0.0
2017-12-06,4.329999923706055,4.329999923706055,4.119999885559082,4.130000114440918,1660600,0.0,0.0
2017-12-07,4.130000114440918,4.21999979019165,4.119999885559082,4.190000057220459,1730900,0.0,0.0
2017-12-08,4.28000020980835,4.28000020980835,4.150000095367432,4.159999847412109,850100,0.0,0.0
2017-12-11,4.190000057220459,4.190000057220459,4.010000228881836,4.050000190734863,2190700,0.0,0.0
2017-12-12,4.059999942779541,4.070000171661377,3.819999933242798,3.8299999237060547,2934400,0.0,0.0
2017-12-13,3.8399999141693115,3.880000114440918,3.7200000286102295,3.7799999713897705,1893300,0.0,0.0
2017-12-14,3.75,3.7899999618530273,3.6700000762939453,3.680000066757202,1649500,0.0,0.0
2017-12-15,3.690000057220459,3.75,3.690000057220459,3.7200000286102295,1417200,0.0,0.0
2017-12-18,3.75,3.859999895095825,3.7200000286102295,3.8299999237060547,1732200,0.0,0.0
2017-12-19,3.859999895095825,3.880000114440918,3.740000009536743,3.759999990463257,1056500,0.0,0.0
2017-12-20,3.7699999809265137,3.9200000762939453,3.7200000286102295,3.8499999046325684,1402600,0.0,0.0
2017-12-21,3.809999942779541,4.03000020980835,3.75,3.990000009536743,1503200,0.0,0.0
2017-12-22,4.010000228881836,4.010000228881836,3.9000000953674316,3.9600000381469727,1301700,0.0,0.0
2017-12-27,4.079999923706055,4.090000152587891,3.9700000286102295,4.0,1285600,0.0,0.0
2017-12-28,4.050000190734863,4.119999885559082,4.010000228881836,4.110000133514404,785000,0.0,0.0
2017-12-29,4.159999847412109,4.159999847412109,4.039999961853027,4.079999923706055,685800,0.0,0.0
2018-01-02,4.090000152587891,4.309999942779541,4.059999942779541,4.289999961853027,1513100,0.0,0.0
2018-01-03,4.340000152587891,4.420000076293945,4.300000190734863,4.320000171661377,2159000,0.0,0.0
2018-01-04,4.329999923706055,4.329999923706055,4.190000057220459,4.239999771118164,953300,0.0,0.0
2018-01-05,4.179999828338623,4.190000057220459,4.019999980926514,4.059999942779541,1810600,0.0,0.0
2018-01-08,4.079999923706055,4.21999979019165,4.0,4.199999809265137,2469100,0.0,0.0
2018-01-09,4.300000190734863,4.369999885559082,4.159999847412109,4.28000020980835,3456600,0.0,0.0
2018-01-10,4.340000152587891,4.369999885559082,3.9800000190734863,4.0,2703900,0.0,0.0
2018-01-11,4.059999942779541,4.210000038146973,4.03000020980835,4.050000190734863,2853400,0.0,0.0
2018-01-12,3.9700000286102295,4.119999885559082,3.859999895095825,4.010000228881836,3827600,0.0,0.0
2018-01-15,4.03000020980835,4.070000171661377,3.9700000286102295,3.990000009536743,1485200,0.0,0.0
2018-01-16,4.019999980926514,4.019999980926514,3.700000047683716,3.75,3381800,0.0,0.0
2018-01-17,3.7799999713897705,3.9200000762939453,3.6700000762939453,3.7799999713897705,4500700,0.0,0.0
2018-01-18,3.7899999618530273,3.9100000858306885,3.700000047683716,3.9000000953674316,4019700,0.0,0.0
2018-01-19,3.9000000953674316,4.059999942779541,3.8499999046325684,4.050000190734863,2911400,0.0,0.0
2018-01-22,4.070000171661377,4.139999866485596,3.9700000286102295,4.110000133514404,2824100,0.0,0.0
2018-01-23,4.130000114440918,4.320000171661377,4.110000133514404,4.269999980926514,7139500,0.0,0.0
2018-01-24,4.309999942779541,4.309999942779541,4.190000057220459,4.289999961853027,2695500,0.0,0.0
2018-01-25,4.329999923706055,4.360000133514404,4.170000076293945,4.190000057220459,2387400,0.0,0.0
2018-01-26,4.210000038146973,4.21999979019165,4.119999885559082,4.190000057220459,1355200,0.0,0.0
2018-01-29,4.159999847412109,4.159999847412109,4.010000228881836,4.039999961853027,2912300,0.0,0.0
2018-01-30,3.940000057220459,3.950000047683716,3.7699999809265137,3.819999933242798,3351700,0.0,0.0
2018-01-31,3.8499999046325684,3.9100000858306885,3.759999990463257,3.8499999046325684,2076900,0.0,0.0
2018-02-01,3.8399999141693115,3.880000114440918,3.6500000953674316,3.7100000381469727,2827100,0.0,0.0
2018-02-02,3.6500000953674316,3.6500000953674316,3.4700000286102295,3.4800000190734863,9594800,0.0,0.0
2018-02-05,3.440000057220459,3.559999942779541,3.359999895095825,3.440000057220459,3301700,0.0,0.0
2018-02-06,3.359999895095825,3.5899999141693115,3.3499999046325684,3.440000057220459,2430500,0.0,0.0
2018-02-07,3.450000047683716,3.4800000190734863,3.2300000190734863,3.2699999809265137,4014800,0.0,0.0
2018-02-08,3.2899999618530273,3.3299999237060547,3.0799999237060547,3.119999885559082,2479900,0.0,0.0
2018-02-09,3.0799999237060547,3.140000104904175,2.880000114440918,3.119999885559082,5477000,0.0,0.0
2018-02-12,3.3299999237060547,3.4000000953674316,3.200000047683716,3.319999933242798,3379600,0.0,0.0
2018-02-13,3.4600000381469727,3.569999933242798,3.319999933242798,3.490000009536743,4267100,0.0,0.0
2018-02-14,3.440000057220459,3.75,3.4100000858306885,3.7200000286102295,4433200,0.0,0.0
2018-02-15,3.740000009536743,3.799999952316284,3.619999885559082,3.75,3481500,0.0,0.0
2018-02-16,3.7300000190734863,3.75,3.5799999237060547,3.5999999046325684,2725500,0.0,0.0
2018-02-20,3.619999885559082,3.6600000858306885,3.450000047683716,3.490000009536743,2812200,0.0,0.0
2018-02-21,3.5,3.5899999141693115,3.369999885559082,3.4600000381469727,2909200,0.0,0.0
2018-02-22,3.3299999237060547,3.380000114440918,3.140000104904175,3.1500000953674316,7913100,0.0,0.0
2018-02-23,3.180000066757202,3.200000047683716,3.0399999618530273,3.119999885559082,4158400,0.0,0.0
2018-02-26,3.1500000953674316,3.319999933242798,3.119999885559082,3.25,2173000,0.0,0.0
2018-02-27,3.2300000190734863,3.259999990463257,3.1600000858306885,3.2300000190734863,1861800,0.0,0.0
2018-02-28,3.2200000286102295,3.259999990463257,3.119999885559082,3.1500000953674316,4037000,0.0,0.0
2018-03-01,3.109999895095825,3.2200000286102295,3.0299999713897705,3.109999895095825,2356800,0.0,0.0
2018-03-02,3.049999952316284,3.25,2.9800000190734863,3.190000057220459,2441100,0.0,0.0
2018-03-05,3.190000057220459,3.430000066757202,3.190000057220459,3.430000066757202,2860000,0.0,0.0
2018-03-06,3.440000057220459,3.4600000381469727,3.359999895095825,3.390000104904175,1531800,0.0,0.0
2018-03-07,3.319999933242798,3.430000066757202,3.2200000286102295,3.25,1647500,0.0,0.0
2018-03-08,3.25,3.369999885559082,3.240000009536743,3.3299999237060547,1835500,0.0,0.0
2018-03-09,3.380000114440918,3.440000057220459,3.359999895095825,3.380000114440918,2798200,0.0,0.0
2018-03-12,3.369999885559082,3.430000066757202,3.3299999237060547,3.3399999141693115,1047700,0.0,0.0
2018-03-13,3.3399999141693115,3.4100000858306885,3.309999942779541,3.3299999237060547,844000,0.0,0.0
2018-03-14,3.3299999237060547,3.3499999046325684,3.2300000190734863,3.2300000190734863,1669800,0.0,0.0
2018-03-15,3.240000009536743,3.2699999809265137,3.180000066757202,3.190000057220459,1890600,0.0,0.0
2018-03-16,3.2100000381469727,3.3299999237060547,3.1600000858306885,3.2899999618530273,2317600,0.0,0.0
2018-03-19,3.2799999713897705,3.299999952316284,3.109999895095825,3.1600000858306885,1985300,0.0,0.0
2018-03-20,3.1500000953674316,3.2699999809265137,3.1500000953674316,3.200000047683716,4862100,0.0,0.0
2018-03-21,3.2100000381469727,3.4000000953674316,3.2100000381469727,3.369999885559082,6696600,0.0,0.0
2018-03-22,3.2799999713897705,3.299999952316284,3.140000104904175,3.1600000858306885,5273300,0.0,0.0
2018-03-23,3.2100000381469727,3.25,3.109999895095825,3.130000114440918,3022200,0.0,0.0
2018-03-26,3.1500000953674316,3.180000066757202,3.059999942779541,3.1500000953674316,2206800,0.0,0.0
2018-03-27,3.1700000762939453,3.200000047683716,3.0299999713897705,3.069999933242798,1379500,0.0,0.0
2018-03-28,3.059999942779541,3.059999942779541,2.890000104904175,2.9600000381469727,3724000,0.0,0.0
2018-03-29,2.950000047683716,3.0399999618530273,2.950000047683716,3.0,1709600,0.0,0.0
2018-04-02,3.0,3.0,2.8299999237060547,2.880000114440918,1796500,0.0,0.0
2018-04-03,2.9000000953674316,2.9200000762939453,2.8299999237060547,2.869999885559082,3406100,0.0,0.0
2018-04-04,2.7899999618530273,2.8499999046325684,2.7699999809265137,2.8299999237060547,6809500,0.0,0.0
2018-04-05,2.8499999046325684,3.059999942779541,2.8399999141693115,2.9800000190734863,5758700,0.0,0.0
2018-04-06,2.9600000381469727,3.0299999713897705,2.8499999046325684,2.890000104904175,4372100,0.0,0.0
2018-04-09,2.930000066757202,2.9700000286102295,2.869999885559082,2.869999885559082,1555300,0.0,0.0
2018-04-10,2.9100000858306885,3.109999895095825,2.9100000858306885,3.069999933242798,5488200,0.0,0.0
2018-04-11,3.049999952316284,3.200000047683716,3.049999952316284,3.1500000953674316,2873400,0.0,0.0
2018-04-12,3.140000104904175,3.2100000381469727,3.0899999141693115,3.200000047683716,2990600,0.0,0.0
2018-04-13,3.2100000381469727,3.2799999713897705,3.109999895095825,3.140000104904175,1579700,0.0,0.0
2018-04-16,3.140000104904175,3.190000057220459,3.069999933242798,3.109999895095825,831000,0.0,0.0
2018-04-17,3.0999999046325684,3.1500000953674316,3.059999942779541,3.0799999237060547,1429700,0.0,0.0
2018-04-18,3.1500000953674316,3.3499999046325684,3.130000114440918,3.2699999809265137,7039700,0.0,0.0
2018-04-19,3.319999933242798,3.430000066757202,3.259999990463257,3.3299999237060547,5503000,0.0,0.0
2018-04-20,3.309999942779541,3.319999933242798,3.1600000858306885,3.190000057220459,1407000,0.0,0.0
2018-04-23,3.2200000286102295,3.3299999237060547,3.119999885559082,3.3299999237060547,4352100,0.0,0.0
2018-04-24,3.380000114440918,3.5299999713897705,3.2799999713897705,3.319999933242798,4349400,0.0,0.0
2018-04-25,3.309999942779541,3.4100000858306885,3.2799999713897705,3.3299999237060547,2407300,0.0,0.0
2018-04-26,3.369999885559082,3.450000047683716,3.3399999141693115,3.440000057220459,3954600,0.0,0.0
2018-04-27,3.4000000953674316,3.430000066757202,3.319999933242798,3.369999885559082,1996700,0.0,0.0
2018-04-30,3.3399999141693115,3.450000047683716,3.309999942779541,3.4200000762939453,2054000,0.0,0.0
2018-05-01,3.4100000858306885,3.450000047683716,3.3299999237060547,3.3399999141693115,2473200,0.0,0.0
2018-05-02,3.309999942779541,3.490000009536743,3.309999942779541,3.4700000286102295,1838800,0.0,0.0
2018-05-03,3.450000047683716,3.5899999141693115,3.440000057220459,3.5,2873700,0.0,0.0
2018-05-04,3.509999990463257,3.6700000762939453,3.4800000190734863,3.640000104904175,2494100,0.0,0.0
2018-05-07,3.7100000381469727,3.7899999618530273,3.549999952316284,3.549999952316284,2836000,0.0,0.0
2018-05-08,3.5199999809265137,3.5899999141693115,3.3399999141693115,3.509999990463257,4051200,0.0,0.0
2018-05-09,3.5799999237060547,3.7200000286102295,3.5399999618530273,3.5799999237060547,3570100,0.0,0.0
2018-05-10,3.630000114440918,3.700000047683716,3.450000047683716,3.559999942779541,2512600,0.0,0.0
2018-05-11,3.5299999713897705,3.5399999618530273,3.3399999141693115,3.3499999046325684,3672600,0.0,0.0
2018-05-14,3.3399999141693115,3.4600000381469727,3.2899999618530273,3.4100000858306885,2616000,0.0,0.0
2018-05-15,3.450000047683716,3.4600000381469727,3.369999885559082,3.380000114440918,1305100,0.0,0.0
2018-05-16,3.359999895095825,3.4100000858306885,3.3299999237060547,3.359999895095825,2914300,0.0,0.0
2018-05-17,3.380000114440918,3.490000009536743,3.369999885559082,3.4600000381469727,2324700,0.0,0.0
2018-05-18,3.4800000190734863,3.5199999809265137,3.3499999046325684,3.380000114440918,1711300,0.0,0.0
2018-05-22,3.440000057220459,3.4700000286102295,3.319999933242798,3.319999933242798,1595800,0.0,0.0
2018-05-23,3.299999952316284,3.299999952316284,3.180000066757202,3.259999990463257,2303900,0.0,0.0
2018-05-24,3.2100000381469727,3.259999990463257,3.1600000858306885,3.190000057220459,1476600,0.0,0.0
2018-05-25,3.109999895095825,3.130000114440918,3.0399999618530273,3.109999895095825,1624200,0.0,0.0
2018-05-28,3.049999952316284,3.0999999046325684,3.0399999618530273,3.0799999237060547,565800,0.0,0.0
2018-05-29,3.0899999141693115,3.200000047683716,3.0299999713897705,3.0399999618530273,1367600,0.0,0.0
2018-05-30,3.0799999237060547,3.1700000762939453,3.069999933242798,3.1500000953674316,1538500,0.0,0.0
2018-05-31,3.140000104904175,3.3499999046325684,3.130000114440918,3.200000047683716,3382600,0.0,0.0
2018-06-01,3.200000047683716,3.359999895095825,3.200000047683716,3.2300000190734863,2677300,0.0,0.0
2018-06-04,3.240000009536743,3.240000009536743,3.0299999713897705,3.0899999141693115,3765600,0.0,0.0
2018-06-05,3.0799999237060547,3.1600000858306885,3.069999933242798,3.0999999046325684,2115600,0.0,0.0
2018-06-06,3.0999999046325684,3.140000104904175,3.069999933242798,3.109999895095825,1309000,0.0,0.0
2018-06-07,3.140000104904175,3.190000057220459,3.109999895095825,3.1500000953674316,2769200,0.0,0.0
2018-06-08,3.1600000858306885,3.2300000190734863,3.0999999046325684,3.130000114440918,12793300,0.0,0.0
2018-06-11,3.109999895095825,3.200000047683716,3.059999942779541,3.140000104904175,3054800,0.0,0.0
2018-06-12,3.140000104904175,3.190000057220459,3.0899999141693115,3.1500000953674316,2346400,0.0,0.0
2018-06-13,3.130000114440918,3.1600000858306885,3.0799999237060547,3.130000114440918,2127300,0.0,0.0
2018-06-14,3.130000114440918,3.140000104904175,2.990000009536743,3.0,2638400,0.0,0.0
2018-06-15,2.9800000190734863,3.009999990463257,2.859999895095825,2.9100000858306885,4540900,0.0,0.0
2018-06-18,2.9100000858306885,2.9600000381469727,2.890000104904175,2.940000057220459,1153400,0.0,0.0
2018-06-19,2.890000104904175,2.950000047683716,2.8299999237060547,2.9200000762939453,1369200,0.0,0.0
2018-06-20,2.940000057220459,2.990000009536743,2.9100000858306885,2.940000057220459,2763500,0.0,0.0
2018-06-21,2.9100000858306885,2.9600000381469727,2.869999885559082,2.890000104904175,1554400,0.0,0.0
2018-06-22,2.9700000286102295,3.0299999713897705,2.940000057220459,3.0299999713897705,3918800,0.0,0.0
2018-06-25,3.009999990463257,3.0299999713897705,2.950000047683716,2.990000009536743,2797300,0.0,0.0
2018-06-26,3.009999990463257,3.130000114440918,3.0,3.109999895095825,4062200,0.0,0.0
2018-06-27,3.1500000953674316,3.200000047683716,3.0899999141693115,3.0999999046325684,3901000,0.0,0.0
2018-06-28,3.109999895095825,3.130000114440918,2.990000009536743,3.0,4088000,0.0,0.0
2018-06-29,3.0199999809265137,3.0399999618530273,2.9600000381469727,2.990000009536743,1021700,0.0,0.0
2018-07-03,2.990000009536743,3.009999990463257,2.859999895095825,2.859999895095825,1854000,0.0,0.0
2018-07-04,2.869999885559082,2.9200000762939453,2.859999895095825,2.9200000762939453,697600,0.0,0.0
2018-07-05,2.9200000762939453,2.9600000381469727,2.859999895095825,2.940000057220459,2086700,0.0,0.0
2018-07-06,2.9100000858306885,3.0,2.9000000953674316,2.9800000190734863,579300,0.0,0.0
2018-07-09,3.0,3.0799999237060547,2.990000009536743,3.0399999618530273,1403500,0.0,0.0
2018-07-10,3.059999942779541,3.140000104904175,3.059999942779541,3.140000104904175,1784900,0.0,0.0
2018-07-11,3.0999999046325684,3.1700000762939453,3.0299999713897705,3.0899999141693115,1944700,0.0,0.0
2018-07-12,3.0999999046325684,3.200000047683716,3.0799999237060547,3.119999885559082,3031800,0.0,0.0
2018-07-13,3.130000114440918,3.180000066757202,3.0999999046325684,3.1500000953674316,2294600,0.0,0.0
2018-07-16,3.0899999141693115,3.0899999141693115,2.9800000190734863,2.990000009536743,2038400,0.0,0.0
2018-07-17,2.990000009536743,3.0399999618530273,2.950000047683716,3.0299999713897705,1079700,0.0,0.0
2018-07-18,3.009999990463257,3.009999990463257,2.950000047683716,2.9700000286102295,2151300,0.0,0.0
2018-07-19,2.9700000286102295,3.009999990463257,2.940000057220459,2.9600000381469727,1004000,0.0,0.0
2018-07-20,2.9600000381469727,2.9600000381469727,2.9200000762939453,2.950000047683716,1422900,0.0,0.0
2018-07-23,2.9800000190734863,2.990000009536743,2.859999895095825,2.859999895095825,1855400,0.0,0.0
2018-07-24,2.880000114440918,2.9000000953674316,2.7899999618530273,2.799999952316284,2249500,0.0,0.0
2018-07-25,2.819999933242798,2.8499999046325684,2.7100000381469727,2.7300000190734863,1933600,0.0,0.0
2018-07-26,2.7100000381469727,2.759999990463257,2.680000066757202,2.700000047683716,1953300,0.0,0.0
2018-07-27,2.690000057220459,2.759999990463257,2.640000104904175,2.680000066757202,2640200,0.0,0.0
2018-07-30,2.700000047683716,2.7699999809265137,2.6700000762939453,2.680000066757202,1429700,0.0,0.0
2018-07-31,2.6700000762939453,2.740000009536743,2.619999885559082,2.740000009536743,2087100,0.0,0.0
2018-08-01,2.799999952316284,2.950000047683716,2.799999952316284,2.880000114440918,5512100,0.0,0.0
2018-08-02,2.8499999046325684,2.9200000762939453,2.809999942779541,2.869999885559082,1864300,0.0,0.0
2018-08-03,2.880000114440918,2.9600000381469727,2.8299999237060547,2.8299999237060547,2244600,0.0,0.0
2018-08-07,2.8299999237060547,2.9800000190734863,2.8299999237060547,2.930000066757202,2425400,0.0,0.0
2018-08-08,2.940000057220459,2.990000009536743,2.890000104904175,2.950000047683716,1508900,0.0,0.0
2018-08-09,2.9600000381469727,3.009999990463257,2.9200000762939453,2.950000047683716,2202600,0.0,0.0
2018-08-10,2.940000057220459,3.0,2.930000066757202,2.9800000190734863,1278000,0.0,0.0
2018-08-13,2.9800000190734863,3.0199999809265137,2.9000000953674316,2.950000047683716,1573400,0.0,0.0
2018-08-14,2.9800000190734863,2.9800000190734863,2.8499999046325684,2.859999895095825,1540900,0.0,0.0
2018-08-15,2.8399999141693115,2.8399999141693115,2.7200000286102295,2.7899999618530273,1893800,0.0,0.0
2018-08-16,2.799999952316284,2.8499999046325684,2.740000009536743,2.759999990463257,1860800,0.0,0.0
2018-08-17,2.7899999618530273,2.7899999618530273,2.6600000858306885,2.690000057220459,3253300,0.0,0.0
2018-08-20,2.700000047683716,2.9100000858306885,2.700000047683716,2.9100000858306885,2019700,0.0,0.0
2018-08-21,2.950000047683716,2.9700000286102295,2.890000104904175,2.890000104904175,1531300,0.0,0.0
2018-08-22,2.9100000858306885,3.0199999809265137,2.9000000953674316,2.9700000286102295,4057700,0.0,0.0
2018-08-23,2.9600000381469727,3.0899999141693115,2.9600000381469727,3.069999933242798,2393900,0.0,0.0
2018-08-24,3.0999999046325684,3.1700000762939453,3.069999933242798,3.0799999237060547,2549900,0.0,0.0
2018-08-27,3.0899999141693115,3.2300000190734863,3.0899999141693115,3.180000066757202,3340100,0.0,0.0
2018-08-28,3.180000066757202,3.200000047683716,3.0399999618530273,3.049999952316284,1931100,0.0,0.0
2018-08-29,3.069999933242798,3.1500000953674316,3.059999942779541,3.0799999237060547,2547100,0.0,0.0
2018-08-30,3.0999999046325684,3.0999999046325684,2.859999895095825,2.9700000286102295,3008200,0.0,0.0
2018-08-31,2.930000066757202,2.950000047683716,2.880000114440918,2.880000114440918,2531700,0.0,0.0
2018-09-04,2.9000000953674316,2.9000000953674316,2.809999942779541,2.880000114440918,1324600,0.0,0.0
2018-09-05,2.8499999046325684,2.859999895095825,2.7300000190734863,2.759999990463257,2010200,0.0,0.0
2018-09-06,2.759999990463257,2.7799999713897705,2.6600000858306885,2.700000047683716,1955200,0.0,0.0
2018-09-07,2.690000057220459,2.740000009536743,2.5899999141693115,2.7300000190734863,5866300,0.0,0.0
2018-09-10,2.75,2.75,2.619999885559082,2.630000114440918,2479200,0.0,0.0
2018-09-11,2.619999885559082,2.640000104904175,2.5299999713897705,2.569999933242798,4388300,0.0,0.0
2018-09-12,2.609999895095825,2.609999895095825,2.509999990463257,2.509999990463257,3881900,0.0,0.0
2018-09-13,2.5199999809265137,2.5199999809265137,2.390000104904175,2.440000057220459,2279500,0.0,0.0
2018-09-14,2.440000057220459,2.509999990463257,2.430000066757202,2.4800000190734863,2018300,0.0,0.0
2018-09-17,2.5,2.509999990463257,2.4100000858306885,2.4200000762939453,1626800,0.0,0.0
2018-09-18,2.440000057220459,2.4800000190734863,2.4200000762939453,2.4700000286102295,1726900,0.0,0.0
2018-09-19,2.4700000286102295,2.630000114440918,2.4600000381469727,2.509999990463257,2211100,0.0,0.0
2018-09-20,2.4200000762939453,2.4700000286102295,2.2899999618530273,2.430000066757202,8359400,0.0,0.0
2018-09-21,2.2799999713897705,2.390000104904175,2.240000009536743,2.2799999713897705,7045600,0.0,0.0
2018-09-24,2.2899999618530273,2.319999933242798,2.1700000762939453,2.2200000286102295,6288000,0.0,0.0
2018-09-25,2.25,2.309999942779541,2.2200000286102295,2.2899999618530273,2197300,0.0,0.0
2018-09-26,2.25,2.299999952316284,2.2200000286102295,2.2899999618530273,3450300,0.0,0.0
2018-09-27,2.309999942779541,2.3399999141693115,2.2699999809265137,2.309999942779541,1477600,0.0,0.0
2018-09-28,2.3299999237060547,2.4100000858306885,2.299999952316284,2.309999942779541,3495500,0.0,0.0
2018-10-01,2.369999885559082,2.450000047683716,2.3399999141693115,2.3499999046325684,5702200,0.0,0.0
2018-10-02,2.390000104904175,2.4000000953674316,2.2699999809265137,2.309999942779541,2901800,0.0,0.0
2018-10-03,2.3299999237060547,2.3299999237060547,2.259999990463257,2.299999952316284,1841100,0.0,0.0
2018-10-04,2.2799999713897705,2.309999942779541,2.240000009536743,2.299999952316284,2770200,0.0,0.0
2018-10-05,2.2899999618530273,2.299999952316284,2.200000047683716,2.2799999713897705,3141600,0.0,0.0
2018-10-09,2.2799999713897705,2.2799999713897705,2.2300000190734863,2.2699999809265137,1492800,0.0,0.0
2018-10-10,2.259999990463257,2.259999990463257,2.0399999618530273,2.0999999046325684,3521900,0.0,0.0
2018-10-11,2.059999942779541,2.1700000762939453,2.009999990463257,2.109999895095825,2371100,0.0,0.0
2018-10-12,2.130000114440918,2.1600000858306885,2.059999942779541,2.0799999237060547,1295300,0.0,0.0
2018-10-15,2.109999895095825,2.119999885559082,2.049999952316284,2.119999885559082,754700,0.0,0.0
2018-10-16,2.0199999809265137,2.1700000762939453,2.0,2.119999885559082,2336500,0.0,0.0
2018-10-17,2.0899999141693115,2.119999885559082,2.059999942779541,2.0799999237060547,2471300,0.0,0.0
2018-10-18,2.0,2.069999933242798,1.899999976158142,1.940000057220459,5016800,0.0,0.0
2018-10-19,1.9199999570846558,1.9900000095367432,1.899999976158142,1.909999966621399,2955500,0.0,0.0
2018-10-22,1.909999966621399,1.9299999475479126,1.850000023841858,1.850000023841858,860100,0.0,0.0
2018-10-23,1.7999999523162842,1.7999999523162842,1.6799999475479126,1.7100000381469727,6435800,0.0,0.0
2018-10-24,1.7300000190734863,1.7699999809265137,1.649999976158142,1.659999966621399,5407300,0.0,0.0
2018-10-25,1.6699999570846558,1.7999999523162842,1.6699999570846558,1.7400000095367432,2898300,0.0,0.0
2018-10-26,1.7300000190734863,1.940000057220459,1.6799999475479126,1.8600000143051147,4030600,0.0,0.0
2018-10-29,1.8700000047683716,1.899999976158142,1.690000057220459,1.7400000095367432,2678600,0.0,0.0
2018-10-30,1.7100000381469727,1.7699999809265137,1.6699999570846558,1.6699999570846558,1613600,0.0,0.0
2018-10-31,1.7300000190734863,1.840000033378601,1.7200000286102295,1.7999999523162842,2812500,0.0,0.0
2018-11-01,1.7999999523162842,1.8600000143051147,1.7899999618530273,1.809999942779541,1449700,0.0,0.0
2018-11-02,1.840000033378601,1.850000023841858,1.7300000190734863,1.7699999809265137,2047400,0.0,0.0
2018-11-05,1.7999999523162842,1.8600000143051147,1.7699999809265137,1.8200000524520874,1336100,0.0,0.0
2018-11-06,1.8200000524520874,1.840000033378601,1.75,1.7799999713897705,1351600,0.0,0.0
2018-11-07,1.7999999523162842,1.8799999952316284,1.7699999809265137,1.850000023841858,2770300,0.0,0.0
2018-11-08,1.75,1.75,1.5399999618530273,1.590000033378601,8062600,0.0,0.0
2018-11-09,1.5099999904632568,1.5499999523162842,1.4500000476837158,1.5199999809265137,5487100,0.0,0.0
2018-11-12,1.5199999809265137,1.5299999713897705,1.4199999570846558,1.4299999475479126,4825000,0.0,0.0
2018-11-13,1.4299999475479126,1.440000057220459,1.2799999713897705,1.309999942779541,13432800,0.0,0.0
2018-11-14,1.340000033378601,1.3600000143051147,1.2899999618530273,1.3200000524520874,3586600,0.0,0.0
2018-11-15,1.3200000524520874,1.3799999952316284,1.2699999809265137,1.2799999713897705,2891800,0.0,0.0
2018-11-16,1.309999942779541,1.3200000524520874,1.2699999809265137,1.2799999713897705,2322900,0.0,0.0
2018-11-19,1.2699999809265137,1.3799999952316284,1.2699999809265137,1.3600000143051147,1902400,0.0,0.0
2018-11-20,1.3600000143051147,1.3600000143051147,1.2999999523162842,1.3200000524520874,1381500,0.0,0.0
2018-11-21,1.3300000429153442,1.340000033378601,1.2699999809265137,1.2999999523162842,1681400,0.0,0.0
2018-11-22,1.2999999523162842,1.2999999523162842,1.2799999713897705,1.2799999713897705,1260100,0.0,0.0
2018-11-23,1.2699999809265137,1.2999999523162842,1.2400000095367432,1.25,2472900,0.0,0.0
2018-11-26,1.2699999809265137,1.3200000524520874,1.2599999904632568,1.2699999809265137,2161900,0.0,0.0
2018-11-27,1.2699999809265137,1.2899999618530273,1.2400000095367432,1.2400000095367432,911600,0.0,0.0
2018-11-28,1.2799999713897705,1.3600000143051147,1.2799999713897705,1.3300000429153442,2548900,0.0,0.0
2018-11-29,1.350000023841858,1.3899999856948853,1.3300000429153442,1.340000033378601,1892300,0.0,0.0
2018-11-30,1.3200000524520874,1.3200000524520874,1.2000000476837158,1.2200000286102295,4015000,0.0,0.0
2018-12-03,1.25,1.3300000429153442,1.25,1.3200000524520874,2434100,0.0,0.0
2018-12-04,1.4800000190734863,1.5199999809265137,1.2000000476837158,1.2100000381469727,4839800,0.0,0.0
2018-12-05,1.3300000429153442,1.3300000429153442,1.2300000190734863,1.25,2207900,0.0,0.0
2018-12-06,1.2200000286102295,1.309999942779541,1.1799999475479126,1.309999942779541,4024100,0.0,0.0
2018-12-07,1.3799999952316284,1.440000057220459,1.2999999523162842,1.2999999523162842,2556100,0.0,0.0
2018-12-10,1.2899999618530273,1.2899999618530273,1.1699999570846558,1.2000000476837158,3885600,0.0,0.0
2018-12-11,1.2200000286102295,1.2999999523162842,1.1799999475479126,1.2799999713897705,3297100,0.0,0.0
2018-12-12,1.2799999713897705,1.3700000047683716,1.2799999713897705,1.3200000524520874,2966100,0.0,0.0
2018-12-13,1.309999942779541,1.309999942779541,1.25,1.2599999904632568,1906200,0.0,0.0
2018-12-14,1.25,1.2599999904632568,1.2000000476837158,1.2200000286102295,2913800,0.0,0.0
2018-12-17,1.2300000190734863,1.2300000190734863,1.1299999952316284,1.1399999856948853,3226400,0.0,0.0
2018-12-18,1.149999976158142,1.159999966621399,1.0700000524520874,1.090000033378601,2943200,0.0,0.0
2018-12-19,1.1100000143051147,1.149999976158142,0.9599999785423279,1.059999942779541,4611800,0.0,0.0
2018-12-20,1.059999942779541,1.090000033378601,1.0299999713897705,1.0499999523162842,3570700,0.0,0.0
2018-12-21,1.0499999523162842,1.059999942779541,1.0,1.0299999713897705,16215800,0.0,0.0
2018-12-24,1.0199999809265137,1.0700000524520874,1.0,1.0199999809265137,1745400,0.0,0.0
2018-12-27,1.0399999618530273,1.090000033378601,1.0399999618530273,1.090000033378601,1981200,0.0,0.0
2018-12-28,1.100000023841858,1.159999966621399,1.100000023841858,1.1399999856948853,1579800,0.0,0.0
2018-12-31,1.1699999570846558,1.2100000381469727,1.149999976158142,1.190000057220459,1046500,0.0,0.0
2019-01-02,1.190000057220459,1.25,1.1200000047683716,1.2000000476837158,2777300,0.0,0.0
2019-01-03,1.2300000190734863,1.2599999904632568,1.190000057220459,1.2200000286102295,1721400,0.0,0.0
2019-01-04,1.25,1.2999999523162842,1.2400000095367432,1.2899999618530273,1673600,0.0,0.0
2019-01-07,1.350000023841858,1.3600000143051147,1.2799999713897705,1.3200000524520874,1389000,0.0,0.0
2019-01-08,1.3300000429153442,1.340000033378601,1.2899999618530273,1.2899999618530273,918900,0.0,0.0
2019-01-09,1.340000033378601,1.3899999856948853,1.309999942779541,1.3899999856948853,2309000,0.0,0.0
2019-01-10,1.399999976158142,1.4199999570846558,1.3300000429153442,1.4199999570846558,2280500,0.0,0.0
2019-01-11,1.4199999570846558,1.4199999570846558,1.350000023841858,1.3600000143051147,1920700,0.0,0.0
2019-01-14,1.409999966621399,1.409999966621399,1.3200000524520874,1.340000033378601,1624900,0.0,0.0
2019-01-15,1.350000023841858,1.3700000047683716,1.340000033378601,1.350000023841858,931700,0.0,0.0
2019-01-16,1.3600000143051147,1.3899999856948853,1.340000033378601,1.3600000143051147,1689200,0.0,0.0
2019-01-17,1.3700000047683716,1.3700000047683716,1.3200000524520874,1.3300000429153442,1709300,0.0,0.0
2019-01-18,1.350000023841858,1.3899999856948853,1.3300000429153442,1.3799999952316284,2925700,0.0,0.0
2019-01-21,1.3799999952316284,1.399999976158142,1.3799999952316284,1.3799999952316284,308600,0.0,0.0
2019-01-22,1.3899999856948853,1.3899999856948853,1.3200000524520874,1.350000023841858,1044200,0.0,0.0
2019-01-23,1.3600000143051147,1.3700000047683716,1.2799999713897705,1.3300000429153442,1981300,0.0,0.0
2019-01-24,1.340000033378601,1.340000033378601,1.2999999523162842,1.3300000429153442,583600,0.0,0.0
2019-01-25,1.3300000429153442,1.3700000047683716,1.3300000429153442,1.350000023841858,1259600,0.0,0.0
2019-01-28,1.340000033378601,1.340000033378601,1.309999942779541,1.3200000524520874,912400,0.0,0.0
2019-01-29,1.3200000524520874,1.3700000047683716,1.309999942779541,1.3300000429153442,932600,0.0,0.0
2019-01-30,1.3300000429153442,1.3600000143051147,1.309999942779541,1.340000033378601,2327400,0.0,0.0
2019-01-31,1.350000023841858,1.3799999952316284,1.3200000524520874,1.3300000429153442,2504300,0.0,0.0
2019-02-01,1.3200000524520874,1.350000023841858,1.3200000524520874,1.3300000429153442,4709200,0.0,0.0
2019-02-04,1.3300000429153442,1.340000033378601,1.2699999809265137,1.2799999713897705,1683700,0.0,0.0
2019-02-05,1.2999999523162842,1.3200000524520874,1.2699999809265137,1.2999999523162842,1117800,0.0,0.0
2019-02-06,1.2899999618530273,1.350000023841858,1.2799999713897705,1.3300000429153442,2856200,0.0,0.0
2019-02-07,1.3200000524520874,1.340000033378601,1.2699999809265137,1.2899999618530273,1085500,0.0,0.0
2019-02-08,1.2799999713897705,1.2999999523162842,1.2599999904632568,1.2799999713897705,1116500,0.0,0.0
2019-02-11,1.25,1.3300000429153442,1.2400000095367432,1.3300000429153442,1497800,0.0,0.0
2019-02-12,1.3300000429153442,1.3600000143051147,1.3200000524520874,1.3200000524520874,553800,0.0,0.0
2019-02-13,1.3300000429153442,1.399999976158142,1.3300000429153442,1.3799999952316284,1134300,0.0,0.0
2019-02-14,1.3700000047683716,1.5099999904632568,1.3600000143051147,1.4700000286102295,2062600,0.0,0.0
2019-02-15,1.5,1.5299999713897705,1.4700000286102295,1.4700000286102295,651600,0.0,0.0
2019-02-19,1.4800000190734863,1.4900000095367432,1.409999966621399,1.440000057220459,990500,0.0,0.0
2019-02-20,1.3899999856948853,1.4600000381469727,1.3799999952316284,1.409999966621399,998300,0.0,0.0
2019-02-21,1.3799999952316284,1.440000057220459,1.3600000143051147,1.3899999856948853,3851500,0.0,0.0
2019-02-22,1.3600000143051147,1.4600000381469727,1.3600000143051147,1.4600000381469727,3076300,0.0,0.0
2019-02-25,1.4500000476837158,1.5800000429153442,1.4299999475479126,1.5299999713897705,1438900,0.0,0.0
2019-02-26,1.5499999523162842,1.590000033378601,1.4900000095367432,1.5,1672800,0.0,0.0
2019-02-27,1.5099999904632568,1.5299999713897705,1.4600000381469727,1.4900000095367432,772200,0.0,0.0
2019-02-28,1.4900000095367432,1.4900000095367432,1.4199999570846558,1.4600000381469727,1113000,0.0,0.0
2019-03-01,1.4700000286102295,1.5099999904632568,1.4500000476837158,1.4700000286102295,455000,0.0,0.0
2019-03-04,1.4700000286102295,1.4800000190734863,1.399999976158142,1.4299999475479126,1014200,0.0,0.0
2019-03-05,1.4299999475479126,1.440000057220459,1.409999966621399,1.4199999570846558,440400,0.0,0.0
2019-03-06,1.4199999570846558,1.4199999570846558,1.3799999952316284,1.409999966621399,1787000,0.0,0.0
2019-03-07,1.4199999570846558,1.4199999570846558,1.3700000047683716,1.3899999856948853,530900,0.0,0.0
2019-03-08,1.3600000143051147,1.3799999952316284,1.2999999523162842,1.3600000143051147,756900,0.0,0.0
2019-03-11,1.3600000143051147,1.409999966621399,1.3600000143051147,1.399999976158142,624100,0.0,0.0
2019-03-12,1.4199999570846558,1.4199999570846558,1.3600000143051147,1.3700000047683716,690200,0.0,0.0
2019-03-13,1.3899999856948853,1.3899999856948853,1.3600000143051147,1.3600000143051147,532600,0.0,0.0
2019-03-14,1.3799999952316284,1.3799999952316284,1.309999942779541,1.3200000524520874,1367400,0.0,0.0
2019-03-15,1.309999942779541,1.3300000429153442,1.2699999809265137,1.2899999618530273,1471800,0.0,0.0
2019-03-18,1.2999999523162842,1.3700000047683716,1.2899999618530273,1.3600000143051147,1616200,0.0,0.0
2019-03-19,1.3700000047683716,1.399999976158142,1.350000023841858,1.3899999856948853,1271300,0.0,0.0
2019-03-20,1.3799999952316284,1.440000057220459,1.3700000047683716,1.409999966621399,2044200,0.0,0.0
2019-03-21,1.409999966621399,1.4500000476837158,1.399999976158142,1.4299999475479126,1813300,0.0,0.0
2019-03-22,1.409999966621399,1.4199999570846558,1.350000023841858,1.3700000047683716,2277300,0.0,0.0
2019-03-25,1.350000023841858,1.3799999952316284,1.2999999523162842,1.3200000524520874,607900,0.0,0.0
2019-03-26,1.340000033378601,1.3799999952316284,1.3200000524520874,1.340000033378601,597100,0.0,0.0
2019-03-27,1.3300000429153442,1.340000033378601,1.2899999618530273,1.2899999618530273,776400,0.0,0.0
2019-03-28,1.2899999618530273,1.309999942779541,1.2799999713897705,1.309999942779541,463600,0.0,0.0
2019-03-29,1.3200000524520874,1.340000033378601,1.2699999809265137,1.2799999713897705,1081400,0.0,0.0
2019-04-01,1.2999999523162842,1.3300000429153442,1.2699999809265137,1.2799999713897705,6061200,0.0,0.0
2019-04-02,1.309999942779541,1.3200000524520874,1.2799999713897705,1.3200000524520874,1892100,0.0,0.0
2019-04-03,1.309999942779541,1.3300000429153442,1.2899999618530273,1.309999942779541,1132800,0.0,0.0
2019-04-04,1.3200000524520874,1.340000033378601,1.2999999523162842,1.340000033378601,720700,0.0,0.0
2019-04-05,1.3300000429153442,1.4500000476837158,1.3300000429153442,1.4500000476837158,2700700,0.0,0.0
2019-04-08,1.440000057220459,1.5299999713897705,1.440000057220459,1.4800000190734863,2182100,0.0,0.0
2019-04-09,1.4900000095367432,1.4900000095367432,1.440000057220459,1.440000057220459,501700,0.0,0.0
2019-04-10,1.4700000286102295,1.5499999523162842,1.4600000381469727,1.5199999809265137,2915900,0.0,0.0
2019-04-11,1.5199999809265137,1.5499999523162842,1.4800000190734863,1.4900000095367432,1271500,0.0,0.0
2019-04-12,1.5099999904632568,1.5299999713897705,1.4800000190734863,1.4900000095367432,721400,0.0,0.0
2019-04-15,1.5,1.5,1.4600000381469727,1.4800000190734863,361100,0.0,0.0
2019-04-16,1.4700000286102295,1.5,1.4500000476837158,1.4700000286102295,285200,0.0,0.0
2019-04-17,1.4800000190734863,1.5099999904632568,1.4800000190734863,1.5099999904632568,341200,0.0,0.0
2019-04-18,1.5099999904632568,1.559999942779541,1.5,1.5,933200,0.0,0.0
2019-04-22,1.5499999523162842,1.659999966621399,1.5299999713897705,1.659999966621399,2138400,0.0,0.0
2019-04-23,1.659999966621399,1.7300000190734863,1.649999976158142,1.7100000381469727,1139300,0.0,0.0
2019-04-24,1.7100000381469727,1.7300000190734863,1.5800000429153442,1.590000033378601,1404100,0.0,0.0
2019-04-25,1.600000023841858,1.600000023841858,1.5199999809265137,1.5399999618530273,868500,0.0,0.0
2019-04-26,1.5299999713897705,1.5299999713897705,1.4500000476837158,1.4600000381469727,865100,0.0,0.0
2019-04-29,1.4700000286102295,1.4900000095367432,1.4299999475479126,1.4800000190734863,509200,0.0,0.0
2019-04-30,1.5,1.5199999809265137,1.3799999952316284,1.409999966621399,2259300,0.0,0.0
2019-05-01,1.3899999856948853,1.3899999856948853,1.3200000524520874,1.3200000524520874,684500,0.0,0.0
2019-05-02,1.2999999523162842,1.3300000429153442,1.25,1.2799999713897705,1621700,0.0,0.0
2019-05-03,1.2899999618530273,1.3200000524520874,1.2699999809265137,1.3200000524520874,1125800,0.0,0.0
2019-05-06,1.2899999618530273,1.3200000524520874,1.2799999713897705,1.309999942779541,422300,0.0,0.0
2019-05-07,1.2999999523162842,1.2999999523162842,1.2599999904632568,1.2699999809265137,749000,0.0,0.0
2019-05-08,1.2699999809265137,1.309999942779541,1.2699999809265137,1.2999999523162842,714800,0.0,0.0
2019-05-09,1.2999999523162842,1.3600000143051147,1.2999999523162842,1.350000023841858,1190900,0.0,0.0
2019-05-10,1.3600000143051147,1.399999976158142,1.340000033378601,1.3600000143051147,937400,0.0,0.0
2019-05-13,1.3700000047683716,1.409999966621399,1.25,1.2999999523162842,1197000,0.0,0.0
2019-05-14,1.309999942779541,1.3700000047683716,1.2999999523162842,1.340000033378601,517100,0.0,0.0
2019-05-15,1.3200000524520874,1.4199999570846558,1.3200000524520874,1.3899999856948853,631600,0.0,0.0
2019-05-16,1.4199999570846558,1.4500000476837158,1.3899999856948853,1.3899999856948853,884300,0.0,0.0
2019-05-17,1.3899999856948853,1.3899999856948853,1.3300000429153442,1.340000033378601,345200,0.0,0.0
2019-05-21,1.350000023841858,1.3899999856948853,1.3200000524520874,1.3600000143051147,437700,0.0,0.0
2019-05-22,1.350000023841858,1.3600000143051147,1.2899999618530273,1.2999999523162842,982600,0.0,0.0
2019-05-23,1.2799999713897705,1.2999999523162842,1.25,1.2999999523162842,792800,0.0,0.0
2019-05-24,1.309999942779541,1.350000023841858,1.2799999713897705,1.340000033378601,469900,0.0,0.0
2019-05-27,1.340000033378601,1.3899999856948853,1.340000033378601,1.3600000143051147,399100,0.0,0.0
2019-05-28,1.3600000143051147,1.3799999952316284,1.3200000524520874,1.350000023841858,636500,0.0,0.0
2019-05-29,1.3200000524520874,1.340000033378601,1.2999999523162842,1.3300000429153442,308500,0.0,0.0
2019-05-30,1.340000033378601,1.350000023841858,1.2699999809265137,1.2799999713897705,463200,0.0,0.0
2019-05-31,1.2599999904632568,1.309999942779541,1.2300000190734863,1.2699999809265137,495700,0.0,0.0
2019-06-03,1.2699999809265137,1.2999999523162842,1.2400000095367432,1.25,479000,0.0,0.0
2019-06-04,1.2599999904632568,1.2599999904632568,1.2300000190734863,1.25,436300,0.0,0.0
2019-06-05,1.2599999904632568,1.2599999904632568,1.1799999475479126,1.2100000381469727,612300,0.0,0.0
2019-06-06,1.2100000381469727,1.2300000190734863,1.1799999475479126,1.2100000381469727,361900,0.0,0.0
2019-06-07,1.2100000381469727,1.2899999618530273,1.2100000381469727,1.2899999618530273,355500,0.0,0.0
2019-06-10,1.2699999809265137,1.2799999713897705,1.2100000381469727,1.2300000190734863,715300,0.0,0.0
2019-06-11,1.2400000095367432,1.2400000095367432,1.190000057220459,1.190000057220459,535600,0.0,0.0
2019-06-12,1.1799999475479126,1.190000057220459,1.1399999856948853,1.159999966621399,509300,0.0,0.0
2019-06-13,1.1699999570846558,1.190000057220459,1.149999976158142,1.1699999570846558,268900,0.0,0.0
2019-06-14,1.149999976158142,1.159999966621399,1.100000023841858,1.1200000047683716,551900,0.0,0.0
2019-06-17,1.100000023841858,1.1200000047683716,1.0700000524520874,1.1100000143051147,760700,0.0,0.0
2019-06-18,1.1200000047683716,1.2200000286102295,1.1100000143051147,1.190000057220459,1315000,0.0,0.0
2019-06-19,1.2000000476837158,1.2100000381469727,1.149999976158142,1.1799999475479126,528500,0.0,0.0
2019-06-20,1.2200000286102295,1.2699999809265137,1.2000000476837158,1.2300000190734863,756300,0.0,0.0
2019-06-21,1.2200000286102295,1.25,1.2000000476837158,1.2300000190734863,853300,0.0,0.0
2019-06-24,1.2300000190734863,1.25,1.190000057220459,1.2000000476837158,425300,0.0,0.0
2019-06-25,1.2200000286102295,1.2300000190734863,1.159999966621399,1.159999966621399,287400,0.0,0.0
2019-06-26,1.1799999475479126,1.25,1.1799999475479126,1.2100000381469727,1170400,0.0,0.0
2019-06-27,1.2100000381469727,1.2200000286102295,1.1699999570846558,1.1699999570846558,435700,0.0,0.0
2019-06-28,1.190000057220459,1.190000057220459,1.1699999570846558,1.1699999570846558,570800,0.0,0.0
2019-07-02,1.2100000381469727,1.2100000381469727,1.149999976158142,1.1699999570846558,469700,0.0,0.0
2019-07-03,1.1699999570846558,1.1799999475479126,1.149999976158142,1.159999966621399,189400,0.0,0.0
2019-07-04,1.159999966621399,1.159999966621399,1.1200000047683716,1.1299999952316284,538600,0.0,0.0
2019-07-05,1.1399999856948853,1.149999976158142,1.1200000047683716,1.1200000047683716,330000,0.0,0.0
2019-07-08,1.1100000143051147,1.1299999952316284,1.0700000524520874,1.0700000524520874,407500,0.0,0.0
2019-07-09,1.090000033378601,1.090000033378601,1.0199999809265137,1.0299999713897705,705500,0.0,0.0
2019-07-10,1.0499999523162842,1.0800000429153442,1.0399999618530273,1.059999942779541,1507700,0.0,0.0
2019-07-11,1.0800000429153442,1.0800000429153442,1.0399999618530273,1.0499999523162842,528100,0.0,0.0
2019-07-12,1.0399999618530273,1.0499999523162842,1.0,1.0099999904632568,789100,0.0,0.0
2019-07-15,1.0099999904632568,1.0099999904632568,0.9700000286102295,0.9800000190734863,793800,0.0,0.0
2019-07-16,0.9900000095367432,1.0,0.9700000286102295,0.9700000286102295,308900,0.0,0.0
2019-07-17,0.9700000286102295,0.9900000095367432,0.9599999785423279,0.9700000286102295,363300,0.0,0.0
2019-07-18,0.9800000190734863,1.0,0.9300000071525574,0.9900000095367432,2086700,0.0,0.0
2019-07-19,1.0,1.0199999809265137,0.9800000190734863,1.0099999904632568,1537900,0.0,0.0
2019-07-22,1.0,1.0199999809265137,0.9700000286102295,0.9800000190734863,651000,0.0,0.0
2019-07-23,0.9700000286102295,0.9900000095367432,0.949999988079071,0.9599999785423279,315200,0.0,0.0
2019-07-24,0.9800000190734863,1.0,0.9800000190734863,0.9900000095367432,615500,0.0,0.0
2019-07-25,0.9800000190734863,0.9900000095367432,0.9700000286102295,0.9700000286102295,1446700,0.0,0.0
2019-07-26,0.9800000190734863,0.9800000190734863,0.9700000286102295,0.9800000190734863,451900,0.0,0.0
2019-07-29,0.9900000095367432,0.9900000095367432,0.9399999976158142,0.9599999785423279,646800,0.0,0.0
2019-07-30,0.9800000190734863,1.0499999523162842,0.949999988079071,1.0,718800,0.0,0.0
2019-07-31,1.0499999523162842,1.0499999523162842,0.9700000286102295,0.9700000286102295,2007500,0.0,0.0
2019-08-01,1.0199999809265137,1.0199999809265137,0.8999999761581421,0.8999999761581421,2614000,0.0,0.0
2019-08-02,0.9200000166893005,0.9300000071525574,0.8999999761581421,0.9200000166893005,832200,0.0,0.0
2019-08-06,0.9300000071525574,0.9300000071525574,0.8399999737739563,0.8899999856948853,934900,0.0,0.0
2019-08-07,0.8600000143051147,0.8700000047683716,0.8399999737739563,0.8500000238418579,693300,0.0,0.0
2019-08-08,0.8700000047683716,0.8899999856948853,0.8500000238418579,0.8600000143051147,940900,0.0,0.0
2019-08-09,0.8600000143051147,0.8700000047683716,0.8500000238418579,0.8600000143051147,508600,0.0,0.0
2019-08-12,0.8500000238418579,0.8700000047683716,0.8500000238418579,0.8600000143051147,862800,0.0,0.0
2019-08-13,0.8799999952316284,0.8799999952316284,0.8600000143051147,0.8700000047683716,505600,0.0,0.0
2019-08-14,0.8799999952316284,0.8799999952316284,0.8399999737739563,0.8399999737739563,1224000,0.0,0.0
2019-08-15,0.8199999928474426,0.9200000166893005,0.8100000023841858,0.9200000166893005,909000,0.0,0.0
2019-08-16,0.8999999761581421,0.9900000095367432,0.8799999952316284,0.9599999785423279,731300,0.0,0.0
2019-08-19,0.9700000286102295,0.9800000190734863,0.9200000166893005,0.9800000190734863,413200,0.0,0.0
2019-08-20,0.949999988079071,0.9700000286102295,0.9300000071525574,0.9599999785423279,223300,0.0,0.0
2019-08-21,0.9599999785423279,0.9700000286102295,0.9300000071525574,0.949999988079071,664600,0.0,0.0
2019-08-22,0.949999988079071,0.9900000095367432,0.9100000262260437,0.9700000286102295,774300,0.0,0.0
2019-08-23,0.949999988079071,0.9800000190734863,0.9200000166893005,0.9399999976158142,500500,0.0,0.0
2019-08-26,0.9399999976158142,0.949999988079071,0.9100000262260437,0.9399999976158142,345000,0.0,0.0
2019-08-27,0.9399999976158142,0.9399999976158142,0.9200000166893005,0.9300000071525574,1333200,0.0,0.0
2019-08-28,0.9300000071525574,0.9399999976158142,0.9200000166893005,0.9300000071525574,926200,0.0,0.0
2019-08-29,0.9300000071525574,0.949999988079071,0.9100000262260437,0.9300000071525574,1152500,0.0,0.0
2019-08-30,0.9200000166893005,0.9399999976158142,0.9200000166893005,0.9399999976158142,164200,0.0,0.0
2019-09-03,0.9100000262260437,0.9399999976158142,0.8999999761581421,0.9399999976158142,220100,0.0,0.0
2019-09-04,0.9200000166893005,0.9599999785423279,0.9200000166893005,0.949999988079071,268300,0.0,0.0
2019-09-05,0.9399999976158142,1.0,0.9300000071525574,1.0,607500,0.0,0.0
2019-09-06,1.0099999904632568,1.0499999523162842,0.9800000190734863,1.0499999523162842,552100,0.0,0.0
2019-09-09,1.0199999809265137,1.100000023841858,1.0199999809265137,1.100000023841858,886900,0.0,0.0
2019-09-10,1.100000023841858,1.1799999475479126,1.090000033378601,1.1200000047683716,1448500,0.0,0.0
2019-09-11,1.1100000143051147,1.1699999570846558,1.100000023841858,1.1399999856948853,990600,0.0,0.0
2019-09-12,1.1200000047683716,1.159999966621399,1.0800000429153442,1.159999966621399,2602400,0.0,0.0
2019-09-13,1.159999966621399,1.2300000190734863,1.149999976158142,1.1799999475479126,1822900,0.0,0.0
2019-09-16,1.2799999713897705,1.2999999523162842,1.2000000476837158,1.2300000190734863,2061800,0.0,0.0
2019-09-17,1.2300000190734863,1.2699999809265137,1.1799999475479126,1.2599999904632568,1530300,0.0,0.0
2019-09-18,1.25,1.2799999713897705,1.2200000286102295,1.25,645600,0.0,0.0
2019-09-19,1.25,1.25,1.149999976158142,1.190000057220459,1264500,0.0,0.0
2019-09-20,1.1799999475479126,1.2000000476837158,1.159999966621399,1.2000000476837158,592500,0.0,0.0
2019-09-23,1.190000057220459,1.190000057220459,1.149999976158142,1.149999976158142,212500,0.0,0.0
2019-09-24,1.149999976158142,1.159999966621399,1.0399999618530273,1.0399999618530273,686800,0.0,0.0
2019-09-25,1.0,1.0199999809265137,0.9800000190734863,1.0,1427700,0.0,0.0
2019-09-26,1.0,1.0099999904632568,0.9599999785423279,0.9599999785423279,592600,0.0,0.0
2019-09-27,0.9700000286102295,1.0099999904632568,0.9700000286102295,1.0,1675300,0.0,0.0
2019-09-30,1.0,1.0099999904632568,1.0,1.0099999904632568,316200,0.0,0.0
2019-10-01,1.0,1.0199999809265137,0.949999988079071,0.949999988079071,849600,0.0,0.0
2019-10-02,0.9599999785423279,0.9700000286102295,0.949999988079071,0.9599999785423279,540100,0.0,0.0
2019-10-03,0.9599999785423279,0.9700000286102295,0.949999988079071,0.9599999785423279,173500,0.0,0.0
2019-10-04,0.9700000286102295,1.0399999618530273,0.9700000286102295,1.0399999618530273,510800,0.0,0.0
2019-10-07,1.0399999618530273,1.059999942779541,1.0,1.0,244600,0.0,0.0
2019-10-08,1.0,1.0,0.9700000286102295,0.9800000190734863,550700,0.0,0.0
2019-10-09,0.9800000190734863,0.9800000190734863,0.949999988079071,0.9700000286102295,437700,0.0,0.0
2019-10-10,0.949999988079071,0.9599999785423279,0.9399999976158142,0.949999988079071,1962000,0.0,0.0
2019-10-11,0.9700000286102295,0.9800000190734863,0.9399999976158142,0.949999988079071,670700,0.0,0.0
2019-10-15,0.949999988079071,0.9700000286102295,0.9399999976158142,0.9399999976158142,560600,0.0,0.0
2019-10-16,0.9399999976158142,0.9399999976158142,0.9300000071525574,0.9300000071525574,357800,0.0,0.0
2019-10-17,0.9200000166893005,0.9300000071525574,0.8999999761581421,0.9100000262260437,527000,0.0,0.0
2019-10-18,0.8999999761581421,0.9100000262260437,0.8799999952316284,0.8799999952316284,944600,0.0,0.0
2019-10-21,0.8899999856948853,0.9200000166893005,0.8899999856948853,0.9100000262260437,81800,0.0,0.0
2019-10-22,0.8899999856948853,0.9100000262260437,0.8799999952316284,0.8899999856948853,295300,0.0,0.0
2019-10-23,0.8700000047683716,0.8999999761581421,0.8700000047683716,0.8700000047683716,414100,0.0,0.0
2019-10-24,0.8899999856948853,0.8899999856948853,0.8700000047683716,0.8799999952316284,280500,0.0,0.0
2019-10-25,0.8799999952316284,0.8799999952316284,0.8600000143051147,0.8700000047683716,310200,0.0,0.0
2019-10-28,0.8799999952316284,0.8799999952316284,0.8600000143051147,0.8600000143051147,298800,0.0,0.0
2019-10-29,0.8600000143051147,0.8799999952316284,0.8600000143051147,0.8600000143051147,429400,0.0,0.0
2019-10-30,0.8600000143051147,0.8799999952316284,0.8600000143051147,0.8700000047683716,57500,0.0,0.0
2019-10-31,0.8600000143051147,0.8600000143051147,0.8500000238418579,0.8600000143051147,208800,0.0,0.0
2019-11-01,0.8500000238418579,0.8600000143051147,0.8199999928474426,0.8299999833106995,626100,0.0,0.0
2019-11-04,0.8199999928474426,0.8999999761581421,0.8199999928474426,0.8899999856948853,704500,0.0,0.0
2019-11-05,0.9100000262260437,0.9100000262260437,0.8399999737739563,0.8500000238418579,530300,0.0,0.0
2019-11-06,0.8500000238418579,0.8799999952316284,0.8500000238418579,0.8600000143051147,330200,0.0,0.0
2019-11-07,0.8600000143051147,0.8899999856948853,0.8399999737739563,0.8700000047683716,613100,0.0,0.0
2019-11-08,0.8500000238418579,0.8700000047683716,0.8199999928474426,0.8399999737739563,858800,0.0,0.0
2019-11-11,0.8299999833106995,0.9100000262260437,0.8299999833106995,0.9100000262260437,1757400,0.0,0.0
2019-11-12,0.8700000047683716,0.8899999856948853,0.8500000238418579,0.8600000143051147,530100,0.0,0.0
2019-11-13,0.8600000143051147,0.8899999856948853,0.8600000143051147,0.8799999952316284,2338400,0.0,0.0
2019-11-14,0.8700000047683716,0.8999999761581421,0.8600000143051147,0.8799999952316284,395700,0.0,0.0
2019-11-15,0.8999999761581421,0.9200000166893005,0.8799999952316284,0.9100000262260437,667500,0.0,0.0
2019-11-18,0.8899999856948853,0.949999988079071,0.8399999737739563,0.8399999737739563,1603700,0.0,0.0
2019-11-19,0.8500000238418579,0.8799999952316284,0.8399999737739563,0.8500000238418579,1956300,0.0,0.0
2019-11-20,0.8600000143051147,0.8799999952316284,0.8399999737739563,0.8500000238418579,1165900,0.0,0.0
2019-11-21,0.8399999737739563,0.8799999952316284,0.8399999737739563,0.8399999737739563,427200,0.0,0.0
2019-11-22,0.8500000238418579,0.8999999761581421,0.8500000238418579,0.8899999856948853,1000500,0.0,0.0
2019-11-25,0.8799999952316284,0.9399999976158142,0.8799999952316284,0.9300000071525574,1675000,0.0,0.0
2019-11-26,0.9200000166893005,0.9300000071525574,0.8999999761581421,0.9100000262260437,7119700,0.0,0.0
2019-11-27,0.8999999761581421,0.9399999976158142,0.8899999856948853,0.9399999976158142,533300,0.0,0.0
2019-11-28,0.949999988079071,0.949999988079071,0.9300000071525574,0.9399999976158142,292800,0.0,0.0
2019-11-29,0.9399999976158142,0.9399999976158142,0.9100000262260437,0.9300000071525574,138300,0.0,0.0
2019-12-02,0.9100000262260437,0.9900000095367432,0.9100000262260437,0.949999988079071,2034800,0.0,0.0
2019-12-03,0.9399999976158142,0.9599999785423279,0.9200000166893005,0.949999988079071,424700,0.0,0.0
2019-12-04,0.9399999976158142,0.9800000190734863,0.9399999976158142,0.9700000286102295,1216500,0.0,0.0
2019-12-05,0.9599999785423279,1.0099999904632568,0.9599999785423279,1.0099999904632568,2300700,0.0,0.0
2019-12-06,1.0199999809265137,1.0499999523162842,1.0099999904632568,1.0099999904632568,1639500,0.0,0.0
2019-12-09,1.0199999809265137,1.0399999618530273,1.0,1.0099999904632568,455400,0.0,0.0
2019-12-10,1.0,1.0299999713897705,1.0,1.0199999809265137,416600,0.0,0.0
2019-12-11,1.0199999809265137,1.0299999713897705,0.9599999785423279,0.9800000190734863,1012600,0.0,0.0
2019-12-12,1.0,1.0299999713897705,0.9800000190734863,1.0099999904632568,2122700,0.0,0.0
2019-12-13,1.0199999809265137,1.0399999618530273,1.0199999809265137,1.0299999713897705,754200,0.0,0.0
2019-12-16,1.0499999523162842,1.0800000429153442,1.0299999713897705,1.059999942779541,828300,0.0,0.0
2019-12-17,1.0700000524520874,1.149999976158142,1.059999942779541,1.1399999856948853,4889900,0.0,0.0
2019-12-18,1.1399999856948853,1.1699999570846558,1.1200000047683716,1.159999966621399,2939700,0.0,0.0
2019-12-19,1.1699999570846558,1.1799999475479126,1.1100000143051147,1.1200000047683716,1737400,0.0,0.0
2019-12-20,1.1200000047683716,1.1299999952316284,1.059999942779541,1.090000033378601,2011000,0.0,0.0
2019-12-23,1.0700000524520874,1.1399999856948853,1.0700000524520874,1.1200000047683716,841400,0.0,0.0
2019-12-24,1.1200000047683716,1.1799999475479126,1.1200000047683716,1.149999976158142,5594700,0.0,0.0
2019-12-27,1.1699999570846558,1.2000000476837158,1.1399999856948853,1.1399999856948853,472300,0.0,0.0
2019-12-30,1.1399999856948853,1.1699999570846558,1.1399999856948853,1.1399999856948853,1246800,0.0,0.0
2019-12-31,1.1399999856948853,1.149999976158142,1.1100000143051147,1.1399999856948853,839000,0.0,0.0
2020-01-02,1.1399999856948853,1.1699999570846558,1.1299999952316284,1.1399999856948853,529000,0.0,0.0
2020-01-03,1.1699999570846558,1.190000057220459,1.1399999856948853,1.149999976158142,545200,0.0,0.0
2020-01-06,1.159999966621399,1.1699999570846558,1.1399999856948853,1.149999976158142,480600,0.0,0.0
2020-01-07,1.149999976158142,1.149999976158142,1.1200000047683716,1.1299999952316284,753500,0.0,0.0
2020-01-08,1.1200000047683716,1.1299999952316284,1.0299999713897705,1.0499999523162842,1391800,0.0,0.0
2020-01-09,1.0800000429153442,1.1299999952316284,1.0399999618530273,1.1200000047683716,1555700,0.0,0.0
2020-01-10,1.1200000047683716,1.149999976158142,1.100000023841858,1.1299999952316284,644000,0.0,0.0
2020-01-13,1.1200000047683716,1.1699999570846558,1.1100000143051147,1.1299999952316284,1511400,0.0,0.0
2020-01-14,1.149999976158142,1.149999976158142,1.100000023841858,1.1100000143051147,1282400,0.0,0.0
2020-01-15,1.1200000047683716,1.1699999570846558,1.090000033378601,1.149999976158142,3848500,0.0,0.0
2020-01-16,1.159999966621399,1.2000000476837158,1.159999966621399,1.190000057220459,1894800,0.0,0.0
2020-01-17,1.190000057220459,1.190000057220459,1.159999966621399,1.190000057220459,892700,0.0,0.0
2020-01-20,1.1799999475479126,1.1799999475479126,1.149999976158142,1.1699999570846558,236800,0.0,0.0
2020-01-21,1.1699999570846558,1.1699999570846558,1.100000023841858,1.1200000047683716,812800,0.0,0.0
2020-01-22,1.100000023841858,1.1299999952316284,1.090000033378601,1.1299999952316284,395100,0.0,0.0
2020-01-23,1.090000033378601,1.1100000143051147,1.0800000429153442,1.100000023841858,1481600,0.0,0.0
2020-01-24,1.090000033378601,1.090000033378601,1.0,1.059999942779541,842000,0.0,0.0
2020-01-27,1.0,1.0499999523162842,1.0,1.0499999523162842,317700,0.0,0.0
2020-01-28,1.0399999618530273,1.0800000429153442,1.0399999618530273,1.0800000429153442,677900,0.0,0.0
2020-01-29,1.059999942779541,1.0800000429153442,1.0399999618530273,1.0700000524520874,710200,0.0,0.0
2020-01-30,1.0499999523162842,1.0499999523162842,1.0199999809265137,1.0399999618530273,407000,0.0,0.0
2020-01-31,1.0299999713897705,1.0499999523162842,1.0199999809265137,1.0399999618530273,605100,0.0,0.0
2020-02-03,1.0399999618530273,1.0499999523162842,1.0099999904632568,1.0299999713897705,577000,0.0,0.0
2020-02-04,1.0299999713897705,1.0499999523162842,1.0199999809265137,1.0299999713897705,500500,0.0,0.0
2020-02-05,1.0499999523162842,1.1299999952316284,1.0399999618530273,1.0700000524520874,4051200,0.0,0.0
2020-02-06,1.0800000429153442,1.0800000429153442,1.0199999809265137,1.0299999713897705,967800,0.0,0.0
2020-02-07,1.0099999904632568,1.0099999904632568,0.9599999785423279,0.9800000190734863,1501600,0.0,0.0
2020-02-10,0.949999988079071,0.9800000190734863,0.949999988079071,0.9599999785423279,424700,0.0,0.0
2020-02-11,0.9700000286102295,1.0099999904632568,0.9599999785423279,0.9800000190734863,914600,0.0,0.0
2020-02-12,1.0,1.0099999904632568,0.949999988079071,0.9599999785423279,721200,0.0,0.0
2020-02-13,0.949999988079071,0.9800000190734863,0.949999988079071,0.9700000286102295,195800,0.0,0.0
2020-02-14,0.9700000286102295,1.0,0.9599999785423279,1.0,181800,0.0,0.0
2020-02-18,0.9800000190734863,0.9900000095367432,0.949999988079071,0.9599999785423279,443400,0.0,0.0
2020-02-19,0.9700000286102295,1.0,0.949999988079071,0.9900000095367432,539400,0.0,0.0
2020-02-20,0.9900000095367432,1.0,0.9800000190734863,0.9800000190734863,289600,0.0,0.0
2020-02-21,0.9800000190734863,0.9900000095367432,0.949999988079071,0.949999988079071,909200,0.0,0.0
2020-02-24,0.9300000071525574,0.9399999976158142,0.8700000047683716,0.8799999952316284,2345600,0.0,0.0
2020-02-25,0.9200000166893005,0.9200000166893005,0.8199999928474426,0.8299999833106995,817500,0.0,0.0
2020-02-26,0.8500000238418579,0.8600000143051147,0.800000011920929,0.800000011920929,694000,0.0,0.0
2020-02-27,0.7799999713897705,0.800000011920929,0.7099999785423279,0.800000011920929,730900,0.0,0.0
2020-02-28,0.7699999809265137,0.8799999952316284,0.7699999809265137,0.8700000047683716,1025900,0.0,0.0
2020-03-02,0.8999999761581421,0.9100000262260437,0.8500000238418579,0.8999999761581421,485700,0.0,0.0
2020-03-03,0.9100000262260437,0.9100000262260437,0.8399999737739563,0.8500000238418579,581300,0.0,0.0
2020-03-04,0.8600000143051147,0.8999999761581421,0.8399999737739563,0.8600000143051147,330000,0.0,0.0
2020-03-05,0.8700000047683716,0.8700000047683716,0.8199999928474426,0.8199999928474426,271400,0.0,0.0
2020-03-06,0.8199999928474426,0.8199999928474426,0.7900000214576721,0.800000011920929,799600,0.0,0.0
2020-03-09,0.5099999904632568,0.7099999785423279,0.5099999904632568,0.6000000238418579,1871800,0.0,0.0
2020-03-10,0.6899999976158142,0.699999988079071,0.5799999833106995,0.6499999761581421,1275400,0.0,0.0
2020-03-11,0.6299999952316284,0.6299999952316284,0.49000000953674316,0.5600000023841858,4738900,0.0,0.0
2020-03-12,0.4699999988079071,0.550000011920929,0.44999998807907104,0.49000000953674316,853700,0.0,0.0
2020-03-13,0.5400000214576721,0.5799999833106995,0.5,0.5799999833106995,737000,0.0,0.0
2020-03-16,0.5099999904632568,0.550000011920929,0.4699999988079071,0.5,1048500,0.0,0.0
2020-03-17,0.5,0.5099999904632568,0.46000000834465027,0.49000000953674316,6406300,0.0,0.0
2020-03-18,0.4699999988079071,0.5,0.4399999976158142,0.47999998927116394,1264300,0.0,0.0
2020-03-19,0.47999998927116394,0.5199999809265137,0.47999998927116394,0.5099999904632568,1541800,0.0,0.0
2020-03-20,0.5299999713897705,0.5299999713897705,0.47999998927116394,0.49000000953674316,1028000,0.0,0.0
2020-03-23,0.47999998927116394,0.47999998927116394,0.4300000071525574,0.44999998807907104,630000,0.0,0.0
2020-03-24,0.49000000953674316,0.49000000953674316,0.4300000071525574,0.4399999976158142,965600,0.0,0.0
2020-03-25,0.46000000834465027,0.4699999988079071,0.41999998688697815,0.44999998807907104,1371400,0.0,0.0
2020-03-26,0.4399999976158142,0.46000000834465027,0.4399999976158142,0.46000000834465027,1222100,0.0,0.0
2020-03-27,0.46000000834465027,0.46000000834465027,0.4300000071525574,0.4399999976158142,280000,0.0,0.0
2020-03-30,0.4300000071525574,0.46000000834465027,0.4300000071525574,0.4399999976158142,631300,0.0,0.0
2020-03-31,0.4699999988079071,0.49000000953674316,0.44999998807907104,0.44999998807907104,691600,0.0,0.0
2020-04-01,0.44999998807907104,0.47999998927116394,0.44999998807907104,0.44999998807907104,227500,0.0,0.0
2020-04-02,0.4699999988079071,0.5299999713897705,0.4699999988079071,0.4699999988079071,894500,0.0,0.0
2020-04-03,0.49000000953674316,0.5,0.44999998807907104,0.44999998807907104,774500,0.0,0.0
2020-04-06,0.46000000834465027,0.4699999988079071,0.46000000834465027,0.4699999988079071,613600,0.0,0.0
2020-04-07,0.44999998807907104,0.49000000953674316,0.44999998807907104,0.46000000834465027,979300,0.0,0.0
2020-04-08,0.46000000834465027,0.47999998927116394,0.46000000834465027,0.46000000834465027,3030100,0.0,0.0
2020-04-09,0.47999998927116394,0.5,0.4699999988079071,0.49000000953674316,1417600,0.0,0.0
2020-04-13,0.5,0.5,0.47999998927116394,0.47999998927116394,264100,0.0,0.0
2020-04-14,0.47999998927116394,0.5,0.47999998927116394,0.47999998927116394,267400,0.0,0.0
2020-04-15,0.47999998927116394,0.47999998927116394,0.46000000834465027,0.4699999988079071,413500,0.0,0.0
2020-04-16,0.47999998927116394,0.5099999904632568,0.46000000834465027,0.5,438100,0.0,0.0
2020-04-17,0.5,0.6200000047683716,0.5,0.5600000023841858,1049500,0.0,0.0
2020-04-20,0.550000011920929,0.5699999928474426,0.5099999904632568,0.550000011920929,758500,0.0,0.0
2020-04-21,0.5299999713897705,0.5400000214576721,0.5,0.5099999904632568,415400,0.0,0.0
2020-04-22,0.5299999713897705,0.5299999713897705,0.5099999904632568,0.5299999713897705,324600,0.0,0.0
2020-04-23,0.5299999713897705,0.550000011920929,0.5099999904632568,0.5099999904632568,469500,0.0,0.0
2020-04-24,0.5199999809265137,0.550000011920929,0.5199999809265137,0.550000011920929,1166000,0.0,0.0
2020-04-27,0.550000011920929,0.5600000023841858,0.5299999713897705,0.5600000023841858,172900,0.0,0.0
2020-04-28,0.5600000023841858,0.5699999928474426,0.5299999713897705,0.5299999713897705,294800,0.0,0.0
2020-04-29,0.5699999928474426,0.6000000238418579,0.5600000023841858,0.6000000238418579,2050400,0.0,0.0
2020-04-30,0.6000000238418579,0.6200000047683716,0.5600000023841858,0.5799999833106995,1220100,0.0,0.0
2020-05-01,0.5799999833106995,0.5799999833106995,0.5600000023841858,0.5600000023841858,218800,0.0,0.0
2020-05-04,0.5899999737739563,0.5899999737739563,0.5600000023841858,0.5899999737739563,240200,0.0,0.0
2020-05-05,0.6000000238418579,0.6399999856948853,0.6000000238418579,0.6299999952316284,315600,0.0,0.0
2020-05-06,0.6200000047683716,0.6499999761581421,0.5899999737739563,0.5899999737739563,571600,0.0,0.0
2020-05-07,0.6399999856948853,0.6399999856948853,0.5899999737739563,0.6100000143051147,180900,0.0,0.0
2020-05-08,0.6299999952316284,0.6499999761581421,0.6000000238418579,0.6499999761581421,232100,0.0,0.0
2020-05-11,0.6499999761581421,0.6499999761581421,0.6100000143051147,0.6299999952316284,210000,0.0,0.0
2020-05-12,0.6299999952316284,0.6399999856948853,0.6200000047683716,0.6200000047683716,477700,0.0,0.0
2020-05-13,0.6200000047683716,0.6299999952316284,0.5600000023841858,0.5699999928474426,532400,0.0,0.0
2020-05-14,0.5899999737739563,0.6200000047683716,0.550000011920929,0.6200000047683716,283200,0.0,0.0
2020-05-15,0.6000000238418579,0.699999988079071,0.6000000238418579,0.6600000262260437,539300,0.0,0.0
2020-05-19,0.6700000166893005,0.7200000286102295,0.6600000262260437,0.6899999976158142,1193700,0.0,0.0
2020-05-20,0.7400000095367432,0.7599999904632568,0.7200000286102295,0.7200000286102295,994300,0.0,0.0
2020-05-21,0.75,0.7699999809265137,0.7300000190734863,0.75,486200,0.0,0.0
2020-05-22,0.7400000095367432,0.7699999809265137,0.7300000190734863,0.7599999904632568,269800,0.0,0.0
2020-05-25,0.75,0.7699999809265137,0.75,0.7599999904632568,175200,0.0,0.0
2020-05-26,0.7699999809265137,0.7900000214576721,0.7599999904632568,0.7900000214576721,504500,0.0,0.0
2020-05-27,0.7799999713897705,0.800000011920929,0.75,0.800000011920929,908500,0.0,0.0
2020-05-28,0.7699999809265137,0.8600000143051147,0.7699999809265137,0.800000011920929,1291600,0.0,0.0
2020-05-29,0.8199999928474426,0.8399999737739563,0.8100000023841858,0.8299999833106995,473400,0.0,0.0
2020-06-01,0.8399999737739563,0.8600000143051147,0.8299999833106995,0.8399999737739563,195900,0.0,0.0
2020-06-02,0.8399999737739563,0.8500000238418579,0.8199999928474426,0.8299999833106995,459200,0.0,0.0
2020-06-03,0.8500000238418579,0.8500000238418579,0.8199999928474426,0.8199999928474426,531700,0.0,0.0
2020-06-04,0.8199999928474426,0.8500000238418579,0.8199999928474426,0.8399999737739563,474500,0.0,0.0
2020-06-05,0.8500000238418579,0.8799999952316284,0.8500000238418579,0.8500000238418579,1025000,0.0,0.0
2020-06-08,0.8799999952316284,0.9300000071525574,0.8600000143051147,0.9100000262260437,1189400,0.0,0.0
2020-06-09,0.8899999856948853,0.8899999856948853,0.8500000238418579,0.8799999952316284,763100,0.0,0.0
2020-06-10,0.8899999856948853,0.8899999856948853,0.8299999833106995,0.8600000143051147,594300,0.0,0.0
2020-06-11,0.8199999928474426,0.8299999833106995,0.7900000214576721,0.8100000023841858,2115200,0.0,0.0
2020-06-12,0.8199999928474426,0.8899999856948853,0.8199999928474426,0.8500000238418579,591200,0.0,0.0
2020-06-15,0.800000011920929,0.8899999856948853,0.800000011920929,0.8600000143051147,248000,0.0,0.0
2020-06-16,0.8799999952316284,0.8999999761581421,0.8500000238418579,0.8600000143051147,385300,0.0,0.0
2020-06-17,0.8600000143051147,0.8600000143051147,0.8299999833106995,0.8500000238418579,332500,0.0,0.0
2020-06-18,0.8199999928474426,0.8600000143051147,0.8199999928474426,0.8500000238418579,174600,0.0,0.0
2020-06-19,0.8600000143051147,0.8700000047683716,0.800000011920929,0.800000011920929,675000,0.0,0.0
2020-06-22,0.8199999928474426,0.8500000238418579,0.8199999928474426,0.8399999737739563,177800,0.0,0.0
2020-06-23,0.8500000238418579,0.8600000143051147,0.8399999737739563,0.8500000238418579,317900,0.0,0.0
2020-06-24,0.8399999737739563,0.8500000238418579,0.8299999833106995,0.8299999833106995,1376500,0.0,0.0
2020-06-25,0.8100000023841858,0.8399999737739563,0.800000011920929,0.8299999833106995,404100,0.0,0.0
2020-06-26,0.8100000023841858,0.8500000238418579,0.800000011920929,0.8500000238418579,655100,0.0,0.0
2020-06-29,0.8500000238418579,0.8600000143051147,0.8100000023841858,0.8100000023841858,253400,0.0,0.0
2020-06-30,0.8199999928474426,0.8399999737739563,0.8100000023841858,0.8199999928474426,193400,0.0,0.0
2020-07-02,0.8199999928474426,0.8500000238418579,0.8199999928474426,0.8399999737739563,197800,0.0,0.0
2020-07-03,0.8399999737739563,0.8600000143051147,0.8399999737739563,0.8500000238418579,250200,0.0,0.0
2020-07-06,0.8399999737739563,0.8700000047683716,0.8299999833106995,0.8399999737739563,304400,0.0,0.0
2020-07-07,0.8299999833106995,0.8600000143051147,0.8299999833106995,0.8500000238418579,79700,0.0,0.0
2020-07-08,0.8399999737739563,0.8600000143051147,0.8299999833106995,0.8399999737739563,356500,0.0,0.0
2020-07-09,0.8500000238418579,0.8600000143051147,0.8199999928474426,0.8299999833106995,260900,0.0,0.0
2020-07-10,0.8199999928474426,0.8399999737739563,0.8199999928474426,0.8399999737739563,150500,0.0,0.0
2020-07-13,0.8500000238418579,0.8500000238418579,0.8199999928474426,0.8199999928474426,144900,0.0,0.0
2020-07-14,0.8299999833106995,0.8500000238418579,0.8199999928474426,0.8399999737739563,734300,0.0,0.0
2020-07-15,0.8199999928474426,0.8600000143051147,0.8199999928474426,0.8600000143051147,213400,0.0,0.0
2020-07-16,0.8500000238418579,0.8500000238418579,0.8299999833106995,0.8500000238418579,148900,0.0,0.0
2020-07-17,0.8399999737739563,0.8600000143051147,0.8399999737739563,0.8600000143051147,179200,0.0,0.0
2020-07-20,0.8399999737739563,0.8500000238418579,0.8399999737739563,0.8399999737739563,77100,0.0,0.0
2020-07-21,0.8600000143051147,0.8999999761581421,0.8600000143051147,0.8999999761581421,524600,0.0,0.0
2020-07-22,0.8600000143051147,0.8799999952316284,0.8600000143051147,0.8799999952316284,36200,0.0,0.0
2020-07-23,0.8700000047683716,0.9100000262260437,0.8700000047683716,0.9100000262260437,473700,0.0,0.0
2020-07-24,0.9100000262260437,0.9599999785423279,0.9100000262260437,0.9300000071525574,713500,0.0,0.0
2020-07-27,0.9300000071525574,0.9300000071525574,0.8999999761581421,0.9200000166893005,193400,0.0,0.0
2020-07-28,0.9100000262260437,0.9200000166893005,0.9100000262260437,0.9100000262260437,43800,0.0,0.0
2020-07-29,0.9300000071525574,0.9300000071525574,0.9100000262260437,0.9100000262260437,137100,0.0,0.0
2020-07-30,0.9200000166893005,0.9200000166893005,0.8799999952316284,0.8999999761581421,389000,0.0,0.0
2020-07-31,0.8799999952316284,0.9100000262260437,0.8799999952316284,0.9100000262260437,189800,0.0,0.0
2020-08-04,0.9100000262260437,0.9599999785423279,0.9100000262260437,0.949999988079071,414600,0.0,0.0
2020-08-05,0.949999988079071,0.9700000286102295,0.949999988079071,0.9599999785423279,326200,0.0,0.0
2020-08-06,0.9599999785423279,0.9700000286102295,0.9599999785423279,0.9700000286102295,332900,0.0,0.0
2020-08-07,0.949999988079071,0.9800000190734863,0.949999988079071,0.9800000190734863,205100,0.0,0.0
2020-08-10,0.9599999785423279,1.0199999809265137,0.9599999785423279,1.0199999809265137,784900,0.0,0.0
2020-08-11,1.0299999713897705,1.0399999618530273,1.0199999809265137,1.0299999713897705,193500,0.0,0.0
2020-08-12,1.0299999713897705,1.1299999952316284,1.0299999713897705,1.1100000143051147,608100,0.0,0.0
2020-08-13,1.0800000429153442,1.1799999475479126,1.0800000429153442,1.1100000143051147,806300,0.0,0.0
2020-08-14,1.1299999952316284,1.1399999856948853,1.0700000524520874,1.1299999952316284,422800,0.0,0.0
2020-08-17,1.100000023841858,1.1799999475479126,1.100000023841858,1.159999966621399,775500,0.0,0.0
2020-08-18,1.1699999570846558,1.1799999475479126,1.149999976158142,1.159999966621399,170900,0.0,0.0
2020-08-19,1.1699999570846558,1.1799999475479126,1.159999966621399,1.159999966621399,555300,0.0,0.0
2020-08-20,1.1699999570846558,1.1699999570846558,1.1399999856948853,1.159999966621399,152000,0.0,0.0
2020-08-21,1.1399999856948853,1.1399999856948853,1.090000033378601,1.1100000143051147,250700,0.0,0.0
2020-08-24,1.1399999856948853,1.1699999570846558,1.100000023841858,1.149999976158142,336800,0.0,0.0
2020-08-25,1.1399999856948853,1.159999966621399,1.1399999856948853,1.159999966621399,55700,0.0,0.0
2020-08-26,1.1200000047683716,1.159999966621399,1.1200000047683716,1.149999976158142,223800,0.0,0.0
2020-08-27,1.159999966621399,1.159999966621399,1.1100000143051147,1.1299999952316284,153300,0.0,0.0
2020-08-28,1.1200000047683716,1.159999966621399,1.1200000047683716,1.1399999856948853,123100,0.0,0.0
2020-08-31,1.090000033378601,1.1299999952316284,1.090000033378601,1.1200000047683716,106700,0.0,0.0
2020-09-01,1.1200000047683716,1.149999976158142,1.1200000047683716,1.1299999952316284,264100,0.0,0.0
2020-09-02,1.1399999856948853,1.1399999856948853,1.1299999952316284,1.1299999952316284,89100,0.0,0.0
2020-09-03,1.1200000047683716,1.149999976158142,1.1200000047683716,1.1299999952316284,229200,0.0,0.0
2020-09-04,1.1100000143051147,1.1299999952316284,1.1100000143051147,1.1200000047683716,49200,0.0,0.0
2020-09-08,1.059999942779541,1.0700000524520874,1.0,1.0199999809265137,474300,0.0,0.0
2020-09-09,1.0199999809265137,1.0700000524520874,1.0199999809265137,1.059999942779541,205200,0.0,0.0
2020-09-10,1.100000023841858,1.100000023841858,1.0499999523162842,1.0499999523162842,205700,0.0,0.0
2020-09-11,1.0499999523162842,1.059999942779541,1.0399999618530273,1.0499999523162842,185900,0.0,0.0
2020-09-14,1.0199999809265137,1.0499999523162842,1.0199999809265137,1.0299999713897705,257700,0.0,0.0
2020-09-15,1.0299999713897705,1.0800000429153442,1.0299999713897705,1.0800000429153442,462500,0.0,0.0
2020-09-16,1.090000033378601,1.149999976158142,1.0499999523162842,1.1399999856948853,432500,0.0,0.0
2020-09-17,1.1399999856948853,1.159999966621399,1.1100000143051147,1.149999976158142,220100,0.0,0.0
2020-09-18,1.1399999856948853,1.190000057220459,1.1399999856948853,1.149999976158142,1967600,0.0,0.0
2020-09-21,1.1399999856948853,1.1399999856948853,1.059999942779541,1.100000023841858,701800,0.0,0.0
2020-09-22,1.090000033378601,1.1799999475479126,1.090000033378601,1.1699999570846558,226800,0.0,0.0
2020-09-23,1.1399999856948853,1.190000057220459,1.1399999856948853,1.1699999570846558,377500,0.0,0.0
2020-09-24,1.1200000047683716,1.1699999570846558,1.1200000047683716,1.159999966621399,4399000,0.0,0.0
2020-09-25,1.1200000047683716,1.1699999570846558,1.1200000047683716,1.159999966621399,277400,0.0,0.0
2020-09-28,1.1299999952316284,1.1699999570846558,1.1299999952316284,1.159999966621399,261900,0.0,0.0
2020-09-29,1.1399999856948853,1.159999966621399,1.1200000047683716,1.149999976158142,546600,0.0,0.0
2020-09-30,1.1399999856948853,1.149999976158142,1.1299999952316284,1.149999976158142,319200,0.0,0.0
2020-10-01,1.1100000143051147,1.1399999856948853,1.100000023841858,1.1100000143051147,352300,0.0,0.0
2020-10-02,1.100000023841858,1.1200000047683716,1.100000023841858,1.1100000143051147,215600,0.0,0.0
2020-10-05,1.1100000143051147,1.190000057220459,1.1100000143051147,1.1699999570846558,532900,0.0,0.0
2020-10-06,1.190000057220459,1.2400000095367432,1.1799999475479126,1.1799999475479126,479400,0.0,0.0
2020-10-07,1.2000000476837158,1.2100000381469727,1.1699999570846558,1.2100000381469727,169100,0.0,0.0
2020-10-08,1.2300000190734863,1.25,1.190000057220459,1.2400000095367432,420400,0.0,0.0
2020-10-09,1.2300000190734863,1.25,1.2300000190734863,1.25,295800,0.0,0.0
2020-10-13,1.25,1.25,1.2300000190734863,1.25,222200,0.0,0.0
2020-10-14,1.2400000095367432,1.2699999809265137,1.2300000190734863,1.2599999904632568,339600,0.0,0.0
2020-10-15,1.2300000190734863,1.2300000190734863,1.2000000476837158,1.2100000381469727,877500,0.0,0.0
2020-10-16,1.1799999475479126,1.2300000190734863,1.1699999570846558,1.2300000190734863,267500,0.0,0.0
2020-10-19,1.2100000381469727,1.2300000190734863,1.2000000476837158,1.2200000286102295,116600,0.0,0.0
2020-10-20,1.2300000190734863,1.2799999713897705,1.2200000286102295,1.2699999809265137,272100,0.0,0.0
2020-10-21,1.25,1.2899999618530273,1.25,1.2599999904632568,741400,0.0,0.0
2020-10-22,1.2599999904632568,1.2999999523162842,1.2599999904632568,1.2699999809265137,210800,0.0,0.0
2020-10-23,1.2599999904632568,1.2899999618530273,1.25,1.2799999713897705,139000,0.0,0.0
2020-10-26,1.2100000381469727,1.25,1.190000057220459,1.2300000190734863,152800,0.0,0.0
2020-10-27,1.2200000286102295,1.2799999713897705,1.2100000381469727,1.2599999904632568,201600,0.0,0.0
2020-10-28,1.2200000286102295,1.2400000095367432,1.1299999952316284,1.2000000476837158,356700,0.0,0.0
2020-10-29,1.1200000047683716,1.1799999475479126,1.1200000047683716,1.1799999475479126,324000,0.0,0.0
2020-10-30,1.149999976158142,1.159999966621399,1.1399999856948853,1.159999966621399,321500,0.0,0.0
2020-11-02,1.1200000047683716,1.149999976158142,1.1200000047683716,1.149999976158142,205600,0.0,0.0
2020-11-03,1.149999976158142,1.1799999475479126,1.149999976158142,1.159999966621399,189100,0.0,0.0
2020-11-04,1.1699999570846558,1.1799999475479126,1.1699999570846558,1.1699999570846558,253800,0.0,0.0
2020-11-05,1.1799999475479126,1.2000000476837158,1.1799999475479126,1.1799999475479126,333200,0.0,0.0
2020-11-06,1.190000057220459,1.25,1.190000057220459,1.2400000095367432,463100,0.0,0.0
2020-11-09,1.2699999809265137,1.3200000524520874,1.2599999904632568,1.309999942779541,430400,0.0,0.0
2020-11-10,1.2899999618530273,1.3300000429153442,1.2899999618530273,1.3200000524520874,398300,0.0,0.0
2020-11-11,1.309999942779541,1.3600000143051147,1.2999999523162842,1.3300000429153442,452500,0.0,0.0
2020-11-12,1.3300000429153442,1.340000033378601,1.2999999523162842,1.3300000429153442,126700,0.0,0.0
2020-11-13,1.3300000429153442,1.340000033378601,1.309999942779541,1.3200000524520874,259100,0.0,0.0
2020-11-16,1.3200000524520874,1.3799999952316284,1.3200000524520874,1.3600000143051147,393500,0.0,0.0
2020-11-17,1.3700000047683716,1.3700000047683716,1.340000033378601,1.350000023841858,191100,0.0,0.0
2020-11-18,1.3700000047683716,1.399999976158142,1.3200000524520874,1.3300000429153442,992900,0.0,0.0
2020-11-19,1.2999999523162842,1.3899999856948853,1.2999999523162842,1.3700000047683716,278000,0.0,0.0
2020-11-20,1.3799999952316284,1.3899999856948853,1.3600000143051147,1.3799999952316284,252500,0.0,0.0
2020-11-23,1.350000023841858,1.4500000476837158,1.350000023841858,1.4500000476837158,1557300,0.0,0.0
2020-11-24,1.4600000381469727,1.5,1.4600000381469727,1.4800000190734863,459300,0.0,0.0
2020-11-25,1.4800000190734863,1.4800000190734863,1.440000057220459,1.4600000381469727,373700,0.0,0.0
2020-11-26,1.4199999570846558,1.4900000095367432,1.4199999570846558,1.4500000476837158,241000,0.0,0.0
2020-11-27,1.4500000476837158,1.4500000476837158,1.3899999856948853,1.3899999856948853,210800,0.0,0.0
2020-11-30,1.399999976158142,1.399999976158142,1.3200000524520874,1.3200000524520874,281500,0.0,0.0
2020-12-01,1.309999942779541,1.350000023841858,1.309999942779541,1.3300000429153442,142100,0.0,0.0
2020-12-02,1.3300000429153442,1.399999976158142,1.3300000429153442,1.3799999952316284,325900,0.0,0.0
2020-12-03,1.3799999952316284,1.399999976158142,1.340000033378601,1.340000033378601,314400,0.0,0.0
2020-12-04,1.3700000047683716,1.399999976158142,1.350000023841858,1.3799999952316284,231300,0.0,0.0
2020-12-07,1.3700000047683716,1.3899999856948853,1.3600000143051147,1.3700000047683716,265400,0.0,0.0
2020-12-08,1.350000023841858,1.399999976158142,1.350000023841858,1.3799999952316284,499900,0.0,0.0
2020-12-09,1.3799999952316284,1.5,1.3799999952316284,1.440000057220459,1308500,0.0,0.0
2020-12-10,1.440000057220459,1.6200000047683716,1.440000057220459,1.5499999523162842,6183700,0.0,0.0
2020-12-11,1.5499999523162842,1.5499999523162842,1.4900000095367432,1.5,819400,0.0,0.0
2020-12-14,1.5299999713897705,1.5299999713897705,1.4500000476837158,1.4600000381469727,781400,0.0,0.0
2020-12-15,1.4900000095367432,1.5700000524520874,1.4700000286102295,1.5700000524520874,392900,0.0,0.0
2020-12-16,1.600000023841858,1.600000023841858,1.5499999523162842,1.5800000429153442,3277700,0.0,0.0
2020-12-17,1.590000033378601,1.590000033378601,1.5399999618530273,1.559999942779541,573700,0.0,0.0
2020-12-18,1.5499999523162842,1.5800000429153442,1.5499999523162842,1.5499999523162842,1468900,0.0,0.0
2020-12-21,1.5,1.5299999713897705,1.4700000286102295,1.5199999809265137,418600,0.0,0.0
2020-12-22,1.5299999713897705,1.5700000524520874,1.5299999713897705,1.5499999523162842,408300,0.0,0.0
2020-12-23,1.5800000429153442,1.590000033378601,1.559999942779541,1.5800000429153442,231400,0.0,0.0
2020-12-24,1.5399999618530273,1.6299999952316284,1.5399999618530273,1.6200000047683716,1724900,0.0,0.0
2020-12-29,1.6200000047683716,1.659999966621399,1.590000033378601,1.6399999856948853,895300,0.0,0.0
2020-12-30,1.6100000143051147,1.6799999475479126,1.6100000143051147,1.659999966621399,1021900,0.0,0.0
2020-12-31,1.659999966621399,1.690000057220459,1.659999966621399,1.6799999475479126,231500,0.0,0.0
2021-01-04,1.6699999570846558,1.690000057220459,1.5499999523162842,1.6100000143051147,794900,0.0,0.0
2021-01-05,1.6100000143051147,1.690000057220459,1.600000023841858,1.659999966621399,371500,0.0,0.0
2021-01-06,1.6699999570846558,1.6699999570846558,1.6100000143051147,1.649999976158142,323500,0.0,0.0
2021-01-07,1.649999976158142,1.6699999570846558,1.6399999856948853,1.659999966621399,237800,0.0,0.0
2021-01-08,1.649999976158142,1.690000057220459,1.559999942779541,1.6200000047683716,718900,0.0,0.0
2021-01-11,1.590000033378601,1.690000057220459,1.590000033378601,1.6799999475479126,399400,0.0,0.0
2021-01-12,1.690000057220459,1.7999999523162842,1.690000057220459,1.75,796000,0.0,0.0
2021-01-13,1.7699999809265137,1.840000033378601,1.7400000095367432,1.7899999618530273,10402500,0.0,0.0
2021-01-14,1.7999999523162842,1.840000033378601,1.7699999809265137,1.7899999618530273,685400,0.0,0.0
2021-01-15,1.7699999809265137,1.7899999618530273,1.7200000286102295,1.7799999713897705,635600,0.0,0.0
2021-01-18,1.7599999904632568,1.7599999904632568,1.7200000286102295,1.7200000286102295,628700,0.0,0.0
2021-01-19,1.7400000095367432,1.8600000143051147,1.7300000190734863,1.8600000143051147,822200,0.0,0.0
2021-01-20,1.850000023841858,1.8600000143051147,1.8200000524520874,1.8200000524520874,904600,0.0,0.0
2021-01-21,1.8300000429153442,1.8300000429153442,1.75,1.7899999618530273,673900,0.0,0.0
2021-01-22,1.75,1.8300000429153442,1.75,1.8200000524520874,563800,0.0,0.0
2021-01-25,1.7999999523162842,1.7999999523162842,1.7300000190734863,1.7799999713897705,497600,0.0,0.0
2021-01-26,1.7799999713897705,1.7999999523162842,1.7300000190734863,1.7300000190734863,294500,0.0,0.0
2021-01-27,1.6699999570846558,1.7999999523162842,1.6699999570846558,1.7799999713897705,568500,0.0,0.0
2021-01-28,1.7699999809265137,1.809999942779541,1.7300000190734863,1.7699999809265137,452800,0.0,0.0
2021-01-29,1.7699999809265137,1.8200000524520874,1.6699999570846558,1.7100000381469727,881900,0.0,0.0
2021-02-01,1.7100000381469727,1.7599999904632568,1.6799999475479126,1.7400000095367432,1446100,0.0,0.0
2021-02-02,1.7599999904632568,1.7999999523162842,1.7400000095367432,1.7899999618530273,1336700,0.0,0.0
2021-02-03,1.7899999618530273,1.840000033378601,1.7699999809265137,1.8300000429153442,907800,0.0,0.0
2021-02-04,1.8300000429153442,1.840000033378601,1.7899999618530273,1.8300000429153442,277200,0.0,0.0
2021-02-05,1.8300000429153442,1.8899999856948853,1.8300000429153442,1.8600000143051147,629000,0.0,0.0
2021-02-08,1.850000023841858,1.899999976158142,1.850000023841858,1.8899999856948853,1209600,0.0,0.0
2021-02-09,1.8700000047683716,1.8899999856948853,1.840000033378601,1.8600000143051147,524700,0.0,0.0
2021-02-10,1.8600000143051147,1.8799999952316284,1.7799999713897705,1.7799999713897705,909200,0.0,0.0
2021-02-11,1.7899999618530273,1.7999999523162842,1.7599999904632568,1.7799999713897705,384800,0.0,0.0
2021-02-12,1.7699999809265137,1.7999999523162842,1.7599999904632568,1.7899999618530273,1178000,0.0,0.0
2021-02-16,1.7999999523162842,1.7999999523162842,1.7300000190734863,1.7699999809265137,807900,0.0,0.0
2021-02-17,1.7699999809265137,1.7999999523162842,1.7400000095367432,1.7799999713897705,445700,0.0,0.0
2021-02-18,1.7899999618530273,1.809999942779541,1.7699999809265137,1.7899999618530273,1777200,0.0,0.0
2021-02-19,1.7899999618530273,1.850000023841858,1.7899999618530273,1.850000023841858,914600,0.0,0.0
2021-02-22,1.840000033378601,1.9500000476837158,1.840000033378601,1.940000057220459,3727900,0.0,0.0
2021-02-23,1.9500000476837158,1.9800000190734863,1.8799999952316284,1.940000057220459,1715500,0.0,0.0
2021-02-24,1.9800000190734863,1.9800000190734863,1.940000057220459,1.9600000381469727,4496500,0.0,0.0
2021-02-25,1.9600000381469727,1.9700000286102295,1.899999976158142,1.909999966621399,1093600,0.0,0.0
2021-02-26,1.909999966621399,1.909999966621399,1.7699999809265137,1.8899999856948853,1099500,0.0,0.0
2021-03-01,1.909999966621399,1.940000057220459,1.8799999952316284,1.9199999570846558,1348500,0.0,0.0
2021-03-02,1.909999966621399,1.940000057220459,1.8899999856948853,1.9199999570846558,965700,0.0,0.0
2021-03-03,1.909999966621399,1.9199999570846558,1.8600000143051147,1.8799999952316284,1064200,0.0,0.0
2021-03-04,1.8799999952316284,1.9500000476837158,1.8300000429153442,1.899999976158142,1693800,0.0,0.0
2021-03-05,1.940000057220459,1.9500000476837158,1.899999976158142,1.940000057220459,2361500,0.0,0.0
2021-03-08,1.9500000476837158,1.9500000476837158,1.9199999570846558,1.9299999475479126,2019000,0.0,0.0
2021-03-09,1.9299999475479126,2.0299999713897705,1.909999966621399,2.0299999713897705,11618200,0.0,0.0
2021-03-10,2.049999952316284,2.190000057220459,2.0399999618530273,2.180000066757202,9229200,0.0,0.0
2021-03-11,2.2100000381469727,2.3499999046325684,2.1700000762939453,2.2899999618530273,6326700,0.0,0.0
2021-03-12,2.259999990463257,2.2899999618530273,2.200000047683716,2.2200000286102295,1373400,0.0,0.0
2021-03-15,2.2200000286102295,2.2699999809265137,2.190000057220459,2.200000047683716,1601900,0.0,0.0
2021-03-16,2.200000047683716,2.2100000381469727,2.0899999141693115,2.109999895095825,2308500,0.0,0.0
2021-03-17,2.059999942779541,2.1500000953674316,2.049999952316284,2.119999885559082,845400,0.0,0.0
2021-03-18,2.109999895095825,2.109999895095825,2.0,2.009999990463257,2071300,0.0,0.0
2021-03-19,1.9500000476837158,2.0799999237060547,1.9500000476837158,2.0399999618530273,2614300,0.0,0.0
2021-03-22,2.0299999713897705,2.069999933242798,2.0,2.009999990463257,557300,0.0,0.0
2021-03-23,1.9900000095367432,2.0399999618530273,1.9800000190734863,2.0,2897000,0.0,0.0
2021-03-24,2.009999990463257,2.059999942779541,2.009999990463257,2.049999952316284,913300,0.0,0.0
2021-03-25,2.0199999809265137,2.0899999141693115,1.9500000476837158,2.069999933242798,2025400,0.0,0.0
2021-03-26,2.0999999046325684,2.119999885559082,2.0399999618530273,2.069999933242798,308600,0.0,0.0
2021-03-29,2.069999933242798,2.0999999046325684,2.049999952316284,2.069999933242798,337100,0.0,0.0
2021-03-30,2.059999942779541,2.119999885559082,2.049999952316284,2.0899999141693115,271300,0.0,0.0
2021-03-31,2.0999999046325684,2.119999885559082,2.049999952316284,2.069999933242798,177400,0.0,0.0
2021-04-01,2.0899999141693115,2.2200000286102295,2.0899999141693115,2.1700000762939453,742100,0.0,0.0
2021-04-05,2.180000066757202,2.180000066757202,2.109999895095825,2.130000114440918,343000,0.0,0.0
2021-04-06,2.140000104904175,2.1700000762939453,2.0999999046325684,2.109999895095825,480300,0.0,0.0
2021-04-07,2.109999895095825,2.1500000953674316,2.0899999141693115,2.109999895095825,603900,0.0,0.0
2021-04-08,2.119999885559082,2.119999885559082,2.059999942779541,2.0899999141693115,493700,0.0,0.0
2021-04-09,2.0899999141693115,2.0899999141693115,1.9900000095367432,2.049999952316284,4081600,0.0,0.0
2021-04-12,2.069999933242798,2.069999933242798,1.9900000095367432,2.0199999809265137,386700,0.0,0.0
2021-04-13,2.0,2.009999990463257,1.9700000286102295,2.0,679000,0.0,0.0
2021-04-14,2.0,2.049999952316284,1.9900000095367432,2.009999990463257,1355000,0.0,0.0
2021-04-15,2.009999990463257,2.0399999618530273,2.009999990463257,2.0299999713897705,226800,0.0,0.0
2021-04-16,2.0399999618530273,2.0399999618530273,1.9900000095367432,2.0399999618530273,343000,0.0,0.0
2021-04-19,2.0199999809265137,2.049999952316284,1.9600000381469727,1.9600000381469727,827800,0.0,0.0
2021-04-20,1.9700000286102295,2.069999933242798,1.8899999856948853,1.9199999570846558,1710100,0.0,0.0
2021-04-21,1.8899999856948853,2.0,1.8899999856948853,1.9700000286102295,770000,0.0,0.0
2021-04-22,1.9700000286102295,1.9800000190734863,1.940000057220459,1.9700000286102295,443900,0.0,0.0
2021-04-23,1.9700000286102295,2.0199999809265137,1.9500000476837158,2.0199999809265137,1590900,0.0,0.0
2021-04-26,1.9900000095367432,2.049999952316284,1.9900000095367432,2.0399999618530273,490500,0.0,0.0
2021-04-27,2.049999952316284,2.059999942779541,2.0299999713897705,2.0299999713897705,361800,0.0,0.0
2021-04-28,2.0399999618530273,2.140000104904175,2.0399999618530273,2.130000114440918,686900,0.0,0.0
2021-04-29,2.1700000762939453,2.190000057220459,2.0999999046325684,2.1500000953674316,1336300,0.0,0.0
2021-04-30,2.130000114440918,2.1500000953674316,2.109999895095825,2.109999895095825,201600,0.0,0.0
2021-05-03,2.119999885559082,2.180000066757202,2.109999895095825,2.1700000762939453,892100,0.0,0.0
2021-05-04,2.1700000762939453,2.180000066757202,2.130000114440918,2.1600000858306885,325900,0.0,0.0
2021-05-05,2.1700000762939453,2.25,2.1600000858306885,2.25,2000600,0.0,0.0
2021-05-06,2.240000009536743,2.25,2.180000066757202,2.2200000286102295,585000,0.0,0.0
2021-05-07,2.2300000190734863,2.25,2.200000047683716,2.25,1252800,0.0,0.0
2021-05-10,2.25,2.25,2.180000066757202,2.200000047683716,959900,0.0,0.0
2021-05-11,2.180000066757202,2.25,2.130000114440918,2.2300000190734863,512300,0.0,0.0
2021-05-12,2.240000009536743,2.259999990463257,2.2200000286102295,2.25,976900,0.0,0.0
2021-05-13,2.190000057220459,2.240000009536743,2.119999885559082,2.180000066757202,986000,0.0,0.0
2021-05-14,2.2200000286102295,2.2799999713897705,2.1700000762939453,2.2699999809265137,592400,0.0,0.0
2021-05-17,2.2699999809265137,2.299999952316284,2.2200000286102295,2.299999952316284,1099800,0.0,0.0
2021-05-18,2.2899999618530273,2.309999942779541,2.240000009536743,2.2699999809265137,1150700,0.0,0.0
2021-05-19,2.180000066757202,2.309999942779541,2.1700000762939453,2.240000009536743,812100,0.0,0.0
2021-05-20,2.25,2.25,2.190000057220459,2.2300000190734863,406600,0.0,0.0
2021-05-21,2.25,2.259999990463257,2.2300000190734863,2.240000009536743,447500,0.0,0.0
2021-05-25,2.25,2.25,2.200000047683716,2.2300000190734863,415600,0.0,0.0
2021-05-26,2.240000009536743,2.25,2.180000066757202,2.2200000286102295,3347800,0.0,0.0
2021-05-27,2.2300000190734863,2.259999990463257,2.2200000286102295,2.240000009536743,588300,0.0,0.0
2021-05-28,2.25,2.299999952316284,2.2200000286102295,2.2899999618530273,1258900,0.0,0.0
2021-05-31,2.299999952316284,2.4200000762939453,2.299999952316284,2.369999885559082,2360100,0.0,0.0
2021-06-01,2.4100000858306885,2.440000057220459,2.380000114440918,2.4200000762939453,1368600,0.0,0.0
2021-06-02,2.440000057220459,2.490000009536743,2.4100000858306885,2.4200000762939453,2591900,0.0,0.0
2021-06-03,2.4200000762939453,2.5,2.4000000953674316,2.4800000190734863,754500,0.0,0.0
2021-06-04,2.5,2.5999999046325684,2.5,2.569999933242798,2130600,0.0,0.0
2021-06-07,2.5999999046325684,2.6500000953674316,2.5799999237060547,2.5999999046325684,1872800,0.0,0.0
2021-06-08,2.5999999046325684,2.609999895095825,2.569999933242798,2.5799999237060547,563700,0.0,0.0
2021-06-09,2.619999885559082,2.700000047683716,2.559999942779541,2.700000047683716,3704800,0.0,0.0
2021-06-10,2.7100000381469727,2.740000009536743,2.630000114440918,2.640000104904175,907100,0.0,0.0
2021-06-11,2.6700000762939453,2.690000057220459,2.640000104904175,2.6700000762939453,371800,0.0,0.0
2021-06-14,2.690000057220459,2.7100000381469727,2.609999895095825,2.609999895095825,983400,0.0,0.0
2021-06-15,2.630000114440918,2.7300000190734863,2.630000114440918,2.7200000286102295,1266600,0.0,0.0
2021-06-16,2.7100000381469727,2.740000009536743,2.6600000858306885,2.7100000381469727,1177600,0.0,0.0
2021-06-17,2.690000057220459,2.7100000381469727,2.5999999046325684,2.619999885559082,579700,0.0,0.0
2021-06-18,2.5799999237060547,2.6700000762939453,2.569999933242798,2.609999895095825,414200,0.0,0.0
2021-06-21,2.5799999237060547,2.7100000381469727,2.5799999237060547,2.6700000762939453,458300,0.0,0.0
2021-06-22,2.680000066757202,2.700000047683716,2.630000114440918,2.6700000762939453,378900,0.0,0.0
2021-06-23,2.7200000286102295,2.7200000286102295,2.630000114440918,2.6600000858306885,343600,0.0,0.0
2021-06-24,2.630000114440918,2.690000057220459,2.630000114440918,2.690000057220459,347000,0.0,0.0
2021-06-25,2.690000057220459,2.690000057220459,2.619999885559082,2.6600000858306885,423000,0.0,0.0
2021-06-28,2.619999885559082,2.6500000953674316,2.559999942779541,2.609999895095825,451800,0.0,0.0
2021-06-29,2.619999885559082,2.7200000286102295,2.619999885559082,2.6600000858306885,458000,0.0,0.0
2021-06-30,2.630000114440918,2.700000047683716,2.630000114440918,2.6700000762939453,256600,0.0,0.0
2021-07-02,2.700000047683716,2.7100000381469727,2.640000104904175,2.640000104904175,191400,0.0,0.0
2021-07-05,2.630000114440918,2.7100000381469727,2.5999999046325684,2.690000057220459,460800,0.0,0.0
2021-07-06,2.680000066757202,2.680000066757202,2.5999999046325684,2.6500000953674316,511200,0.0,0.0
2021-07-07,2.630000114440918,2.6600000858306885,2.559999942779541,2.5899999141693115,357200,0.0,0.0
2021-07-08,2.5399999618530273,2.680000066757202,2.5199999809265137,2.619999885559082,1492700,0.0,0.0
2021-07-09,2.6600000858306885,2.740000009536743,2.630000114440918,2.7300000190734863,2029100,0.0,0.0
2021-07-12,2.700000047683716,2.7300000190734863,2.619999885559082,2.6700000762939453,485700,0.0,0.0
2021-07-13,2.6600000858306885,2.680000066757202,2.630000114440918,2.6500000953674316,382600,0.0,0.0
2021-07-14,2.640000104904175,2.680000066757202,2.5799999237060547,2.5799999237060547,675200,0.0,0.0
2021-07-15,2.5899999141693115,2.6500000953674316,2.549999952316284,2.559999942779541,341200,0.0,0.0
2021-07-16,2.5899999141693115,2.619999885559082,2.4800000190734863,2.509999990463257,605000,0.0,0.0
2021-07-19,2.4700000286102295,2.4700000286102295,2.3299999237060547,2.369999885559082,1017200,0.0,0.0
2021-07-20,2.369999885559082,2.490000009536743,2.3299999237060547,2.440000057220459,597300,0.0,0.0
2021-07-21,2.5,2.6500000953674316,2.490000009536743,2.5899999141693115,2515000,0.0,0.0
2021-07-22,2.5999999046325684,2.630000114440918,2.559999942779541,2.5999999046325684,390000,0.0,0.0
2021-07-23,2.630000114440918,2.630000114440918,2.559999942779541,2.5899999141693115,368300,0.0,0.0
2021-07-26,2.5999999046325684,2.690000057220459,2.5999999046325684,2.6600000858306885,551700,0.0,0.0
2021-07-27,2.6500000953674316,2.7300000190734863,2.609999895095825,2.7200000286102295,1298200,0.0,0.0
2021-07-28,2.7100000381469727,2.759999990463257,2.630000114440918,2.680000066757202,689500,0.0,0.0
2021-07-29,2.700000047683716,2.700000047683716,2.5799999237060547,2.5799999237060547,897000,0.0,0.0
2021-07-30,2.5899999141693115,2.6700000762939453,2.5899999141693115,2.619999885559082,1971000,0.0,0.0
2021-08-03,2.5899999141693115,2.740000009536743,2.569999933242798,2.700000047683716,3606300,0.0,0.0
2021-08-04,2.6500000953674316,2.6700000762939453,2.5899999141693115,2.5999999046325684,832200,0.0,0.0
2021-08-05,2.5999999046325684,2.6700000762939453,2.5999999046325684,2.630000114440918,291000,0.0,0.0
2021-08-06,2.6500000953674316,2.7300000190734863,2.630000114440918,2.7100000381469727,507100,0.0,0.0
2021-08-09,2.6600000858306885,2.700000047683716,2.630000114440918,2.640000104904175,1104400,0.0,0.0
2021-08-10,2.6500000953674316,2.7899999618530273,2.6500000953674316,2.7899999618530273,843200,0.0,0.0
2021-08-11,2.7699999809265137,2.809999942779541,2.680000066757202,2.680000066757202,546200,0.0,0.0
2021-08-12,2.690000057220459,2.7100000381469727,2.640000104904175,2.690000057220459,553500,0.0,0.0
2021-08-13,2.680000066757202,2.7100000381469727,2.609999895095825,2.619999885559082,344200,0.0,0.0
2021-08-16,2.5999999046325684,2.5999999046325684,2.4800000190734863,2.509999990463257,444800,0.0,0.0
2021-08-17,2.4800000190734863,2.549999952316284,2.430000066757202,2.490000009536743,375700,0.0,0.0
2021-08-18,2.490000009536743,2.5299999713897705,2.430000066757202,2.4700000286102295,407600,0.0,0.0
2021-08-19,2.4100000858306885,2.4200000762939453,2.2799999713897705,2.319999933242798,3604700,0.0,0.0
2021-08-20,2.2799999713897705,2.359999895095825,2.2799999713897705,2.3299999237060547,245100,0.0,0.0
2021-08-23,2.380000114440918,2.4200000762939453,2.3499999046325684,2.369999885559082,697500,0.0,0.0
2021-08-24,2.359999895095825,2.450000047683716,2.3499999046325684,2.4100000858306885,862300,0.0,0.0
2021-08-25,2.390000104904175,2.4600000381469727,2.359999895095825,2.430000066757202,620000,0.0,0.0
2021-08-26,2.4100000858306885,2.4200000762939453,2.3399999141693115,2.3399999141693115,376600,0.0,0.0
2021-08-27,2.4000000953674316,2.509999990463257,2.380000114440918,2.4600000381469727,864000,0.0,0.0
2021-08-30,2.4700000286102295,2.5199999809265137,2.430000066757202,2.5,742000,0.0,0.0
2021-08-31,2.4800000190734863,2.509999990463257,2.4700000286102295,2.490000009536743,610000,0.0,0.0
2021-09-01,2.450000047683716,2.5199999809265137,2.430000066757202,2.4700000286102295,720200,0.0,0.0
2021-09-02,2.509999990463257,2.680000066757202,2.490000009536743,2.609999895095825,996500,0.0,0.0
2021-09-03,2.609999895095825,2.619999885559082,2.5299999713897705,2.559999942779541,228100,0.0,0.0
2021-09-07,2.5899999141693115,2.5899999141693115,2.4800000190734863,2.4800000190734863,236400,0.0,0.0
2021-09-08,2.5,2.509999990463257,2.440000057220459,2.5,1187900,0.0,0.0
2021-09-09,2.549999952316284,2.680000066757202,2.5299999713897705,2.609999895095825,1150300,0.0,0.0
2021-09-10,2.619999885559082,2.6500000953674316,2.569999933242798,2.609999895095825,1694900,0.0,0.0
2021-09-13,2.609999895095825,2.700000047683716,2.609999895095825,2.619999885559082,1282100,0.0,0.0
2021-09-14,2.6700000762939453,2.6700000762939453,2.5999999046325684,2.640000104904175,1953000,0.0,0.0
2021-09-15,2.700000047683716,2.7799999713897705,2.6500000953674316,2.7799999713897705,1266600,0.0,0.0
2021-09-16,2.740000009536743,2.7799999713897705,2.680000066757202,2.7200000286102295,1170200,0.0,0.0
2021-09-17,2.7300000190734863,2.7300000190734863,2.619999885559082,2.6700000762939453,377300,0.0,0.0
2021-09-20,2.5999999046325684,2.619999885559082,2.5199999809265137,2.609999895095825,1002400,0.0,0.0
2021-09-21,2.6500000953674316,2.680000066757202,2.5899999141693115,2.609999895095825,1233900,0.0,0.0
2021-09-22,2.6700000762939453,2.7699999809265137,2.619999885559082,2.740000009536743,834300,0.0,0.0
2021-09-23,2.75,2.8499999046325684,2.75,2.799999952316284,1458200,0.0,0.0
2021-09-24,2.7699999809265137,2.859999895095825,2.740000009536743,2.8299999237060547,1267700,0.0,0.0
2021-09-27,2.890000104904175,2.9700000286102295,2.859999895095825,2.930000066757202,1217100,0.0,0.0
2021-09-28,2.950000047683716,2.990000009536743,2.9000000953674316,2.9600000381469727,876300,0.0,0.0
2021-09-29,2.9600000381469727,3.0,2.930000066757202,3.0,1460700,0.0,0.0
2021-09-30,3.0,3.009999990463257,2.950000047683716,2.9600000381469727,1778400,0.0,0.0
2021-10-01,2.990000009536743,3.0299999713897705,2.940000057220459,3.0199999809265137,1310400,0.0,0.0
2021-10-04,3.0299999713897705,3.0899999141693115,3.0,3.049999952316284,832500,0.0,0.0
2021-10-05,3.0999999046325684,3.140000104904175,3.069999933242798,3.119999885559082,1431900,0.0,0.0
2021-10-06,3.0999999046325684,3.1500000953674316,3.0799999237060547,3.119999885559082,2442600,0.0,0.0
2021-10-07,3.1500000953674316,3.1500000953674316,3.0999999046325684,3.109999895095825,473000,0.0,0.0
2021-10-08,3.1600000858306885,3.190000057220459,3.0999999046325684,3.1700000762939453,1807200,0.0,0.0
2021-10-12,3.190000057220459,3.259999990463257,3.190000057220459,3.2300000190734863,2453600,0.0,0.0
2021-10-13,3.25,3.2899999618530273,3.200000047683716,3.2799999713897705,1260000,0.0,0.0
2021-10-14,3.299999952316284,3.5,3.2899999618530273,3.4700000286102295,1996900,0.0,0.0
2021-10-15,3.5399999618530273,3.569999933242798,3.5,3.5399999618530273,2108600,0.0,0.0
2021-10-18,3.569999933242798,3.5799999237060547,3.390000104904175,3.4100000858306885,2015600,0.0,0.0
2021-10-19,3.4000000953674316,3.490000009536743,3.390000104904175,3.4600000381469727,679200,0.0,0.0
2021-10-20,3.430000066757202,3.5,3.4000000953674316,3.4700000286102295,606000,0.0,0.0
2021-10-21,3.490000009536743,3.490000009536743,3.319999933242798,3.4700000286102295,1047900,0.0,0.0
2021-10-22,3.4700000286102295,3.5199999809265137,3.450000047683716,3.5,3320100,0.0,0.0
2021-10-25,3.490000009536743,3.5899999141693115,3.490000009536743,3.5899999141693115,2111700,0.0,0.0
2021-10-26,3.5999999046325684,3.640000104904175,3.559999942779541,3.630000114440918,2339400,0.0,0.0
2021-10-27,3.630000114440918,3.630000114440918,3.5399999618530273,3.569999933242798,1236500,0.0,0.0
2021-10-28,3.609999895095825,3.609999895095825,3.5199999809265137,3.5799999237060547,552200,0.0,0.0
2021-10-29,3.5899999141693115,3.5899999141693115,3.4100000858306885,3.4700000286102295,1131200,0.0,0.0
2021-11-01,3.5,3.5999999046325684,3.5,3.559999942779541,4488800,0.0,0.0
2021-11-02,3.549999952316284,3.6500000953674316,3.5,3.609999895095825,4858100,0.0,0.0
2021-11-03,3.5899999141693115,3.619999885559082,3.440000057220459,3.509999990463257,1282300,0.0,0.0
2021-11-04,3.549999952316284,3.680000066757202,3.549999952316284,3.5999999046325684,2643600,0.0,0.0
2021-11-05,3.6500000953674316,3.6500000953674316,3.5999999046325684,3.609999895095825,1055600,0.0,0.0
2021-11-08,3.640000104904175,3.680000066757202,3.5399999618530273,3.549999952316284,1230100,0.0,0.0
2021-11-09,3.5999999046325684,3.630000114440918,3.4700000286102295,3.619999885559082,610000,0.0,0.0
2021-11-10,3.5899999141693115,3.5999999046325684,3.4200000762939453,3.4600000381469727,1320600,0.0,0.0
2021-11-11,3.450000047683716,3.509999990463257,3.430000066757202,3.450000047683716,535800,0.0,0.0
2021-11-12,3.440000057220459,3.5399999618530273,3.430000066757202,3.4800000190734863,492500,0.0,0.0
2021-11-15,3.450000047683716,3.490000009536743,3.369999885559082,3.450000047683716,773700,0.0,0.0
2021-11-16,3.450000047683716,3.559999942779541,3.450000047683716,3.4600000381469727,346300,0.0,0.0
2021-11-17,3.440000057220459,3.490000009536743,3.369999885559082,3.380000114440918,422200,0.0,0.0
2021-11-18,3.369999885559082,3.4000000953674316,3.319999933242798,3.3499999046325684,316600,0.0,0.0
2021-11-19,3.299999952316284,3.299999952316284,3.190000057220459,3.2100000381469727,2122100,0.0,0.0
2021-11-22,3.1600000858306885,3.2699999809265137,3.1600000858306885,3.2100000381469727,732200,0.0,0.0
2021-11-23,3.240000009536743,3.309999942779541,3.2100000381469727,3.240000009536743,416600,0.0,0.0
2021-11-24,3.2200000286102295,3.390000104904175,3.2200000286102295,3.3499999046325684,510900,0.0,0.0
2021-11-25,3.3499999046325684,3.390000104904175,3.2899999618530273,3.299999952316284,544400,0.0,0.0
2021-11-26,3.0999999046325684,3.200000047683716,3.0,3.180000066757202,892700,0.0,0.0
2021-11-29,3.200000047683716,3.2200000286102295,3.069999933242798,3.0899999141693115,1851600,0.0,0.0
2021-11-30,3.049999952316284,3.0999999046325684,2.880000114440918,2.9200000762939453,6483900,0.0,0.0
2021-12-01,2.990000009536743,3.0399999618530273,2.7899999618530273,2.809999942779541,2010800,0.0,0.0
2021-12-02,2.7799999713897705,2.859999895095825,2.7200000286102295,2.809999942779541,1398300,0.0,0.0
2021-12-03,2.8499999046325684,2.880000114440918,2.7200000286102295,2.7699999809265137,940000,0.0,0.0
2021-12-06,2.7699999809265137,2.8399999141693115,2.7300000190734863,2.809999942779541,1054800,0.0,0.0
2021-12-07,2.8499999046325684,2.9800000190734863,2.8499999046325684,2.9600000381469727,1051200,0.0,0.0
2021-12-08,2.9700000286102295,2.9700000286102295,2.8299999237060547,2.890000104904175,630500,0.0,0.0
2021-12-09,2.859999895095825,2.890000104904175,2.819999933242798,2.8499999046325684,964500,0.0,0.0
2021-12-10,2.880000114440918,2.890000104904175,2.7799999713897705,2.8499999046325684,425300,0.0,0.0
2021-12-13,2.8399999141693115,2.8399999141693115,2.680000066757202,2.700000047683716,598500,0.0,0.0
2021-12-14,2.700000047683716,2.799999952316284,2.630000114440918,2.6500000953674316,932500,0.0,0.0
2021-12-15,2.640000104904175,2.7100000381469727,2.559999942779541,2.6700000762939453,1356400,0.0,0.0
2021-12-16,2.700000047683716,2.759999990463257,2.5999999046325684,2.619999885559082,722200,0.0,0.0
2021-12-17,2.5899999141693115,2.619999885559082,2.5299999713897705,2.5799999237060547,559500,0.0,0.0
2021-12-20,2.5,2.549999952316284,2.4600000381469727,2.5199999809265137,1020500,0.0,0.0
2021-12-21,2.549999952316284,2.7100000381469727,2.549999952316284,2.680000066757202,621200,0.0,0.0
2021-12-22,2.6700000762939453,2.7899999618530273,2.619999885559082,2.75,818700,0.0,0.0
2021-12-23,2.75,2.75,2.6700000762939453,2.6700000762939453,260400,0.0,0.0
2021-12-24,2.680000066757202,2.700000047683716,2.6500000953674316,2.680000066757202,154100,0.0,0.0
2021-12-29,2.6700000762939453,2.7799999713897705,2.6600000858306885,2.7100000381469727,519800,0.0,0.0
2021-12-30,2.7200000286102295,2.75,2.680000066757202,2.700000047683716,417400,0.0,0.0
2021-12-31,2.690000057220459,2.7799999713897705,2.690000057220459,2.7699999809265137,415900,0.0,0.0
2022-01-04,2.809999942779541,3.0399999618530273,2.809999942779541,3.0299999713897705,1262700,0.0,0.0
2022-01-05,3.049999952316284,3.0999999046325684,2.9200000762939453,2.950000047683716,920900,0.0,0.0
2022-01-06,3.009999990463257,3.0399999618530273,2.9100000858306885,3.0399999618530273,1046600,0.0,0.0
2022-01-07,3.049999952316284,3.059999942779541,2.9800000190734863,2.9800000190734863,579600,0.0,0.0
2022-01-10,3.0,3.0299999713897705,2.940000057220459,3.009999990463257,481200,0.0,0.0
2022-01-11,3.0799999237060547,3.1700000762939453,3.049999952316284,3.130000114440918,1441900,0.0,0.0
2022-01-12,3.1500000953674316,3.2200000286102295,3.109999895095825,3.2200000286102295,5537300,0.0,0.0
2022-01-13,3.2300000190734863,3.2300000190734863,3.1500000953674316,3.1700000762939453,716400,0.0,0.0
2022-01-14,3.1500000953674316,3.2799999713897705,3.130000114440918,3.2799999713897705,871400,0.0,0.0
2022-01-17,3.299999952316284,3.359999895095825,3.2799999713897705,3.3299999237060547,2069800,0.0,0.0
2022-01-18,3.390000104904175,3.390000104904175,3.2200000286102295,3.2699999809265137,1730700,0.0,0.0
2022-01-19,3.2699999809265137,3.2899999618530273,3.1600000858306885,3.2100000381469727,1715800,0.0,0.0
2022-01-20,3.200000047683716,3.319999933242798,3.200000047683716,3.299999952316284,1307300,0.0,0.0
2022-01-21,3.2100000381469727,3.2899999618530273,3.1700000762939453,3.240000009536743,1187800,0.0,0.0
2022-01-24,3.049999952316284,3.299999952316284,3.0299999713897705,3.2799999713897705,1618400,0.0,0.0
2022-01-25,3.240000009536743,3.4100000858306885,3.190000057220459,3.380000114440918,1189200,0.0,0.0
2022-01-26,3.450000047683716,3.490000009536743,3.3299999237060547,3.4000000953674316,2693200,0.0,0.0
2022-01-27,3.4700000286102295,3.5399999618530273,3.4000000953674316,3.490000009536743,1573200,0.0,0.0
2022-01-28,3.4700000286102295,3.5799999237060547,3.4700000286102295,3.549999952316284,1034600,0.0,0.0
2022-01-31,3.5399999618530273,3.5999999046325684,3.490000009536743,3.559999942779541,1261200,0.0,0.0
2022-02-01,3.5199999809265137,3.6600000858306885,3.509999990463257,3.630000114440918,1005500,0.0,0.0
2022-02-02,3.630000114440918,3.6600000858306885,3.509999990463257,3.5399999618530273,873500,0.0,0.0
2022-02-03,3.5199999809265137,3.5399999618530273,3.4600000381469727,3.5299999713897705,724800,0.0,0.0
2022-02-04,3.5399999618530273,3.6600000858306885,3.5299999713897705,3.5999999046325684,2388000,0.0,0.0
2022-02-07,3.5799999237060547,3.5899999141693115,3.5,3.5199999809265137,1119200,0.0,0.0
2022-02-08,3.5,3.5,3.25,3.2699999809265137,2362900,0.0,0.0
2022-02-09,3.3499999046325684,3.359999895095825,3.2799999713897705,3.3399999141693115,1541200,0.0,0.0
2022-02-10,3.3299999237060547,3.549999952316284,3.319999933242798,3.390000104904175,1564900,0.0,0.0
2022-02-11,3.430000066757202,3.5199999809265137,3.4200000762939453,3.4800000190734863,1433200,0.0,0.0
2022-02-14,3.4600000381469727,3.5299999713897705,3.440000057220459,3.4700000286102295,1016700,0.0,0.0
2022-02-15,3.4100000858306885,3.6500000953674316,3.4100000858306885,3.609999895095825,1799000,0.0,0.0
2022-02-16,3.5999999046325684,3.7799999713897705,3.5999999046325684,3.680000066757202,5395500,0.0,0.0
2022-02-17,3.6600000858306885,3.6600000858306885,3.549999952316284,3.609999895095825,753700,0.0,0.0
2022-02-18,3.549999952316284,3.619999885559082,3.5199999809265137,3.5399999618530273,1040800,0.0,0.0
2022-02-22,3.5999999046325684,3.609999895095825,3.3499999046325684,3.4100000858306885,1132600,0.0,0.0
2022-02-23,3.440000057220459,3.490000009536743,3.359999895095825,3.359999895095825,901400,0.0,0.0
2022-02-24,3.450000047683716,3.490000009536743,3.119999885559082,3.2899999618530273,2419800,0.0,0.0
2022-02-25,3.299999952316284,3.3299999237060547,3.2200000286102295,3.2899999618530273,4180600,0.0,0.0
2022-02-28,3.2699999809265137,3.450000047683716,3.2699999809265137,3.4100000858306885,896300,0.0,0.0
2022-03-01,3.440000057220459,3.4600000381469727,3.2699999809265137,3.2799999713897705,1433300,0.0,0.0
2022-03-02,3.3299999237060547,3.359999895095825,3.180000066757202,3.2699999809265137,3452600,0.0,0.0
2022-03-03,3.2699999809265137,3.2799999713897705,3.1600000858306885,3.1700000762939453,1165200,0.0,0.0
2022-03-04,3.180000066757202,3.2899999618530273,3.130000114440918,3.259999990463257,1661800,0.0,0.0
2022-03-07,3.2699999809265137,3.450000047683716,3.25,3.430000066757202,1325400,0.0,0.0
2022-03-08,3.4700000286102295,3.5799999237060547,3.359999895095825,3.4000000953674316,3161800,0.0,0.0
2022-03-09,3.309999942779541,3.450000047683716,3.259999990463257,3.359999895095825,1619200,0.0,0.0
2022-03-10,3.4000000953674316,3.4000000953674316,3.2799999713897705,3.380000114440918,641700,0.0,0.0
2022-03-11,3.359999895095825,3.380000114440918,3.2699999809265137,3.2699999809265137,637200,0.0,0.0
2022-03-14,3.25,3.259999990463257,3.0899999141693115,3.1500000953674316,989100,0.0,0.0
2022-03-15,3.0399999618530273,3.1700000762939453,2.9800000190734863,3.0999999046325684,564300,0.0,0.0
2022-03-16,3.130000114440918,3.2300000190734863,3.119999885559082,3.1700000762939453,431300,0.0,0.0
2022-03-17,3.259999990463257,3.309999942779541,3.180000066757202,3.2100000381469727,1096500,0.0,0.0
2022-03-18,3.2300000190734863,3.319999933242798,3.2100000381469727,3.319999933242798,579300,0.0,0.0
2022-03-21,3.3399999141693115,3.369999885559082,3.2699999809265137,3.3399999141693115,701400,0.0,0.0
2022-03-22,3.3499999046325684,3.359999895095825,3.2699999809265137,3.2699999809265137,489600,0.0,0.0
2022-03-23,3.3299999237060547,3.5199999809265137,3.2899999618530273,3.509999990463257,1290700,0.0,0.0
2022-03-24,3.4700000286102295,3.549999952316284,3.4700000286102295,3.4800000190734863,1686000,0.0,0.0
2022-03-25,3.4800000190734863,3.619999885559082,3.440000057220459,3.609999895095825,801600,0.0,0.0
2022-03-28,3.5399999618530273,3.5799999237060547,3.490000009536743,3.5399999618530273,553700,0.0,0.0
2022-03-29,3.509999990463257,3.609999895095825,3.4000000953674316,3.569999933242798,869200,0.0,0.0
2022-03-30,3.5999999046325684,3.7200000286102295,3.5999999046325684,3.700000047683716,4101000,0.0,0.0
2022-03-31,3.6600000858306885,3.7200000286102295,3.640000104904175,3.7200000286102295,2238000,0.0,0.0
2022-04-01,3.7100000381469727,3.75,3.690000057220459,3.75,2220500,0.0,0.0
2022-04-04,3.799999952316284,3.880000114440918,3.7699999809265137,3.8499999046325684,1868500,0.0,0.0
2022-04-05,3.799999952316284,3.869999885559082,3.700000047683716,3.7200000286102295,792400,0.0,0.0
2022-04-06,3.7200000286102295,3.7300000190734863,3.609999895095825,3.6700000762939453,960200,0.0,0.0
2022-04-07,3.6700000762939453,3.75,3.619999885559082,3.680000066757202,552900,0.0,0.0
2022-04-08,3.690000057220459,4.070000171661377,3.690000057220459,4.050000190734863,2105600,0.0,0.0
2022-04-11,3.950000047683716,4.090000152587891,3.950000047683716,4.079999923706055,887900,0.0,0.0
2022-04-12,4.170000076293945,4.300000190734863,4.110000133514404,4.150000095367432,2762700,0.0,0.0
2022-04-13,4.210000038146973,4.340000152587891,4.179999828338623,4.269999980926514,979800,0.0,0.0
2022-04-14,4.269999980926514,4.429999828338623,4.210000038146973,4.309999942779541,840700,0.0,0.0
2022-04-18,4.360000133514404,4.570000171661377,4.360000133514404,4.489999771118164,972500,0.0,0.0
2022-04-19,4.489999771118164,4.619999885559082,4.429999828338623,4.590000152587891,1408400,0.0,0.0
2022-04-20,4.639999866485596,4.75,4.579999923706055,4.599999904632568,1043000,0.0,0.0
2022-04-21,4.690000057220459,4.690000057220459,4.329999923706055,4.369999885559082,1315800,0.0,0.0
2022-04-22,4.309999942779541,4.440000057220459,4.28000020980835,4.309999942779541,1343800,0.0,0.0
2022-04-25,4.21999979019165,4.550000190734863,4.210000038146973,4.369999885559082,2106900,0.0,0.0
2022-04-26,4.449999809265137,4.519999980926514,4.230000019073486,4.230000019073486,1432700,0.0,0.0
2022-04-27,4.230000019073486,4.380000114440918,4.110000133514404,4.369999885559082,1749300,0.0,0.0
2022-04-28,4.369999885559082,4.46999979019165,4.300000190734863,4.420000076293945,902600,0.0,0.0
2022-04-29,4.440000057220459,4.510000228881836,4.389999866485596,4.480000019073486,840200,0.0,0.0
2022-05-02,4.449999809265137,4.460000038146973,4.25,4.340000152587891,864300,0.0,0.0
2022-05-03,4.349999904632568,4.53000020980835,4.349999904632568,4.53000020980835,853200,0.0,0.0
2022-05-04,4.550000190734863,4.679999828338623,4.440000057220459,4.659999847412109,1110000,0.0,0.0
2022-05-05,4.71999979019165,4.769999980926514,4.400000095367432,4.579999923706055,1175500,0.0,0.0
2022-05-06,4.590000152587891,4.590000152587891,4.429999828338623,4.519999980926514,934400,0.0,0.0
2022-05-09,4.429999828338623,4.429999828338623,4.119999885559082,4.150000095367432,998500,0.0,0.0
2022-05-10,4.179999828338623,4.25,4.050000190734863,4.119999885559082,1029453,0.0,0.0
