Date,Open,High,Low,Close,Volume,Dividends,Stock Splits
1994-09-16,2.397819988703421,2.5331812937749385,2.3591459465828533,2.5138437747955322,3978450,0.0,0.0
1994-09-19,2.513844170754361,2.513844170754361,2.4171578884124756,2.4171578884124756,1538550,0.0,0.0
1994-09-20,2.4171574745293714,2.436494827270508,2.397819955815196,2.436494827270508,594900,0.0,0.0
1994-09-21,2.4171577916347173,2.4171577916347173,2.3204713471908804,2.339808702468872,650250,0.0,0.0
1994-09-22,2.3398083613139318,2.378483232203999,2.3398083613139318,2.3591458797454834,107100,0.0,0.0
1994-09-23,2.339808702468872,2.359146223719924,2.3204713471908804,2.339808702468872,114300,0.0,0.0
1994-09-26,2.33980872436085,2.33980872436085,2.223784923553467,2.223784923553467,415800,0.0,0.0
1994-09-27,2.2431224239980954,2.339808702468872,2.2431224239980954,2.339808702468872,220050,0.0,0.0
1994-09-28,2.359146223719924,2.359146223719924,2.3204713471908804,2.339808702468872,354150,0.0,0.0
1994-09-29,2.359146178948244,2.3978202248780334,2.3398086580641784,2.378483533859253,84150,0.0,0.0
1994-09-30,2.4171574745293714,2.4558321800116443,2.3591459142250772,2.436494827270508,164250,0.0,0.0
1994-10-03,2.4558324555841167,2.4558324555841167,2.378483533859253,2.378483533859253,53550,0.0,0.0
1994-10-04,2.3978202703836655,2.3978202703836655,2.339808702468872,2.339808702468872,116550,0.0,0.0
1994-10-05,2.3204712867736816,2.339808641548194,2.301134595891393,2.3204712867736816,245700,0.0,0.0
1994-10-06,2.301134451756796,2.301134451756796,2.281796932220459,2.281796932220459,126900,0.0,0.0
1994-10-07,2.3011326789855957,2.3011326789855957,2.3011326789855957,2.3011326789855957,22950,0.0,0.0
1994-10-10,2.281797350470225,2.281797350470225,2.243122636254629,2.2624599933624268,279450,0.0,0.0
1994-10-11,2.281797533401964,2.281797533401964,2.2431228160858154,2.2431228160858154,138600,0.0,0.0
1994-10-12,2.223784923553467,2.2431224449854463,2.223784923553467,2.223784923553467,116100,0.0,0.0
1994-10-13,2.2431204970147203,2.3011326789855957,2.2431204970147203,2.3011326789855957,135000,0.0,0.0
1994-10-14,2.281797350470225,2.281797350470225,2.243122636254629,2.2624599933624268,107550,0.0,0.0
1994-10-17,2.281795174346692,2.320469353759911,2.281795174346692,2.3011326789855957,214650,0.0,0.0
1994-10-18,2.301134595891393,2.3204712867736816,2.301134595891393,2.3204712867736816,65700,0.0,0.0
1994-10-19,2.281797350470225,2.301134873551099,2.2624599933624268,2.2624599933624268,46350,0.0,0.0
1994-10-20,2.26246017474389,2.26246017474389,2.2431228160858154,2.2431228160858154,28800,0.0,0.0
1994-10-21,2.2431228160858154,2.26246017474389,2.2431228160858154,2.2431228160858154,102600,0.0,0.0
1994-10-24,2.243121921997118,2.243121921997118,2.146435499191284,2.146435499191284,327600,0.0,0.0
1994-10-25,2.1464357262744276,2.1464357262744276,2.1077615182011895,2.12709903717041,70650,0.0,0.0
1994-10-26,2.107761295209601,2.146435499191284,2.107761295209601,2.146435499191284,45450,0.0,0.0
1994-10-27,2.14643603593768,2.165773391723633,2.1270993440439856,2.165773391723633,65250,0.0,0.0
1994-10-28,2.1270993440439856,2.165773391723633,2.1270993440439856,2.165773391723633,166500,0.0,0.0
1994-10-31,2.1657735397695888,2.281797350470225,2.1657735397695888,2.2624599933624268,184950,0.0,0.0
1994-11-01,2.2817966464506814,2.397819757461548,2.262459295309179,2.397819757461548,328950,0.0,0.0
1994-11-02,2.3784830702121442,2.4171572745760748,2.3784830702121442,2.397819757461548,134100,0.0,0.0
1994-11-03,2.4171572745760748,2.4171572745760748,2.397819757461548,2.397819757461548,157050,0.0,0.0
1994-11-04,2.436495244464693,2.436495244464693,2.397820366387191,2.4171578884124756,38700,0.0,0.0
1994-11-07,2.3978202248780334,2.417157745762099,2.378483533859253,2.378483533859253,276750,0.0,0.0
1994-11-08,2.3978202248780334,2.3978202248780334,2.378483533859253,2.378483533859253,218700,0.0,0.0
1994-11-09,2.378483578997915,2.378483578997915,2.3204713471908804,2.339808702468872,230850,0.0,0.0
1994-11-10,2.3591464469552648,2.4171580203594307,2.2624599933624268,2.2624599933624268,366300,0.0,0.0
1994-11-11,2.281796932220459,2.281796932220459,2.2624595786571673,2.281796932220459,82800,0.0,0.0
1994-11-14,2.281795174346692,2.3011326789855957,2.262457835680706,2.3011326789855957,115650,0.0,0.0
1994-11-15,2.281795174346692,2.320469353759911,2.281795174346692,2.3011326789855957,126000,0.0,0.0
1994-11-16,2.2624584945981736,2.2624584945981736,2.1657721050551757,2.1851096153259277,207450,0.0,0.0
1994-11-17,2.16577285014166,2.2044477180154356,2.146435499191284,2.146435499191284,63450,0.0,0.0
1994-11-18,2.1657730792706076,2.1657730792706076,2.12709903717041,2.12709903717041,53550,0.0,0.0
1994-11-21,2.12709903717041,2.12709903717041,2.12709903717041,2.12709903717041,1350,0.0,0.0
1994-11-22,2.1077613431742175,2.1077613431742175,2.0110750841411957,2.030412435531616,83250,0.0,0.0
1994-11-23,1.9917379617691042,1.9917379617691042,1.9724006065437976,1.991737961769104,136800,0.0,0.0
1994-11-25,1.9530636192524597,1.9724003076553343,1.933726100984412,1.9724003076553345,182250,0.0,0.0
1994-11-28,2.0110754829674704,2.0110754829674704,1.9917379617691042,1.991737961769104,36000,0.0,0.0
1994-11-29,1.9917376599503476,1.9917376599503476,1.9724003076553343,1.9724003076553345,18450,0.0,0.0
1994-11-30,1.9917375030913018,2.011075019836426,1.9724001523191994,2.011075019836426,77400,0.0,0.0
1994-12-01,1.9917379617691042,1.9917379617691042,1.9917379617691042,1.991737961769104,2250,0.0,0.0
1994-12-02,2.0110754829674704,2.0110754829674704,1.9917379617691042,1.991737961769104,8100,0.0,0.0
1994-12-05,2.0110754829674704,2.0110754829674704,1.9917379617691042,1.991737961769104,42750,0.0,0.0
1994-12-06,2.0110754113245872,2.0304127658610165,1.9530638456344604,1.9530638456344604,35550,0.0,0.0
1994-12-07,1.953063282084031,1.953063282084031,1.9143884181976318,1.9143884181976318,52200,0.0,0.0
1994-12-08,1.9143889529067135,1.9143889529067135,1.8950515985488892,1.8950515985488892,63450,0.0,0.0
1994-12-09,1.8757147106411252,1.8757147106411252,1.7403541803359985,1.7403541803359985,179550,0.0,0.0
1994-12-12,1.7403531406869635,1.7790280053119154,1.6630042413021056,1.7016782760620117,238050,0.0,0.0
1994-12-13,1.6861741069118126,1.724936410741563,1.6861741069118126,1.7055548429489136,67050,0.005556,0.0
1994-12-14,1.7055548429489136,1.744317812183103,1.7055548429489136,1.7055548429489136,264150,0.0,0.0
1994-12-15,1.666793238270416,1.744318369764605,1.6280302566454141,1.7249369621276855,612450,0.0,0.0
1994-12-16,1.7443182615241097,1.8218433882076182,1.7443182615241097,1.8024619817733765,232650,0.0,0.0
1994-12-19,1.8218437964807275,1.9381319284439087,1.8024623857031339,1.9381319284439087,220050,0.0,0.0
1994-12-20,1.938131092473699,1.9575126612426692,1.8993682876379951,1.9187496900558472,86850,0.0,0.0
1994-12-21,1.9187496002982196,2.0350376766632285,1.9187496002982196,1.9768933057785034,179100,0.0,0.0
1994-12-22,1.9962749481201172,1.9962749481201172,1.9768935442707418,1.9962749481201172,56250,0.0,0.0
1994-12-23,2.015656589847627,2.0350379943847656,2.015656589847627,2.0350379943847656,19350,0.0,0.0
1994-12-27,2.0350385348190767,2.0544192790985107,2.0350385348190767,2.0544192790985107,4500,0.0,0.0
1994-12-28,2.0544183696380305,2.0544183696380305,2.0156562328338623,2.0156562328338623,21150,0.0,0.0
1994-12-29,2.0156562751520237,2.0156562751520237,1.9768933057785034,1.9768933057785034,127800,0.0,0.0
1994-12-30,1.9768938352458312,1.9768938352458312,1.938131520895123,1.9575130939483643,127350,0.0,0.0
1995-01-03,1.9575130939483643,1.9575130939483643,1.9575130939483643,1.9575130939483643,4500,0.0,0.0
1995-01-04,1.9381319284439087,1.9381319284439087,1.9381319284439087,1.9381319284439087,40050,0.0,0.0
1995-01-05,1.9381319284439087,1.9381319284439087,1.9381319284439087,1.9381319284439087,51300,0.0,0.0
1995-01-06,1.9381319284439087,1.9381319284439087,1.9381319284439087,1.9381319284439087,450,0.0,0.0
1995-01-09,1.9381310018094244,1.9768933057785034,1.9381310018094244,1.9768933057785034,4950,0.0,0.0
1995-01-10,1.9768935442707418,2.015656518320623,1.9768935442707418,1.9962749481201172,18450,0.0,0.0
1995-01-11,2.0156559578761946,2.15132474899292,2.0156559578761946,2.15132474899292,213300,0.0,0.0
1995-01-12,2.1513249140782484,2.1707063140259724,2.131944179534912,2.131944179534912,72900,0.0,0.0
1995-01-13,2.09318208694458,2.09318208694458,2.0738006789074084,2.09318208694458,44550,0.0,0.0
1995-01-16,2.09318208694458,2.09318208694458,2.0738006789074084,2.09318208694458,53550,0.0,0.0
1995-01-17,2.0931809429804478,2.170706033706665,2.0931809429804478,2.170706033706665,25650,0.0,0.0
1995-01-18,2.1513249140782484,2.1513249140782484,2.1125626132360913,2.131944179534912,43200,0.0,0.0
1995-01-19,2.15132474899292,2.15132474899292,2.112562451125249,2.15132474899292,4500,0.0,0.0
1995-01-20,2.1125636745021588,2.1125636745021588,2.0544192790985107,2.0544192790985107,126450,0.0,0.0
1995-01-23,2.0544192790985107,2.0544192790985107,2.0350385348190767,2.0544192790985107,25200,0.0,0.0
1995-01-24,2.03503763393816,2.0544183696380305,2.0156562328338623,2.0156562328338623,56250,0.0,0.0
1995-01-25,1.9768933057785034,1.9768933057785034,1.9575125696717397,1.9768933057785034,126450,0.0,0.0
1995-01-26,1.9768938352458312,1.9768938352458312,1.9575130939483643,1.9575130939483643,461700,0.0,0.0
1995-01-27,1.9381319284439087,1.9575135055726922,1.9187505176663153,1.9381319284439087,194400,0.0,0.0
1995-01-30,1.9381311882340786,1.9381311882340786,1.8412246704101562,1.8412246704101562,585000,0.0,0.0
1995-01-31,1.8412244765451278,1.8412244765451278,1.821842908859253,1.821842908859253,284850,0.0,0.0
1995-02-01,1.8412249068870674,1.86060631275177,1.8412249068870674,1.86060631275177,425250,0.0,0.0
1995-02-02,1.860605877879894,1.860605877879894,1.821842908859253,1.821842908859253,62550,0.0,0.0
1995-02-03,1.821842908859253,1.821842908859253,1.821842908859253,1.821842908859253,117900,0.0,0.0
1995-02-06,1.8412249068870674,1.86060631275177,1.8024619288065145,1.86060631275177,172800,0.0,0.0
1995-02-07,1.8412246704101562,1.8606060737856165,1.8412246704101562,1.8412246704101562,60750,0.0,0.0
1995-02-08,1.8412244765451278,1.8412244765451278,1.821842908859253,1.821842908859253,139950,0.0,0.0
1995-02-09,1.821842908859253,1.8412244765451278,1.8024615075244868,1.821842908859253,18450,0.0,0.0
1995-02-10,1.7830812407437453,1.8024619817733765,1.7830812407437453,1.8024619817733765,320400,0.0,0.0
1995-02-13,1.783081223360913,1.783081223360913,1.7636996507644653,1.7636996507644653,41400,0.0,0.0
1995-02-14,1.7636996679583512,1.8024619817733765,1.7636996679583512,1.8024619817733765,402300,0.0,0.0
1995-02-15,1.8024623857031339,1.9381319284439087,1.8024623857031339,1.9381319284439087,266400,0.0,0.0
1995-02-16,1.9187505176663153,1.9575135055726922,1.9187505176663153,1.9381319284439087,32400,0.0,0.0
1995-02-17,1.9187496900558472,1.9187496900558472,1.9187496900558472,1.9187496900558472,17100,0.0,0.0
1995-02-21,1.938131334222086,1.938131334222086,1.8993685245513916,1.8993685245513916,214650,0.0,0.0
1995-02-22,1.9187498317760063,1.9962749481201172,1.9187498317760063,1.9962749481201172,38250,0.0,0.0
1995-02-23,1.9768933057785034,1.9768933057785034,1.9768933057785034,1.9768933057785034,14400,0.0,0.0
1995-02-24,1.9575125696717397,1.9768933057785034,1.9575125696717397,1.9768933057785034,36000,0.0,0.0
1995-02-27,1.9768933057785034,1.9768933057785034,1.9768933057785034,1.9768933057785034,549450,0.0,0.0
1995-02-28,1.9768931798744889,2.0737998485565186,1.9768931798744889,2.0737998485565186,60750,0.0,0.0
1995-03-01,2.1513252008299806,2.209469574774356,2.112562894821167,2.112562894821167,291600,0.0,0.0
1995-03-02,2.1125636745021588,2.1125636745021588,2.0156571251349207,2.0544192790985107,53550,0.0,0.0
1995-03-03,2.073799545535587,2.170706033706665,2.073799545535587,2.170706033706665,241650,0.0,0.0
1995-03-06,2.1357582881856274,2.1357582881856274,2.096925973892212,2.096925973892212,95400,0.005556,0.0
1995-03-07,2.077509900069856,2.096925973892212,2.077509900069856,2.096925973892212,55800,0.0,0.0
1995-03-08,2.0775111752676376,2.0775111752676376,1.980431079864502,1.980431079864502,227250,0.0,0.0
1995-03-09,1.9998471656046515,1.9998471656046515,1.980431079864502,1.980431079864502,47700,0.0,0.0
1995-03-10,1.9804304976125786,2.0192628243248745,1.9804304976125786,1.9998465776443481,48600,0.0,0.0
1995-03-13,2.0192628046635086,2.0386788845062256,1.9998465581720364,2.0386788845062256,28800,0.0,0.0
1995-03-14,2.03867885015622,2.0580942630767822,2.03867885015622,2.0580942630767822,52200,0.0,0.0
1995-03-15,2.0580942630767822,2.0580942630767822,2.0580942630767822,2.0580942630767822,48150,0.0,0.0
1995-03-16,2.058094297753921,2.058094297753921,2.0386788845062256,2.0386788845062256,56250,0.0,0.0
1995-03-17,2.038678870388191,2.038678870388191,2.0192627906799316,2.0192627906799316,27900,0.0,0.0
1995-03-20,2.0386789043566442,2.0386789043566442,1.9998465776443481,1.9998465776443481,18900,0.0,0.0
1995-03-21,1.9804303459089732,1.9804303459089732,1.863934874534607,1.863934874534607,1128600,0.0,0.0
1995-03-22,1.8639344600061067,1.941598256965772,1.8639344600061067,1.9027661085128784,117450,0.0,0.0
1995-03-23,1.9221820831298828,1.9221820831298828,1.8833497700406125,1.9221820831298828,15300,0.0,0.0
1995-03-24,1.9415981563501687,1.9415981563501687,1.9221820831298828,1.9221820831298828,109350,0.0,0.0
1995-03-27,1.9415994882583616,1.9415994882583616,1.922183401718931,1.9415994882583618,117000,0.0,0.0
1995-03-28,1.922183401718931,1.9415994882583616,1.922183401718931,1.9415994882583618,132300,0.0,0.0
1995-03-29,1.9221820831298828,1.9221820831298828,1.9221820831298828,1.9221820831298828,8100,0.0,0.0
1995-03-30,1.9027673151795004,1.9415994882583616,1.9027673151795004,1.9415994882583618,81450,0.0,0.0
1995-03-31,1.9415988583583381,1.9610151052474978,1.9415988583583381,1.9610151052474976,38250,0.0,0.0
1995-04-03,1.9610157414466052,1.9804311613907843,1.9415994882583616,1.9415994882583618,31500,0.0,0.0
1995-04-04,1.922182221610666,1.922182221610666,1.8445184230804443,1.8445184230804443,184050,0.0,0.0
1995-04-05,1.8639356420470776,1.9610157414466052,1.8639356420470776,1.9415994882583618,51750,0.0,0.0
1995-04-06,1.961015051501418,2.0580942835014326,1.9415988051444046,2.0192627906799316,52650,0.0,0.0
1995-04-07,1.9804304976125786,1.9998465776443481,1.9610150841758374,1.9998465776443481,41400,0.0,0.0
1995-04-10,2.0192634179936073,2.0192634179936073,1.980431079864502,1.980431079864502,22950,0.0,0.0
1995-04-11,1.9804311613907843,1.9804311613907843,1.922183401718931,1.9415994882583618,40950,0.0,0.0
1995-04-12,1.922183401718931,1.9415994882583616,1.8639356420470776,1.9415994882583618,540450,0.0,0.0
1995-04-13,1.9610156607195766,1.980431079864502,1.9610156607195766,1.980431079864502,121050,0.0,0.0
1995-04-17,1.9804304976125786,1.9998465776443481,1.9610150841758374,1.9998465776443481,160650,0.0,0.0
1995-04-18,2.0192627906799316,2.0580942835014326,2.0192627906799316,2.0192627906799316,60300,0.0,0.0
1995-04-19,1.980431079864502,1.980431079864502,1.941599408330621,1.980431079864502,200700,0.0,0.0
1995-04-20,1.9610151052474978,1.9610151052474978,1.9415988583583381,1.9610151052474976,15750,0.0,0.0
1995-04-21,1.9804304976125786,2.0192628243248745,1.9804304976125786,1.9998465776443481,77400,0.0,0.0
1995-04-24,2.0192628243248745,2.0192628243248745,1.9998465776443481,1.9998465776443481,1800,0.0,0.0
1995-04-25,1.999846599133264,1.999846599133264,1.9610151052474978,1.9610151052474976,55800,0.0,0.0
1995-04-26,1.980431079864502,1.980431079864502,1.980431079864502,1.980431079864502,8550,0.0,0.0
1995-04-27,1.999847066350365,2.1163432417118355,1.999847066350365,2.0775110721588135,97200,0.0,0.0
1995-04-28,2.0775110721588135,2.0775110721588135,2.0386794025521846,2.0775110721588135,91800,0.0,0.0
1995-05-01,2.0775105092411073,2.0775105092411073,2.03867885015622,2.0580942630767822,54900,0.0,0.0
1995-05-02,2.0580942835014326,2.0580942835014326,2.0192627906799316,2.0192627906799316,113850,0.0,0.0
1995-05-03,2.0192627906799316,2.0192627906799316,2.0192627906799316,2.0192627906799316,36900,0.0,0.0
1995-05-04,2.0192627906799316,2.0192627906799316,2.0192627906799316,2.0192627906799316,1800,0.0,0.0
1995-05-05,2.038678870388191,2.038678870388191,1.9804304646146598,2.0192627906799316,32400,0.0,0.0
1995-05-08,1.9998471656046515,1.9998471656046515,1.941599408330621,1.980431079864502,32850,0.0,0.0
1995-05-09,1.9610150841758374,1.9998465776443481,1.9610150841758374,1.9998465776443481,31950,0.0,0.0
1995-05-10,1.9998465443229188,2.038678870388191,1.9998465443229188,2.0192627906799316,36000,0.0,0.0
1995-05-11,2.038678870388191,2.0580942835014326,2.0192627906799316,2.0192627906799316,44550,0.0,0.0
1995-05-12,2.03867885015622,2.0580942630767822,2.0192627706406476,2.0580942630767822,41850,0.0,0.0
1995-05-15,2.058094820733505,2.0775110721588135,2.058094820733505,2.0775110721588135,4950,0.0,0.0
1995-05-16,2.0775099197067477,2.116342067718506,2.0775099197067477,2.116342067718506,53550,0.0,0.0
1995-05-17,2.1163426682722526,2.1163426682722526,2.03867885015622,2.0580942630767822,61650,0.0,0.0
1995-05-18,2.0192628243248745,2.0386789043566442,1.9998465776443481,1.9998465776443481,68400,0.0,0.0
1995-05-19,1.9998465581720364,2.0386788845062256,1.9998465581720364,2.0386788845062256,26100,0.0,0.0
1995-05-22,2.0192627906799316,2.0192627906799316,1.9998465443229188,2.0192627906799316,11250,0.0,0.0
1995-05-23,2.0192628243248745,2.0192628243248745,1.9998465776443481,1.9998465776443481,14400,0.0,0.0
1995-05-24,1.9998465776443481,2.0192628243248745,1.9998465776443481,1.9998465776443481,3150,0.0,0.0
1995-05-25,2.03867885015622,2.0580942630767822,2.0192627706406476,2.0580942630767822,111600,0.0,0.0
1995-05-26,2.061986207962036,2.061986207962036,2.061986207962036,2.061986207962036,51300,0.005556,0.0
1995-05-30,2.061985347984875,2.0814383029937744,2.061985347984875,2.0814383029937744,72450,0.0,0.0
1995-05-31,2.061985347984875,2.0814383029937744,2.061985347984875,2.0814383029937744,77850,0.0,0.0
1995-06-01,2.100889717728076,2.120342493057251,2.100889717728076,2.120342493057251,8550,0.0,0.0
1995-06-02,2.10089111328125,2.10089111328125,2.10089111328125,2.10089111328125,88650,0.0,0.0
1995-06-05,2.120342834754121,2.1397957801818848,2.120342834754121,2.1397957801818848,44100,0.0,0.0
1995-06-06,2.1592501159885593,2.1981558799743652,2.1592501159885593,2.1981558799743652,81000,0.0,0.0
1995-06-07,2.1787004396662524,2.2565112113952637,2.1787004396662524,2.2565112113952637,33300,0.0,0.0
1995-06-08,2.2565120883893117,2.2565120883893117,2.198154237357343,2.217607021331787,69300,0.0,0.0
1995-06-09,2.1981543368295102,2.2759649753570557,2.1981543368295102,2.2759649753570557,25650,0.0,0.0
1995-06-12,2.2370591163635254,2.2370591163635254,2.217607000427598,2.2370591163635254,27900,0.0,0.0
1995-06-13,2.217607021331787,2.217607021331787,2.217607021331787,2.217607021331787,8100,0.0,0.0
1995-06-14,2.198155055111428,2.198155055111428,2.1592493057250977,2.1592493057250977,99000,0.0,0.0
1995-06-15,2.1592493057250977,2.1592493057250977,2.1592493057250977,2.1592493057250977,5400,0.0,0.0
1995-06-16,2.1397957801818848,2.1397957801818848,2.1397957801818848,2.1397957801818848,6300,0.0,0.0
1995-06-19,2.120344224194168,2.178702096936338,2.120344224194168,2.1592493057250977,35550,0.0,0.0
1995-06-20,2.1592475428244597,2.1592475428244597,2.120342493057251,2.120342493057251,58050,0.0,0.0
1995-06-21,2.1397957801818848,2.1592478907909456,2.1397957801818848,2.1397957801818848,30150,0.0,0.0
1995-06-22,2.1397957961379084,2.1787006855010986,2.1397957961379084,2.1787006855010986,52200,0.0,0.0
1995-06-23,2.19815363107392,2.19815363107392,2.1787006855010986,2.1787006855010986,5850,0.0,0.0
1995-06-26,2.178702096936338,2.198155055111428,2.1592493057250977,2.1592493057250977,24300,0.0,0.0
1995-06-27,2.1787006855010986,2.19815363107392,2.1787006855010986,2.1787006855010986,57600,0.0,0.0
1995-06-28,2.15924790689202,2.1787006855010986,2.15924790689202,2.1787006855010986,7650,0.0,0.0
1995-06-29,2.1981558799743652,2.1981558799743652,2.178702914499506,2.1981558799743652,40950,0.0,0.0
1995-06-30,2.217606553662059,2.3148701190948486,2.217606553662059,2.3148701190948486,77400,0.0,0.0
1995-07-03,2.334322690963745,2.334322690963745,2.334322690963745,2.334322690963745,15750,0.0,0.0
1995-07-05,2.3148701190948486,2.3148701190948486,2.2759643923869777,2.3148701190948486,112950,0.0,0.0
1995-07-06,2.334323071083937,2.39268159866333,2.334323071083937,2.39268159866333,69300,0.0,0.0
1995-07-07,2.3926815750557826,2.412133693880466,2.3732287883758545,2.3732287883758545,62100,0.0,0.0
1995-07-10,2.3537758347321156,2.3926815750557826,2.3343230480521875,2.3732287883758545,146250,0.0,0.0
1995-07-11,2.392682047863691,2.4121341705322266,2.392682047863691,2.4121341705322266,39600,0.0,0.0
1995-07-12,2.412133717679939,2.412133717679939,2.39268159866333,2.39268159866333,23850,0.0,0.0
1995-07-13,2.4510385990142822,2.489944326080847,2.4315858189628767,2.4510385990142822,36000,0.0,0.0
1995-07-14,2.4121341705322266,2.4315871280199834,2.373229257339778,2.4121341705322266,60750,0.0,0.0
1995-07-17,2.4315866475242047,2.4315866475242047,2.3732287883758545,2.3732287883758545,29700,0.0,0.0
1995-07-18,2.3732287883758545,2.3732287883758545,2.3732287883758545,2.3732287883758545,25200,0.0,0.0
1995-07-19,2.3732287883758545,2.3732287883758545,2.3732287883758545,2.3732287883758545,68400,0.0,0.0
1995-07-20,2.373229257339778,2.4121341705322266,2.373229257339778,2.4121341705322266,18450,0.0,0.0
1995-07-21,2.4121341705322266,2.4121341705322266,2.4121341705322266,2.4121341705322266,12600,0.0,0.0
1995-07-24,2.4121341705322266,2.4121341705322266,2.392682047863691,2.4121341705322266,33750,0.0,0.0
1995-07-25,2.412133717679939,2.412133717679939,2.39268159866333,2.39268159866333,116550,0.0,0.0
1995-07-26,2.39268159866333,2.412133717679939,2.39268159866333,2.39268159866333,159300,0.0,0.0
1995-07-27,2.392680026187294,2.4510378475585117,2.392680026187294,2.4315850734710693,24750,0.0,0.0
1995-07-28,2.431586646289586,2.48994517326355,2.431586646289586,2.48994517326355,108450,0.0,0.0
1995-07-31,2.4704926013946533,2.4899455580345786,2.451039811718565,2.4704926013946533,147150,0.0,0.0
1995-08-01,2.4704926013946533,2.4704926013946533,2.451039811718565,2.4704926013946533,72900,0.0,0.0
1995-08-02,2.470492219629688,2.48994517326355,2.4510394329596368,2.48994517326355,137700,0.0,0.0
1995-08-03,2.4899455580345786,2.4899455580345786,2.4704926013946533,2.4704926013946533,227700,0.0,0.0
1995-08-04,2.489944326080847,2.489944326080847,2.4510385990142822,2.4510385990142822,37350,0.0,0.0
1995-08-07,2.470492219629688,2.48994517326355,2.4510394329596368,2.48994517326355,15750,0.0,0.0
1995-08-08,2.4899455580345786,2.4899455580345786,2.4704926013946533,2.4704926013946533,192600,0.0,0.0
1995-08-09,2.48994517326355,2.48994517326355,2.48994517326355,2.48994517326355,7200,0.0,0.0
1995-08-10,2.509397292078356,2.509397292078356,2.48994517326355,2.48994517326355,48600,0.0,0.0
1995-08-11,2.509397506713867,2.509397506713867,2.4899453862352687,2.509397506713867,17100,0.0,0.0
1995-08-14,2.5288496017456055,2.5288496017456055,2.5093968187448246,2.5288496017456055,17550,0.0,0.0
1995-08-15,2.528850899894979,2.5677566528320312,2.528850899894979,2.5677566528320312,94050,0.0,0.0
1995-08-16,2.548302314071589,2.626112937927246,2.548302314071589,2.626112937927246,50850,0.0,0.0
1995-08-17,2.6455671787261963,2.6844722616730894,2.626114386806965,2.6455671787261963,123300,0.0,0.0
1995-08-18,2.66502046585083,2.66502046585083,2.6455675045717877,2.66502046585083,9000,0.0,0.0
1995-08-21,2.66502046585083,2.66502046585083,2.6455675045717877,2.66502046585083,30150,0.0,0.0
1995-08-22,2.66502046585083,2.66502046585083,2.6455675045717877,2.66502046585083,8100,0.0,0.0
1995-08-23,2.703924741802698,2.801188356255671,2.703924741802698,2.762282609939575,169650,0.0,0.0
1995-08-24,2.781736135482788,2.801188929137281,2.7622831748644243,2.781736135482788,45000,0.0,0.0
1995-08-25,2.8011878025898995,2.8595456591921176,2.8011878025898995,2.8400933742523193,395550,0.0,0.0
1995-08-28,2.8595469313990423,2.9179054818200822,2.8595469313990423,2.8984525203704834,256050,0.0,0.0
1995-08-29,2.9179041385650635,2.9373564232043043,2.898451186070617,2.9179041385650635,25650,0.0,0.0
1995-08-30,2.92180002565482,2.92180002565482,2.9023211002349854,2.9023211002349854,57600,0.005556,0.0
1995-08-31,2.9217999629679943,2.9412782192230225,2.9217999629679943,2.9412782192230225,54900,0.0,0.0
1995-09-01,2.9412782192230225,2.9412782192230225,2.9217999629679943,2.9412782192230225,47250,0.0,0.0
1995-09-05,2.9217984053842994,2.980234146118164,2.9217984053842994,2.980234146118164,39600,0.0,0.0
1995-09-06,2.9607579401769737,2.999715805053711,2.9607579401769737,2.999715805053711,32850,0.0,0.0
1995-09-07,2.999714582329772,3.0581503527049576,2.999714582329772,3.019193172454834,12600,0.0,0.0
1995-09-08,3.019192289798766,3.038670539855957,3.019192289798766,3.038670539855957,53100,0.0,0.0
1995-09-11,3.019193111973153,3.058150291442871,3.019193111973153,3.058150291442871,23400,0.0,0.0
1995-09-12,3.0581494586598232,3.0971069618942186,3.038670539855957,3.038670539855957,22950,0.0,0.0
1995-09-13,3.0581494586598232,3.0581494586598232,3.038670539855957,3.038670539855957,9000,0.0,0.0
1995-09-14,3.0581494586598232,3.077628043090352,3.038670539855957,3.038670539855957,24300,0.0,0.0
1995-09-15,3.0581494586598232,3.0581494586598232,3.038670539855957,3.038670539855957,12600,0.0,0.0
1995-09-18,3.0581494586598232,3.077628043090352,3.019192289798766,3.038670539855957,27000,0.0,0.0
1995-09-19,3.038671367334583,3.0776288811777297,3.038671367334583,3.058150291442871,82350,0.0,0.0
1995-09-20,3.0581494307153374,3.09710693359375,3.0581494307153374,3.09710693359375,90450,0.0,0.0
1995-09-21,3.1165852119514095,3.1165852119514095,2.9997137053682374,3.038670539855957,310050,0.0,0.0
1995-09-22,2.9997153529783294,3.038672208863315,2.9607574939727783,2.9607574939727783,229500,0.0,0.0
1995-09-25,2.9607568733741347,2.9607568733741347,2.9023211002349854,2.9023211002349854,19350,0.0,0.0
1995-09-26,2.863362718867989,2.902320223566792,2.8438844680786133,2.8438844680786133,124650,0.0,0.0
1995-09-27,2.882843255996704,2.882843255996704,2.824407467719611,2.882843255996704,89100,0.0,0.0
1995-09-28,2.882843255996704,2.882843255996704,2.882843255996704,2.882843255996704,4500,0.0,0.0
1995-09-29,2.863363742828369,2.863363742828369,2.863363742828369,2.863363742828369,18450,0.0,0.0
1995-10-02,2.882843255996704,2.882843255996704,2.8633643255308017,2.882843255996704,56700,0.0,0.0
1995-10-03,2.863363742828369,2.863363742828369,2.863363742828369,2.863363742828369,1350,0.0,0.0
1995-10-04,2.863363742828369,2.863363742828369,2.843885485073422,2.863363742828369,48600,0.0,0.0
1995-10-05,2.882841638404066,2.882841638404066,2.8438844680786133,2.8438844680786133,28800,0.0,0.0
1995-10-06,2.8244078159332275,2.8244078159332275,2.8244078159332275,2.8244078159332275,2700,0.0,0.0
1995-10-09,2.785449971133313,2.785449971133313,2.6296206898042365,2.6685783863067627,69300,0.0,0.0
1995-10-10,2.6490986347198486,2.6490986347198486,2.6490986347198486,2.6490986347198486,4050,0.0,0.0
1995-10-11,2.6490986347198486,2.6490986347198486,2.6490986347198486,2.6490986347198486,14400,0.0,0.0
1995-10-12,2.6490986347198486,2.6490986347198486,2.6490986347198486,2.6490986347198486,4950,0.0,0.0
1995-10-13,2.6685775605369053,2.6685775605369053,2.6490986347198486,2.6490986347198486,13500,0.0,0.0
1995-10-16,2.6490988353312486,2.6490988353312486,2.62962007522583,2.62962007522583,22500,0.0,0.0
1995-10-17,2.6490994544621094,2.6685783863067627,2.6296206898042365,2.6685783863067627,56250,0.0,0.0
1995-10-18,2.668578136457955,2.7075349933791943,2.668578136457955,2.688056230545044,5400,0.0,0.0
1995-10-19,2.688056230545044,2.688056230545044,2.688056230545044,2.688056230545044,1800,0.0,0.0
1995-10-20,2.7075341868957037,2.727013111114502,2.7075341868957037,2.727013111114502,6750,0.0,0.0
1995-10-23,2.688055081854481,2.707533836364746,2.688055081854481,2.707533836364746,900,0.0,0.0
1995-10-24,2.6880556504203157,2.6880556504203157,2.6490986347198486,2.6490986347198486,9000,0.0,0.0
1995-10-25,2.6490986347198486,2.6490986347198486,2.6490986347198486,2.6490986347198486,41400,0.0,0.0
1995-10-26,2.6490988353312486,2.6490988353312486,2.62962007522583,2.62962007522583,49050,0.0,0.0
1995-10-27,2.6101410388946533,2.6101410388946533,2.6101410388946533,2.6101410388946533,5850,0.0,0.0
1995-10-30,2.571184150727679,2.5906622409820557,2.571184150727679,2.5906622409820557,36000,0.0,0.0
1995-10-31,2.5906622409820557,2.610141167170094,2.5906622409820557,2.5906622409820557,18000,0.0,0.0
1995-11-01,2.590662191642137,2.6490986347198486,2.590662191642137,2.6490986347198486,61200,0.0,0.0
1995-11-02,2.6490986347198486,2.6490986347198486,2.6490986347198486,2.6490986347198486,0,0.0,0.0
1995-11-03,2.62962007522583,2.62962007522583,2.610141315120412,2.62962007522583,9450,0.0,0.0
1995-11-06,2.62962007522583,2.62962007522583,2.62962007522583,2.62962007522583,3150,0.0,0.0
1995-11-07,2.62962007522583,2.62962007522583,2.62962007522583,2.62962007522583,2250,0.0,0.0
1995-11-08,2.610141315120412,2.62962007522583,2.610141315120412,2.62962007522583,15300,0.0,0.0
1995-11-09,2.62962007522583,2.62962007522583,2.610141315120412,2.62962007522583,12150,0.0,0.0
1995-11-10,2.6490984173596015,2.727013111114502,2.6490984173596015,2.727013111114502,31500,0.0,0.0
1995-11-13,2.727013388432742,2.7464921474456787,2.727013388432742,2.7464921474456787,27900,0.0,0.0
1995-11-14,2.7464921474456787,2.7464921474456787,2.7464921474456787,2.7464921474456787,1800,0.0,0.0
1995-11-15,2.7464921474456787,2.7464921474456787,2.7464921474456787,2.7464921474456787,8550,0.0,0.0
1995-11-16,2.7464929537864133,2.785449981689453,2.7464929537864133,2.785449981689453,17550,0.0,0.0
1995-11-17,2.7659702377116853,2.7659702377116853,2.7464921474456787,2.7464921474456787,23850,0.0,0.0
1995-11-20,2.7659702377116853,2.7659702377116853,2.7464921474456787,2.7464921474456787,12600,0.0,0.0
1995-11-21,2.7854482110304084,2.8438844680786133,2.7854482110304084,2.8438844680786133,17100,0.0,0.0
1995-11-22,2.843886063811975,2.882843255996704,2.843886063811975,2.882843255996704,59400,0.0,0.0
1995-11-24,2.9217999629679943,2.9412782192230225,2.9217999629679943,2.9412782192230225,12600,0.0,0.0
1995-11-27,2.9412782192230225,2.9412782192230225,2.9412782192230225,2.9412782192230225,2700,0.0,0.0
1995-11-28,2.9412782192230225,2.9412782192230225,2.9217999629679943,2.9412782192230225,9000,0.0,0.0
1995-11-29,2.92180002565482,2.92180002565482,2.9023211002349854,2.9023211002349854,34650,0.0,0.0
1995-11-30,2.9023226313815136,2.941279834026504,2.9023226313815136,2.9218015670776367,100350,0.0,0.0
1995-12-01,2.9218006380877926,2.980236423475554,2.9218006380877926,2.9607574939727783,138150,0.0,0.0
1995-12-04,2.9412782823277515,2.9412782823277515,2.9023211002349854,2.9023211002349854,12150,0.0,0.0
1995-12-05,2.9217999629679943,2.9412782192230225,2.902321037966077,2.9412782192230225,11700,0.0,0.0
1995-12-06,2.9412782192230225,2.9412782192230225,2.9412782192230225,2.9412782192230225,0,0.0,0.0
1995-12-07,2.9218010784209523,2.999715805053711,2.9218010784209523,2.999715805053711,55350,0.0,0.0
1995-12-08,2.999715805053711,2.999715805053711,2.999715805053711,2.999715805053711,4500,0.0,0.0
1995-12-11,3.019193111973153,3.058150291442871,3.019193111973153,3.058150291442871,8550,0.0,0.0
1995-12-12,3.0581494586598232,3.0581494586598232,3.038670539855957,3.038670539855957,26550,0.0,0.0
1995-12-13,3.038671367334583,3.058150291442871,3.038671367334583,3.058150291442871,32400,0.0,0.0
1995-12-14,3.077629566192627,3.077629566192627,3.0581509721222475,3.077629566192627,13050,0.0,0.0
1995-12-15,3.077629566192627,3.1165867543333867,3.077629566192627,3.077629566192627,34650,0.0,0.0
1995-12-18,3.077628043090352,3.0971069618942186,3.038670539855957,3.038670539855957,16200,0.0,0.0
1995-12-19,3.0581494307153374,3.09710693359375,3.0581494307153374,3.09710693359375,30150,0.0,0.0
1995-12-20,3.101008527873251,3.1985244750976562,3.101008527873251,3.1985244750976562,35100,0.005556,0.0
1995-12-21,3.1985252759678233,3.2180280685424805,3.179022148598519,3.2180280685424805,33750,0.0,0.0
1995-12-22,3.2180272627890614,3.2180272627890614,3.1985244750976562,3.1985244750976562,4950,0.0,0.0
1995-12-26,3.198525200655814,3.218027992771261,3.1790220737457275,3.1790220737457275,17100,0.0,0.0
1995-12-27,3.198525200655814,3.198525200655814,3.1790220737457275,3.1790220737457275,11700,0.0,0.0
1995-12-28,3.179021352611688,3.1985244750976562,3.179021352611688,3.1985244750976562,6300,0.0,0.0
1995-12-29,3.1985252759678233,3.237531530706432,3.1985252759678233,3.2180280685424805,13500,0.0,0.0
1996-01-02,3.237531530706432,3.237531530706432,3.1985252759678233,3.2180280685424805,31500,0.0,0.0
1996-01-03,3.198525200655814,3.198525200655814,3.1790220737457275,3.1790220737457275,39600,0.0,0.0
1996-01-04,3.1985254299067063,3.1985254299067063,3.1205122470855713,3.1205122470855713,22950,0.0,0.0
1996-01-05,3.1205122354579573,3.1400153636932373,3.1205122354579573,3.1400153636932373,6300,0.0,0.0
1996-01-08,3.1400153636932373,3.1400153636932373,3.1205122354579573,3.1400153636932373,11250,0.0,0.0
1996-01-09,3.1205122470855713,3.1205122470855713,3.1205122470855713,3.1205122470855713,13050,0.0,0.0
1996-01-10,3.1205122470855713,3.1205122470855713,3.1205122470855713,3.1205122470855713,126450,0.0,0.0
1996-01-11,3.1400153753935234,3.1400153753935234,3.101009453572282,3.1205122470855713,36000,0.0,0.0
1996-01-12,3.1205104824509844,3.1205104824509844,3.1010076999664307,3.1010076999664307,55800,0.0,0.0
1996-01-15,3.120510926742737,3.120510926742737,3.0424981117248535,3.0424981117248535,10800,0.0,0.0
1996-01-16,3.0425003648390256,3.0425003648390256,2.9254815578460693,2.9254815578460693,840600,0.0,0.0
1996-01-17,2.9254815578460693,2.9254815578460693,2.9254815578460693,2.9254815578460693,2700,0.0,0.0
1996-01-18,2.9254815578460693,2.9254815578460693,2.9254815578460693,2.9254815578460693,900,0.0,0.0
1996-01-19,2.9254809668691126,2.9254809668691126,2.866970905602724,2.886474370956421,40500,0.0,0.0
1996-01-22,2.8864733952067514,2.9449827671051025,2.8864733952067514,2.9449827671051025,100800,0.0,0.0
1996-01-23,2.925480106310955,2.9644860211602775,2.8669700622558594,2.8669700622558594,125100,0.0,0.0
1996-01-24,2.8474667072296143,2.8474667072296143,2.808460130530832,2.8474667072296143,215100,0.0,0.0
1996-01-25,2.827964979279436,2.905977501515416,2.827964979279436,2.886474370956421,26100,0.0,0.0
1996-01-26,2.905976519172868,2.9449827671051025,2.905976519172868,2.9449827671051025,5400,0.0,0.0
1996-01-29,2.9449821766511293,3.0424981117248535,2.9449821766511293,3.0424981117248535,44100,0.0,0.0
1996-01-30,3.081504686631056,3.120510926742737,3.0424981117248535,3.0424981117248535,155700,0.0,0.0
1996-01-31,3.062002921418,3.062002921418,3.022996664047241,3.022996664047241,25650,0.0,0.0
1996-02-01,3.022997156136872,3.022997156136872,2.9839905576218704,3.0034940242767334,28350,0.0,0.0
1996-02-02,3.0229948960558466,3.1010076999664307,3.0034917787768194,3.1010076999664307,139500,0.0,0.0
1996-02-05,3.101009231310743,3.1790220737457275,3.101009231310743,3.1790220737457275,31950,0.0,0.0
1996-02-06,3.159518838496139,3.257034814830563,3.1205122470855713,3.1205122470855713,125550,0.0,0.0
1996-02-07,3.1205104824509844,3.1205104824509844,3.1010076999664307,3.1010076999664307,37800,0.0,0.0
1996-02-08,3.1205104824509844,3.1205104824509844,3.081504247892929,3.1010076999664307,18450,0.0,0.0
1996-02-09,3.0815060138702393,3.1205122707823523,3.0620028854141825,3.0815060138702393,45000,0.0,0.0
1996-02-12,3.0815059904696667,3.1205122470855713,3.0815059904696667,3.1205122470855713,20700,0.0,0.0
1996-02-13,3.1205116578373944,3.159518241882324,3.0815054085870646,3.159518241882324,163800,0.0,0.0
1996-02-14,3.159518612041002,3.1790220737457275,3.159518612041002,3.1790220737457275,36000,0.0,0.0
1996-02-15,3.1400147824625595,3.1790217013020894,3.1400147824625595,3.159518241882324,22050,0.0,0.0
1996-02-16,3.159518612041002,3.1790220737457275,3.159518612041002,3.1790220737457275,13950,0.0,0.0
1996-02-20,3.1400153636932373,3.1400153636932373,3.101009442017339,3.1400153636932373,34650,0.0,0.0
1996-02-21,3.159518826723179,3.159518826723179,3.1400153636932373,3.1400153636932373,4950,0.0,0.0
1996-02-22,3.179021352611688,3.1985244750976562,3.179021352611688,3.1985244750976562,69750,0.0,0.0
1996-02-23,3.237532785315807,3.549584283329523,3.237532785315807,3.51057767868042,198900,0.0,0.0
1996-02-26,3.549581521421487,3.7056071490257425,3.549581521421487,3.588587760925293,276300,0.0,0.0
1996-02-27,3.5885884976251052,3.608091621380796,3.4910722092574806,3.5300791263580322,67050,0.0,0.0
1996-02-28,3.491073993954907,3.6470997333526616,3.491073993954907,3.647099733352661,59400,0.0,0.0
1996-02-29,3.64709971102307,3.74461571385093,3.64709971102307,3.7251129150390625,25650,0.0,0.0
1996-03-01,3.7446119710466523,3.7446119710466523,3.6665991798005444,3.6861026287078857,35100,0.0,0.0
1996-03-04,3.6666032759963847,3.764119625091553,3.627597338988946,3.7641196250915527,52650,0.0,0.0
1996-03-05,3.8031234434388193,3.8421293518491813,3.7251106222344514,3.7446134090423584,72450,0.0,0.0
1996-03-06,3.725112915039063,3.74461571385093,3.705609781432442,3.7251129150390625,37350,0.0,0.0
1996-03-07,3.7298009395599365,3.7493282824866108,3.7298009395599365,3.7298009395599365,10800,0.006667,0.0
1996-03-08,3.6712147845087504,3.6712147845087504,3.593104124069214,3.593104124069214,99900,0.0,0.0
1996-03-11,3.632161000919189,3.65168833732605,3.5345223075890146,3.65168833732605,65700,0.0,0.0
1996-03-12,3.6516871193988663,3.6516871193988663,3.593104124069214,3.593104124069214,23850,0.0,0.0
1996-03-13,3.5735752582550044,3.5735752582550044,3.5540479330903336,3.573575258255005,4950,0.0,0.0
1996-03-14,3.593103253851247,3.593103253851247,3.5735752582550044,3.573575258255005,10350,0.0,0.0
1996-03-15,3.5540495059782704,3.612632513046264,3.5540495059782704,3.6126325130462646,27900,0.0,0.0
1996-03-18,3.612634200271168,3.7298009395599365,3.612634200271168,3.7298009395599365,30150,0.0,0.0
1996-03-19,3.749326229095459,3.768854231759425,3.729798896863307,3.749326229095459,47250,0.0,0.0
1996-03-20,3.7883808138100887,3.7883808138100887,3.6907421693280353,3.7102701663970947,92250,0.0,0.0
1996-03-21,3.671213519479594,3.671213519479594,3.5345199108123784,3.534519910812378,47700,0.0,0.0
1996-03-22,3.514992320790064,3.514992320790064,3.495464324951172,3.495464324951172,17550,0.0,0.0
1996-03-25,3.514992320790064,3.514992320790064,3.4759366643280694,3.495464324951172,57600,0.0,0.0
1996-03-26,3.514991917215596,3.554047569193409,3.514991917215596,3.534519910812378,49050,0.0,0.0
1996-03-27,3.5345211660820937,3.554048831398289,3.4564101696014404,3.4564101696014404,107100,0.0,0.0
1996-03-28,3.475937428052315,3.475937428052315,3.397826433181763,3.3978264331817627,21150,0.0,0.0
1996-03-29,3.4173536399955653,3.5735752582550044,3.4173536399955653,3.573575258255005,229500,0.0,0.0
1996-04-01,3.6126329940803714,3.671216008948889,3.6126329940803714,3.65168833732605,62100,0.0,0.0
1996-04-02,3.671216008948889,3.7102720226265244,3.65168833732605,3.65168833732605,34200,0.0,0.0
1996-04-03,3.671216008948889,3.671216008948889,3.65168833732605,3.65168833732605,35550,0.0,0.0
1996-04-04,3.6907452480583167,3.7298009395599365,3.6712172346994616,3.7298009395599365,25650,0.0,0.0
1996-04-08,3.7298009395599365,3.7493282824866108,3.7298009395599365,3.7298009395599365,9900,0.0,0.0
1996-04-09,3.7493247299493455,3.78838038444519,3.7297974055250824,3.7883803844451904,33750,0.0,0.0
1996-04-10,3.8079092217880666,3.9446032047271733,3.8079092217880666,3.944603204727173,133200,0.0,0.0
1996-04-11,3.9250749791459256,3.9641306400299077,3.886019988693599,3.9641306400299072,31950,0.0,0.0
1996-04-12,3.964129842791493,3.9836578369140625,3.905546866071065,3.9836578369140625,33750,0.0,0.0
1996-04-15,3.983660372266455,4.081299064157225,3.983660372266455,4.061771392822266,63000,0.0,0.0
1996-04-16,4.081297552736039,4.081297552736039,4.003186225891113,4.003186225891113,19350,0.0,0.0
1996-04-17,4.042240142822266,4.042240142822266,4.022712151940378,4.042240142822266,23400,0.0,0.0
1996-04-18,4.042240142822266,4.042240142822266,4.003184496274195,4.042240142822266,10350,0.0,0.0
1996-04-19,4.042241889313576,4.042241889313576,4.003186225891113,4.003186225891113,78300,0.0,0.0
1996-04-22,3.9836604080619886,3.9836604080619886,3.925076723098755,3.925076723098755,27450,0.0,0.0
1996-04-23,3.9446032047271733,3.9446032047271733,3.9250752055508604,3.944603204727173,29700,0.0,0.0
1996-04-24,3.9446026227876563,4.081296920776367,3.9250746264922705,4.081296920776367,89100,0.0,0.0
1996-04-25,4.1398812360828305,4.335158915359569,4.1398812360828305,4.315630912780762,110250,0.0,0.0
1996-04-26,4.33515793586941,4.608546222828119,4.315629937702779,4.452323913574219,135000,0.0,0.0
1996-04-29,4.471852548957765,4.510908215640437,4.393741550808297,4.491380214691162,51750,0.0,0.0
1996-04-30,4.491379285076254,4.589018263965915,4.432796300001428,4.530434608459473,83250,0.0,0.0
1996-05-01,4.608546363988681,4.6866573534002685,4.589018700439743,4.628073692321777,101250,0.0,0.0
1996-05-02,4.647603181653724,4.686658856493273,4.413270473480225,4.413270473480225,73350,0.0,0.0
1996-05-03,4.452321700799053,4.452321700799053,4.29610013961792,4.29610013961792,92250,0.0,0.0
1996-05-06,4.25704538375938,4.2765727043151855,4.198461746013429,4.2765727043151855,146700,0.0,0.0
1996-05-07,4.2765749413176675,4.393741607666016,4.2765749413176675,4.393741607666016,84150,0.0,0.0
1996-05-08,4.393739174243869,4.667127352283966,4.393739174243869,4.647599697113037,126900,0.0,0.0
1996-05-09,4.608547465625267,4.745241478359282,4.608547465625267,4.667130470275879,102150,0.0,0.0
1996-05-10,4.628074798626217,4.68665847370867,4.589019797408396,4.667130470275879,152550,0.0,0.0
1996-05-13,4.647601871127958,4.745240527870864,4.647601871127958,4.7061848640441895,48150,0.0,0.0
1996-05-14,4.725712600822383,4.784296265068751,4.725712600822383,4.764768600463867,27000,0.0,0.0
1996-05-15,4.803822040557861,4.842877692350094,4.803822040557861,4.803822040557861,19800,0.0,0.0
1996-05-16,4.8233504024459375,4.940517031555503,4.8233504024459375,4.920989036560059,71550,0.0,0.0
1996-05-17,4.940518255795664,4.9795732498168945,4.940518255795664,4.9795732498168945,151650,0.0,0.0
1996-05-20,4.979573688613467,5.311545692461156,4.979573688613467,5.27249002456665,161550,0.0,0.0
1996-05-21,5.350600490367048,5.487294811511894,5.350600490367048,5.370128154754639,147600,0.0,0.0
1996-05-22,5.370128849589193,5.370128849589193,5.292018181932183,5.3115458488464355,36450,0.0,0.0
1996-05-23,5.311543113970933,5.311543113970933,5.233431816101074,5.233431816101074,26100,0.0,0.0
1996-05-24,5.252961412752117,5.409183395749377,5.252961412752117,5.389656066894531,88650,0.0,0.0
1996-05-28,5.409183102314025,5.467766761779785,5.409183102314025,5.467766761779785,30150,0.0,0.0
1996-05-29,5.702101029140964,5.760684038476447,5.663046360015869,5.663046360015869,179100,0.0,0.0
1996-05-30,5.667737007141113,5.745912384583366,5.648192491793345,5.667737007141113,47700,0.006667,0.0
1996-05-31,5.667736489555789,5.863174915313721,5.667736489555789,5.863174915313721,112500,0.0,0.0
1996-06-03,5.902261642597524,5.9999808285087965,5.902261642597524,5.960893154144287,72450,0.0,0.0
1996-06-04,5.980436991326542,5.980436991326542,5.941348645975073,5.960893154144287,26100,0.0,0.0
1996-06-05,5.980436417467405,5.99998025277431,5.941348075866699,5.941348075866699,61200,0.0,0.0
1996-06-06,5.9218058650647505,5.941349032531565,5.745910647993392,5.765453815460205,74250,0.0,0.0
1996-06-07,5.745912673095595,5.745912673095595,5.550473213195801,5.550473213195801,124200,0.0,0.0
1996-06-10,5.570015574751583,5.628647091627024,5.550471400299592,5.589559078216553,31050,0.0,0.0
1996-06-11,5.609103786215891,5.902263093480991,5.609103786215891,5.784999370574951,100800,0.0,0.0
1996-06-12,5.824087762025618,5.824087762025618,5.667737007141113,5.667737007141113,45000,0.0,0.0
1996-06-13,5.824085148955486,5.882716655731201,5.745909806587868,5.882716655731201,137250,0.0,0.0
1996-06-14,5.921808683204455,6.097703983982931,5.804544925689697,5.804544925689697,137250,0.0,0.0
1996-06-17,5.863173388051939,5.999980921433488,5.84363022155397,5.902261734008789,68850,0.0,0.0
1996-06-18,5.863174347473175,5.9022626998262515,5.784998984741181,5.824086666107178,48150,0.0,0.0
1996-06-19,5.824087054547923,5.863174738520895,5.745911686601979,5.784999370574951,22500,0.0,0.0
1996-06-20,5.785000241739076,5.863175621457462,5.745912551879883,5.745912551879883,22500,0.0,0.0
1996-06-21,5.784999545010549,5.863174915313721,5.784999545010549,5.863174915313721,13500,0.0,0.0
1996-06-24,5.863174915313721,5.902263271452452,5.863174915313721,5.863174915313721,7650,0.0,0.0
1996-06-25,5.94135100117585,5.980439362022269,5.706824191033463,5.745912551879883,56250,0.0,0.0
1996-06-26,5.745911303375184,5.843631177777256,5.745911303375184,5.824086666107178,45450,0.0,0.0
1996-06-27,5.80454323021579,5.80454323021579,5.687279506953096,5.706823348999023,63450,0.0,0.0
1996-06-28,5.706823348999023,5.7849993881698625,5.706823348999023,5.706823348999023,56250,0.0,0.0
1996-07-01,5.784998984741181,5.843631177777256,5.784998984741181,5.824086666107178,69300,0.0,0.0
1996-07-02,5.843630034339673,5.921805381774902,5.843630034339673,5.921805381774902,35550,0.0,0.0
1996-07-03,5.941348075866699,5.980436417467405,5.9218049115466895,5.941348075866699,33750,0.0,0.0
1996-07-05,5.9608925821605,5.9608925821605,5.941348075866699,5.941348075866699,15750,0.0,0.0
1996-07-08,5.902263982303882,5.921807827233478,5.687280346103867,5.745912551879883,144450,0.0,0.0
1996-07-09,5.706822958060035,5.706822958060035,5.4136643409729,5.4136643409729,176400,0.0,0.0
1996-07-10,5.374576434192962,5.374576434192962,4.983697958973486,5.276856899261475,196650,0.0,0.0
1996-07-11,5.296399558909858,5.296399558909858,5.0618722054020875,5.120504379272461,28800,0.0,0.0
1996-07-12,5.081417123495017,5.394120216369629,5.081417123495017,5.394120216369629,85500,0.0,0.0
1996-07-15,5.433206071555023,5.433206071555023,5.17913557005043,5.218223571777344,56700,0.0,0.0
1996-07-16,5.198681354522705,5.237769035427999,5.081417640819751,5.198681354522705,29250,0.0,0.0
1996-07-17,5.2377693267619705,5.530928291831837,5.2377693267619705,5.452752590179443,129150,0.0,0.0
1996-07-18,5.452751728750461,5.5895589334091005,5.452751728750461,5.5700154304504395,80100,0.0,0.0
1996-07-19,5.589559578323889,5.589559578323889,5.4136643409729,5.4136643409729,15300,0.0,0.0
1996-07-22,5.433207557802015,5.433207557802015,5.394120216369629,5.394120216369629,4500,0.0,0.0
1996-07-23,5.433208181680001,5.589559578323889,5.4136643409729,5.4136643409729,51300,0.0,0.0
1996-07-24,5.394120172427684,5.394120172427684,5.218224956707075,5.257312297821045,40500,0.0,0.0
1996-07-25,5.335489907954113,5.550473213195801,5.335489907954113,5.550473213195801,190800,0.0,0.0
1996-07-26,5.511384240789899,5.784999370574951,5.511384240789899,5.784999370574951,119700,0.0,0.0
1996-07-29,5.824085458565381,5.863173131827102,5.589558412514648,5.609102249145508,38250,0.0,0.0
1996-07-30,5.60910380327582,5.706823348999023,5.5895599612298925,5.706823348999023,31500,0.0,0.0
1996-07-31,5.687278364950544,5.687278364950544,5.6286468505859375,5.6286468505859375,37350,0.0,0.0
1996-08-01,5.706823348999023,5.706823348999023,5.628647980815312,5.706823348999023,191250,0.0,0.0
1996-08-02,5.687278364950544,5.687278364950544,5.6286468505859375,5.6286468505859375,9000,0.0,0.0
1996-08-05,5.628647091627024,5.628647091627024,5.570015574751583,5.589559078216553,40950,0.0,0.0
1996-08-06,5.570013751347012,5.570013751347012,5.472294253050639,5.530925750732422,27450,0.0,0.0
1996-08-07,5.530929367853907,5.550473213195801,5.49184167717012,5.550473213195801,14850,0.0,0.0
1996-08-08,5.5406976670127195,5.550469583293016,5.530925750732422,5.530925750732422,11250,0.0,0.0
1996-08-09,5.5504714026115325,5.5504714026115325,5.452751872284917,5.49183988571167,9450,0.0,0.0
1996-08-12,5.491841454931851,5.511384963989258,5.4722976103808385,5.511384963989258,97200,0.0,0.0
1996-08-13,5.472295859484526,5.472295859484526,5.4332075119018555,5.4332075119018555,5400,0.0,0.0
1996-08-14,5.4722959057149065,5.4722959057149065,5.394120216369629,5.394120216369629,4500,0.0,0.0
1996-08-15,5.413664837808803,5.413664837808803,5.315945625305176,5.315945625305176,16200,0.0,0.0
1996-08-16,5.276856471618278,5.276856471618278,5.159592770808873,5.257312297821045,27900,0.0,0.0
1996-08-19,5.2768568137280205,5.2768568137280205,5.159593105316162,5.159593105316162,29700,0.0,0.0
1996-08-20,5.179137141235523,5.179137141235523,5.061873435974121,5.061873435974121,34200,0.0,0.0
1996-08-21,5.022785663604736,5.022785663604736,4.964154147568064,5.022785663604736,129600,0.0,0.0
1996-08-22,5.003243668303894,5.100963233195317,5.003243668303894,5.042331695556641,18900,0.0,0.0
1996-08-23,5.081417560577393,5.081417560577393,5.061873720433369,5.081417560577393,11250,0.0,0.0
1996-08-26,5.061873720433369,5.081417560577393,5.061873720433369,5.081417560577393,2700,0.0,0.0
1996-08-27,5.120505381958537,5.120505381958537,5.100961208343506,5.100961208343506,2250,0.0,0.0
1996-08-28,5.125218607452458,5.164341926574707,5.105656444187877,5.164341926574707,11250,0.006667,0.0
1996-08-29,5.125218807607516,5.14478063583374,5.125218807607516,5.14478063583374,12150,0.0,0.0
1996-08-30,5.164339480942219,5.242587089538574,5.125216180347261,5.242587089538574,13950,0.0,0.0
1996-09-03,5.20346736907959,5.20346736907959,5.20346736907959,5.20346736907959,11250,0.0,0.0
1996-09-04,5.223028080566147,5.223028080566147,5.164341926574707,5.164341926574707,1800,0.0,0.0
1996-09-05,5.203465917301565,5.203465917301565,5.164341926574707,5.164341926574707,16650,0.0,0.0
1996-09-06,5.164341926574707,5.164341926574707,5.164341926574707,5.164341926574707,4050,0.0,0.0
1996-09-09,5.164341926574707,5.164341926574707,5.125218607452458,5.164341926574707,8550,0.0,0.0
1996-09-10,5.164342128257647,5.164342128257647,5.125218807607516,5.14478063583374,11250,0.0,0.0
1996-09-11,5.125218807607516,5.164342128257647,5.105656643578974,5.14478063583374,7200,0.0,0.0
1996-09-12,5.164342128257647,5.164342128257647,5.14478063583374,5.14478063583374,9000,0.0,0.0
1996-09-13,5.164343367437056,5.242591034919726,5.164343367437056,5.20346736907959,68400,0.0,0.0
1996-09-16,5.20346736907959,5.20346736907959,5.183905536159522,5.20346736907959,21600,0.0,0.0
1996-09-17,5.20346736907959,5.20346736907959,5.20346736907959,5.20346736907959,6300,0.0,0.0
1996-09-18,5.223028080566147,5.223028080566147,5.164341926574707,5.164341926574707,14850,0.0,0.0
1996-09-19,5.164341926574707,5.164341926574707,5.164341926574707,5.164341926574707,11700,0.0,0.0
1996-09-20,5.144780434914735,5.164341926574707,5.144780434914735,5.164341926574707,12150,0.0,0.0
1996-09-23,5.164342669845794,5.164342669845794,5.125219345092773,5.125219345092773,30600,0.0,0.0
1996-09-24,5.105656064397317,5.125218226206742,5.086093902587891,5.086093902587891,8550,0.0,0.0
1996-09-25,5.086095604080529,5.086095604080529,5.007848273875234,5.046972274780273,287550,0.0,0.0
1996-09-26,5.066532076580745,5.105656064397317,5.066532076580745,5.086093902587891,16200,0.0,0.0
1996-09-27,5.105657179012733,5.125219345092773,5.086095012932694,5.125219345092773,8550,0.0,0.0
1996-09-30,5.164342061616187,5.457770824432373,5.164342061616187,5.457770824432373,174600,0.0,0.0
1996-10-01,5.477331503898204,5.614264262607158,5.438207186948342,5.575140953063965,111600,0.0,0.0
1996-10-02,5.594703893496625,5.927256644344429,5.594703893496625,5.9076948165893555,153900,0.0,0.0
1996-10-03,5.9468173283970325,6.0641889572143555,5.9272561737994724,6.0641889572143555,199350,0.0,0.0
1996-10-04,6.064189645363876,6.279371101214665,6.044627816941921,6.240246772766113,120150,0.0,0.0
1996-10-07,6.201123797631585,6.201123797631585,6.064189655245481,6.083752155303955,39600,0.0,0.0
1996-10-08,6.044628966782233,6.162000631245645,6.005505302496019,6.0250678062438965,63900,0.0,0.0
1996-10-09,6.064189655245481,6.083752155303955,6.04462782679165,6.083752155303955,120600,0.0,0.0
1996-10-10,6.083753302673217,6.103315134816324,6.005505302496019,6.0250678062438965,21150,0.0,0.0
1996-10-11,6.025065559554902,6.083751034100974,6.025065559554902,6.044626712799072,32400,0.0,0.0
1996-10-14,6.0446263481428195,6.0446263481428195,6.005502700805664,6.005502700805664,13050,0.0,0.0
1996-10-15,6.02506597641467,6.0641889572143555,5.985941652405851,6.0641889572143555,54000,0.0,0.0
1996-10-16,6.044625877492689,6.1424356598243355,6.044625877492689,6.103312015533447,24300,0.0,0.0
1996-10-17,6.122873166074465,6.122873166074465,6.083750193388004,6.103312015533447,16650,0.0,0.0
1996-10-18,6.103313281223174,6.103313281223174,6.044627131012229,6.0641889572143555,11700,0.0,0.0
1996-10-21,6.064189655245481,6.103313983757786,6.064189655245481,6.083752155303955,31950,0.0,0.0
1996-10-22,6.083750339531849,6.2206830978393555,6.083750339531849,6.2206830978393555,121950,0.0,0.0
1996-10-23,6.2206856078860095,6.2206856078860095,6.16200011636034,6.1815619468688965,13500,0.0,0.0
1996-10-24,6.1619978508433215,6.3576167556124545,6.1033123808939225,6.1424360275268555,377550,0.0,0.0
1996-10-25,6.103315134816324,6.103315134816324,6.005505302496019,6.0250678062438965,114750,0.0,0.0
1996-10-28,5.985940877137087,6.005502700805664,5.946816558195452,6.005502700805664,45900,0.0,0.0
1996-10-29,5.9859421276096505,5.9859421276096505,5.9076948165893555,5.9076948165893555,118350,0.0,0.0
1996-10-30,5.868570266968483,5.868570266968483,5.731637477874756,5.731637477874756,50400,0.0,0.0
1996-10-31,5.751199304888146,5.751199304888146,5.692513152243382,5.731637477874756,58050,0.0,0.0
1996-11-01,5.712075054381849,5.790323035069117,5.692513227111183,5.770760536193848,62550,0.0,0.0
1996-11-04,5.731637477874756,5.751199304888146,5.731637477874756,5.731637477874756,9450,0.0,0.0
1996-11-05,5.7120738585452235,5.7120738585452235,5.672950883798984,5.692512035369873,13050,0.0,0.0
1996-11-06,5.653389513375657,5.653389513375657,5.6338276863098145,5.6338276863098145,7650,0.0,0.0
1996-11-07,5.6338276863098145,5.6338276863098145,5.614265523441674,5.6338276863098145,18000,0.0,0.0
1996-11-08,5.6142664114401,5.653390407562256,5.6142664114401,5.653390407562256,20250,0.0,0.0
1996-11-11,5.633827374730713,5.672951698303223,5.633827374730713,5.672951698303223,10800,0.0,0.0
1996-11-12,5.672950883798984,5.692512035369873,5.653388389019171,5.692512035369873,39150,0.0,0.0
1996-11-13,5.712075372133724,5.8490095138549805,5.712075372133724,5.8490095138549805,161100,0.0,0.0
1996-11-14,5.888134279435067,5.966382288135927,5.888134279435067,5.94681978225708,15300,0.0,0.0
1996-11-15,5.927255991287018,6.005503293686127,5.927255991287018,5.966379642486572,19800,0.0,0.0
1996-11-18,5.966379053468509,6.005502700805664,5.946816558195452,6.005502700805664,9000,0.0,0.0
1996-11-19,6.025064275965496,6.122872707767163,5.888130187988281,5.888130187988281,130500,0.0,0.0
1996-11-20,5.888130187988281,5.888130187988281,5.888130187988281,5.888130187988281,14850,0.0,0.0
1996-11-21,5.888130187988281,5.888130187988281,5.888130187988281,5.888130187988281,16650,0.0,0.0
1996-11-22,5.888130187988281,5.888130187988281,5.888130187988281,5.888130187988281,4500,0.0,0.0
1996-11-25,5.888130187988281,5.888130187988281,5.888130187988281,5.888130187988281,14850,0.0,0.0
1996-11-26,5.888130187988281,5.888130187988281,5.888130187988281,5.888130187988281,7650,0.0,0.0
1996-11-27,5.888130187988281,5.888130187988281,5.888130187988281,5.888130187988281,6750,0.0,0.0
1996-11-29,5.888132633401422,5.888132633401422,5.868570804595947,5.868570804595947,15300,0.0,0.0
1996-12-02,5.86857008625316,5.86857008625316,5.790322780609131,5.790322780609131,25650,0.0,0.0
1996-12-03,5.790321822851089,5.8098836460264405,5.692512035369873,5.692512035369873,43650,0.0,0.0
1996-12-04,5.672952956690685,5.672952956690685,5.594704627990723,5.594704627990723,38700,0.0,0.0
1996-12-05,5.516454782704624,5.536016941070557,5.516454782704624,5.536016941070557,26550,0.0,0.0
1996-12-06,5.457769079508198,5.457769079508198,5.359959635107938,5.399083614349365,75150,0.0,0.0
1996-12-09,5.418646832682469,5.457770824432373,5.418646832682469,5.457770824432373,16200,0.0,0.0
1996-12-10,5.457772179160394,5.457772179160394,5.4382100105285645,5.4382100105285645,13950,0.0,0.0
1996-12-11,5.418646440729495,5.477332592010498,5.418646440729495,5.477332592010498,147600,0.0,0.0
1996-12-12,5.477332592010498,5.516455909325825,5.477332592010498,5.477332592010498,242100,0.0,0.0
1996-12-13,5.477330632678768,5.49689245223999,5.438206321951987,5.49689245223999,28800,0.0,0.0
1996-12-16,5.4968948161822775,5.4968948161822775,5.418646832682469,5.457770824432373,24300,0.0,0.0
1996-12-17,5.477332592010498,5.5360180716869225,5.477332592010498,5.477332592010498,118800,0.0,0.0
1996-12-18,5.501611388743838,5.501611388743838,5.482032775878906,5.482032775878906,13050,0.006667,0.0
1996-12-19,5.482033748265636,5.501612364603363,5.462454795837402,5.462454795837402,16200,0.0,0.0
1996-12-20,5.482033748265636,5.501612364603363,5.462454795837402,5.462454795837402,15300,0.0,0.0
1996-12-23,5.501608848571777,5.521187116306694,5.501608848571777,5.501608848571777,23850,0.0,0.0
1996-12-24,5.482032806577298,5.482032806577298,5.4232962954726975,5.442874908447266,11250,0.0,0.0
1996-12-26,5.423295021057129,5.423295021057129,5.423295021057129,5.423295021057129,5850,0.0,0.0
1996-12-27,5.423295021057129,5.423295021057129,5.423295021057129,5.423295021057129,15750,0.0,0.0
1996-12-30,5.423297227071441,5.462454795837402,5.4037189468242195,5.462454795837402,42750,0.0,0.0
1996-12-31,5.482032775878906,5.482032775878906,5.482032775878906,5.482032775878906,5400,0.0,0.0
1997-01-02,5.462452573895113,5.482031518359289,5.423295021057129,5.423295021057129,68850,0.0,0.0
1997-01-03,5.442874908447266,5.442874908447266,5.403718018588577,5.442874908447266,64350,0.0,0.0
1997-01-06,5.462451905273276,5.462451905273276,5.403716087341309,5.403716087341309,36900,0.0,0.0
1997-01-07,5.403718488579183,5.423296767166131,5.384139537811279,5.384139537811279,18900,0.0,0.0
1997-01-08,5.384137419412807,5.384137419412807,5.188350677490234,5.188350677490234,83250,0.0,0.0
1997-01-09,5.18835051924034,5.227508068084717,5.168771576772984,5.227508068084717,99450,0.0,0.0
1997-01-10,5.227508729038421,5.247087001800537,5.227508729038421,5.247087001800537,20700,0.0,0.0
1997-01-13,5.168769250024001,5.188348183677796,5.051297664642334,5.051297664642334,58950,0.0,0.0
1997-01-14,5.051297664642334,5.090454523679372,5.031718730988539,5.051297664642334,167400,0.0,0.0
1997-01-15,5.051303175455626,5.266668319702148,5.051303175455626,5.266668319702148,59400,0.0,0.0
1997-01-16,5.286243943277042,5.384137312290653,5.286243943277042,5.344979763031006,20700,0.0,0.0
1997-01-17,5.325402109391266,5.325402109391266,5.247087001800537,5.247087001800537,18900,0.0,0.0
1997-01-20,5.207930564880371,5.207930564880371,5.207930564880371,5.207930564880371,16650,0.0,0.0
1997-01-21,4.933830692621096,4.933830692621096,4.424784930182993,4.64015007019043,876600,0.0,0.0
1997-01-22,4.679305052215007,4.738040875304036,4.620569229125977,4.620569229125977,209250,0.0,0.0
1997-01-23,4.620569547378102,4.620569547378102,4.463939666748047,4.463939666748047,56250,0.0,0.0
1997-01-24,4.46393827149169,4.46393827149169,4.248573303222656,4.248573303222656,137700,0.0,0.0
1997-01-27,4.2681544912922496,4.287732769985526,4.0723676712737324,4.131103515625,212850,0.0,0.0
1997-01-28,4.170258555431014,4.248573303222656,4.150679616415396,4.248573303222656,191250,0.0,0.0
1997-01-29,4.287730026266459,4.346466505213204,4.1898366788991686,4.268151760101318,213300,0.0,0.0
1997-01-30,4.268151906147998,4.268151906147998,4.228994364207039,4.248573303222656,79200,0.0,0.0
1997-01-31,4.248575546395861,4.424783737939316,4.248575546395861,4.385625839233398,114300,0.0,0.0
1997-02-03,4.4052038396134545,4.483518611883292,4.4052038396134545,4.463939666748047,36900,0.0,0.0
1997-02-04,4.4639415543979775,4.503099125136499,4.4639415543979775,4.4835205078125,45900,0.0,0.0
1997-02-05,4.4639415543979775,4.503099125136499,4.4639415543979775,4.4835205078125,16650,0.0,0.0
1997-02-06,4.4835205078125,4.4835205078125,4.4639415543979775,4.4835205078125,20700,0.0,0.0
1997-02-07,4.6401461063714144,4.6793036460876465,4.620567840648684,4.6793036460876465,97200,0.0,0.0
1997-02-10,4.6793036460876465,4.7184608497136225,4.6793036460876465,4.6793036460876465,63900,0.0,0.0
1997-02-11,4.6793036460876465,4.698882583990891,4.6793036460876465,4.6793036460876465,80100,0.0,0.0
1997-02-12,4.679305398175728,4.796777725219727,4.679305398175728,4.796777725219727,27900,0.0,0.0
1997-02-13,4.7771973273330985,4.7771973273330985,4.6793036460876465,4.6793036460876465,825750,0.0,0.0
1997-02-14,4.640146608347061,4.7576189041137695,4.640146608347061,4.7576189041137695,36000,0.0,0.0
1997-02-18,4.738039964092456,4.777197844135083,4.738039964092456,4.7576189041137695,18900,0.0,0.0
1997-02-19,4.757618910445319,4.777197850492688,4.738039970397949,4.738039970397949,23400,0.0,0.0
1997-02-20,4.7771997713670125,4.855514218684938,4.7771997713670125,4.816356658935547,35100,0.0,0.0
1997-02-21,4.855514218684938,4.914250054173381,4.816356658935547,4.816356658935547,66150,0.0,0.0
1997-02-24,4.816355220069112,4.855512768120346,4.816355220069112,4.835934162139893,19800,0.0,0.0
1997-02-25,4.835934162139893,4.835934162139893,4.835934162139893,4.835934162139893,17550,0.0,0.0
1997-02-26,4.83593494350747,4.83593494350747,4.796777725219727,4.796777725219727,4050,0.0,0.0
1997-02-27,4.796777725219727,4.816355998273216,4.796777725219727,4.796777725219727,9900,0.0,0.0
1997-02-28,4.816355220069112,4.835934162139893,4.816355220069112,4.835934162139893,12600,0.0,0.0
1997-03-03,4.8359362031028486,4.9925654531407515,4.8359362031028486,4.972987174987793,38250,0.0,0.0
1997-03-04,4.992563724517822,5.012142668072717,4.972985453143635,4.992563724517822,23400,0.0,0.0
1997-03-05,5.012141756872315,5.012141756872315,4.757618897834119,4.77719783782959,74250,0.0,0.0
1997-03-06,4.777199116075854,4.796777725219727,4.7576201708416,4.796777725219727,17100,0.0,0.0
1997-03-07,4.796776950178987,4.835934162139893,4.796776950178987,4.835934162139893,18900,0.0,0.0
1997-03-10,4.855512797415878,4.894670009613037,4.855512797415878,4.894670009613037,31950,0.0,0.0
1997-03-11,4.8750917396047875,4.894670009613037,4.816355249128389,4.894670009613037,45000,0.0,0.0
1997-03-12,4.860956192016602,4.860956192016602,4.841355636829805,4.860956192016602,18450,0.007778,0.0
1997-03-13,4.860955398943277,4.880556287399267,4.841354846954346,4.841354846954346,34200,0.0,0.0
1997-03-14,4.8609588311987695,4.8609588311987695,4.762955665588379,4.762955665588379,19350,0.0,0.0
1997-03-17,4.723753797866235,4.723753797866235,4.664952105354603,4.6845526695251465,23400,0.0,0.0
1997-03-18,4.684550510250198,4.684550510250198,4.547345951364289,4.566946506500244,106650,0.0,0.0
1997-03-19,4.547348336861098,4.566948902279329,4.5081472060246375,4.527748107910156,17550,0.0,0.0
1997-03-20,4.508146286010742,4.508146286010742,4.468944826707152,4.508146286010742,20700,0.0,0.0
1997-03-21,4.508144818114033,4.586547374725342,4.508144818114033,4.586547374725342,166950,0.0,0.0
1997-03-24,4.566946483222182,4.586547374725342,4.547345928186132,4.586547374725342,105750,0.0,0.0
1997-03-25,4.566946506500244,4.586547398103311,4.566946506500244,4.566946506500244,12150,0.0,0.0
1997-03-26,4.566946483222182,4.606148266228502,4.566946483222182,4.586547374725342,4500,0.0,0.0
1997-03-27,4.566947240223453,4.664950704582635,4.566947240223453,4.625749588012695,42750,0.0,0.0
1997-03-31,4.606149029727725,4.664950704582635,4.586548134975589,4.625749588012695,107550,0.0,0.0
1997-04-01,4.606149673461914,4.606149673461914,4.5865487759704475,4.606149673461914,13050,0.0,0.0
1997-04-02,4.606150412842971,4.6845526695251465,4.606150412842971,4.6845526695251465,18000,0.0,0.0
1997-04-03,4.664950847625732,4.664950847625732,4.664950847625732,4.664950847625732,4050,0.0,0.0
1997-04-04,4.704152751172977,4.743353536221966,4.704152751172977,4.723752975463867,24300,0.0,0.0
1997-04-07,4.704155445098877,4.7237556806142225,4.704155445098877,4.704155445098877,26100,0.0,0.0
1997-04-08,4.7237556806142225,4.7237556806142225,4.704155445098877,4.704155445098877,9000,0.0,0.0
1997-04-09,4.723754163811935,4.782556533813477,4.723754163811935,4.782556533813477,19350,0.0,0.0
1997-04-10,4.762954263377228,4.762954263377228,4.743353366851807,4.743353366851807,6300,0.0,0.0
1997-04-11,4.762954433447273,4.762954433447273,4.723752975463867,4.723752975463867,9450,0.0,0.0
1997-04-14,4.704152751172977,4.743353536221966,4.704152751172977,4.723752975463867,18900,0.0,0.0
1997-04-15,4.743353536221966,4.743353536221966,4.723752975463867,4.723752975463867,3600,0.0,0.0
1997-04-16,4.7237556806142225,4.7237556806142225,4.704155445098877,4.704155445098877,3600,0.0,0.0
1997-04-17,4.704152751172977,4.743353536221966,4.704152751172977,4.723752975463867,28800,0.0,0.0
1997-04-18,4.723754197463846,4.762955665588379,4.723754197463846,4.762955665588379,11700,0.0,0.0
1997-04-21,4.802157133712913,4.84135826537015,4.743354763292465,4.762955665588379,54900,0.0,0.0
1997-04-22,4.782556567884294,4.782556567884294,4.743354763292465,4.762955665588379,51300,0.0,0.0
1997-04-23,4.762954512889842,4.821756196144907,4.762954512889842,4.8021559715271,30600,0.0,0.0
1997-04-24,4.7825548317863245,4.978561091855581,4.723752482711506,4.95896053314209,94050,0.0,0.0
1997-04-25,4.939359188079834,4.95896008147523,4.939359188079834,4.939359188079834,22950,0.0,0.0
1997-04-28,4.95896008147523,4.998160858864594,4.939359188079834,4.939359188079834,15300,0.0,0.0
1997-04-29,4.939360418118439,5.017763001823027,4.939360418118439,4.978561878204346,26100,0.0,0.0
1997-04-30,4.978561568631777,5.017762689812888,4.978561568631777,4.998161792755127,11250,0.0,0.0
1997-05-01,4.998163663933045,5.037365136257337,4.978563432471897,5.017764568328857,24300,0.0,0.0
1997-05-02,5.037364959716797,5.076566094199907,4.998163488766368,5.037364959716797,38250,0.0,0.0
1997-05-05,5.076564556443683,5.233370056279692,5.076564556443683,5.174567699432373,176850,0.0,0.0
1997-05-06,5.1941680908203125,5.331372679508625,5.1941680908203125,5.1941680908203125,91800,0.0,0.0
1997-05-07,5.213768677807967,5.213768677807967,5.115765543854992,5.135366439819336,44100,0.0,0.0
1997-05-08,5.135368898250521,5.135368898250521,5.076566518674485,5.096167087554932,24750,0.0,0.0
1997-05-09,5.115767992902726,5.135368898250521,5.076566518674485,5.096167087554932,14400,0.0,0.0
1997-05-12,5.096164922784377,5.21376895904541,5.096164922784377,5.21376895904541,29250,0.0,0.0
1997-05-13,5.252969309442702,5.488177347455228,5.252969309442702,5.4097747802734375,177300,0.0,0.0
1997-05-14,5.42937636922749,5.488178730010986,5.42937636922749,5.488178730010986,32850,0.0,0.0
1997-05-15,5.488178730010986,5.507779292627325,5.468577830927408,5.488178730010986,13050,0.0,0.0
1997-05-16,5.468576624714566,5.468576624714566,5.429375171661377,5.429375171661377,16650,0.0,0.0
1997-05-19,5.448977470397949,5.468578371418799,5.448977470397949,5.448977470397949,9900,0.0,0.0
1997-05-20,5.468577830927408,5.488178730010986,5.468577830927408,5.488178730010986,27900,0.0,0.0
1997-05-21,5.488178730010986,5.507779292627325,5.488178730010986,5.488178730010986,15750,0.0,0.0
1997-05-22,5.507778644561768,5.507778644561768,5.488178084251703,5.507778644561768,19350,0.0,0.0
1997-05-23,5.507778644561768,5.507778644561768,5.488178084251703,5.507778644561768,76050,0.0,0.0
1997-05-27,5.507778644561768,5.507778644561768,5.507778644561768,5.507778644561768,1800,0.0,0.0
1997-05-28,5.54697970711091,5.6253819475303795,5.54697970711091,5.586181163787842,68400,0.0,0.0
1997-05-29,5.605783816947873,5.605783816947873,5.566582679748535,5.566582679748535,30600,0.0,0.0
1997-05-30,5.586182016494782,5.68418550491333,5.566581116930724,5.68418550491333,45000,0.0,0.0
1997-06-02,5.703783444660495,5.840988012355407,5.703783444660495,5.80178689956665,103050,0.0,0.0
1997-06-03,5.807282447814941,5.826901570179635,5.787662651878566,5.807282447814941,156150,0.007778,0.0
1997-06-04,5.787662518455556,5.826901435852051,5.787662518455556,5.826901435852051,11700,0.0,0.0
1997-06-05,5.826900027178759,5.885757378687034,5.826900027178759,5.866138935089111,25200,0.0,0.0
1997-06-06,5.885760307312012,5.905379434243483,5.866141853952379,5.885760307312012,30600,0.0,0.0
1997-06-09,5.885758414893426,5.924997329711914,5.885758414893426,5.924997329711914,36900,0.0,0.0
1997-06-10,5.924997329711914,5.924997329711914,5.905377535516859,5.924997329711914,12150,0.0,0.0
1997-06-11,5.983854246156729,6.081949841971865,5.944616007830675,6.062330722808838,35550,0.0,0.0
1997-06-12,6.0819516897026915,6.180047988891602,6.0819516897026915,6.180047988891602,70200,0.0,0.0
1997-06-13,6.160427901098031,6.219285940842532,6.1211896569828115,6.14080810546875,111150,0.0,0.0
1997-06-16,6.101570459908325,6.101570459908325,6.0427130944591285,6.081950664520264,30150,0.0,0.0
1997-06-17,6.062330157019192,6.062330157019192,5.983853687691194,6.003472805023193,22050,0.0,0.0
1997-06-18,6.003473365319756,6.062330722808838,5.983854246156729,6.062330722808838,32400,0.0,0.0
1997-06-19,6.062331135372608,6.081950255870788,6.023092894376247,6.042712688446045,43200,0.0,0.0
1997-06-20,5.964233896787685,6.042711713258701,5.964233896787685,6.003472805023193,81000,0.0,0.0
1997-06-23,6.003474102001303,6.023093223571777,6.003474102001303,6.023093223571777,13050,0.0,0.0
1997-06-24,6.003471977940894,6.023091092570021,5.983852863311768,5.983852863311768,51750,0.0,0.0
1997-06-25,5.983852863311768,6.003471977940894,5.974042969211496,5.983852863311768,11700,0.0,0.0
1997-06-26,5.983855111657144,5.993664335871671,5.944616867655699,5.9544267654418945,27900,0.0,0.0
1997-06-27,5.944619233734328,5.964237689971924,5.934809332043593,5.964237689971924,18900,0.0,0.0
1997-06-30,6.003471995211222,6.209473709766786,5.988757827589903,6.150615692138672,63600,0.0,1.5
1997-07-01,6.135905756567517,6.165334785679331,6.0329051650339895,6.047619342803955,70500,0.0,0.0
1997-07-02,6.047615455390541,6.047615455390541,6.032901287078857,6.032901287078857,17100,0.0,0.0
1997-07-03,6.0623335205739215,6.0623335205739215,6.047619342803955,6.047619342803955,3900,0.0,0.0
1997-07-07,6.0476184420207595,6.132226467132568,6.0476184420207595,6.132226467132568,66000,0.0,0.0
1997-07-08,6.10647330287284,6.10647330287284,6.0476159512289955,6.07704496383667,83700,0.0,0.0
1997-07-09,6.077046529784473,6.1211897232851555,6.077046529784473,6.106474876403809,12900,0.0,0.0
1997-07-10,6.13590433808411,6.562622130484372,6.121190163715731,6.489049911499023,66000,0.0,0.0
1997-07-11,6.474334775843015,6.474334775843015,6.430191585720385,6.444905757904053,49500,0.0,0.0
1997-07-14,6.444907606353844,6.459621782757653,6.341907024383545,6.341907024383545,21900,0.0,0.0
1997-07-15,6.312475694550408,6.356618881225587,6.297761523515875,6.356618881225586,19800,0.0,0.0
1997-07-16,6.356621798475836,6.444908212343556,6.356621798475836,6.4154791831970215,21300,0.0,0.0
1997-07-17,6.430193012965901,6.430193012965901,6.297763413203938,6.3124775886535645,23700,0.0,0.0
1997-07-18,6.268332507875231,6.38604789686623,6.268332507875231,6.356618881225586,25200,0.0,0.0
1997-07-21,6.356621798475836,6.459622390130882,6.356621798475836,6.4154791831970215,21600,0.0,0.0
1997-07-22,6.4154757197865395,6.474333746304957,6.4154757197865395,6.430190563201904,57000,0.0,0.0
1997-07-23,6.43019403455623,6.56262365535781,6.4154791831970215,6.4154791831970215,40500,0.0,0.0
1997-07-24,6.4154757197865395,6.474333746304957,6.4154757197865395,6.430190563201904,16800,0.0,0.0
1997-07-25,6.444903823390854,6.5920475217755135,6.444903823390854,6.5184760093688965,34200,0.0,0.0
1997-07-28,6.503761168030433,6.533190177135935,6.474332832496356,6.5184760093688965,44400,0.0,0.0
1997-07-29,6.489049911499023,6.503764085867402,6.489049911499023,6.489049911499023,5100,0.0,0.0
1997-07-30,6.547905335766809,6.6067633628845215,6.547905335766809,6.6067633628845215,38100,0.0,0.0
1997-07-31,6.606762510952622,6.606762510952622,6.5479044914245605,6.5479044914245605,23100,0.0,0.0
1997-08-01,6.592049039095229,6.6214780549745305,6.533191680908204,6.533191680908203,118500,0.0,0.0
1997-08-04,6.562620709646166,6.621478067948514,6.562620709646166,6.577334880828857,31200,0.0,0.0
1997-08-05,6.606766352658529,6.636194705963135,6.577337325782093,6.636194705963135,15300,0.0,0.0
1997-08-06,6.636190847145213,6.650905688812948,6.5479044914245605,6.5479044914245605,33600,0.0,0.0
1997-08-07,6.547905335766809,6.6067633628845215,6.518476995779479,6.6067633628845215,10800,0.0,0.0
1997-08-08,6.6067633628845215,6.6214775328781865,6.547905335766809,6.6067633628845215,11700,0.0,0.0
1997-08-11,6.547906250615867,6.59204944033591,6.415476681455737,6.474334716796875,18900,0.0,0.0
1997-08-12,6.474334844844005,6.533192207777582,6.430191654250914,6.459619998931885,12000,0.0,0.0
1997-08-13,6.489047167183575,6.592047691345215,6.444903989175524,6.592047691345215,21000,0.0,0.0
1997-08-14,6.577333523199678,6.62147670120773,6.533190345191627,6.592047691345215,8400,0.0,0.0
1997-08-15,6.592052777062491,6.709768233757665,6.562624418067668,6.695054054260254,27900,0.0,0.0
1997-08-18,6.753909182778851,6.85690975189209,6.753909182778851,6.85690975189209,11100,0.0,0.0
1997-08-19,6.915770127951928,7.121771335601807,6.886341095328247,7.121771335601807,16500,0.0,0.0
1997-08-20,7.180629253387451,7.239486643854152,7.151200221368126,7.180629253387451,14400,0.0,0.0
1997-08-21,7.239481980132496,7.313054175999144,7.210052967071533,7.210052967071533,23100,0.0,0.0
1997-08-22,7.180628310768273,7.180628310768273,7.0629128717157235,7.092341899871826,13500,0.0,0.0
1997-08-25,7.077627978105788,7.180629253387451,7.077627978105788,7.180629253387451,9900,0.0,0.0
1997-08-26,7.1806273468353154,7.298342096513885,7.1806273468353154,7.268913745880127,24600,0.0,0.0
1997-08-27,7.386624386155546,7.53376875175054,7.357196051893663,7.474910736083984,44100,0.0,0.0
1997-08-28,7.483162980677782,7.483162980677782,7.380048751831055,7.380048751831055,18900,0.011667,0.0
1997-08-29,7.3800473661171155,7.424239266513027,7.3800473661171155,7.394777774810791,4800,0.0,0.0
1997-09-02,7.453699692445731,7.5420834805999695,7.409507798368612,7.424238204956055,13500,0.0,0.0
1997-09-03,7.483160505620617,7.483160505620617,7.424238204956055,7.424238204956055,4200,0.0,0.0
1997-09-04,7.483161449432373,7.483161449432373,7.380047241685439,7.483161449432373,5700,0.0,0.0
1997-09-05,7.424240338079919,7.542085647583008,7.424240338079919,7.542085647583008,10200,0.0,0.0
1997-09-08,7.4831592460065215,7.630465984344483,7.4831592460065215,7.630465984344482,9900,0.0,0.0
1997-09-09,7.571546775572559,7.70412250125952,7.571546775572559,7.68939208984375,15000,0.0,0.0
1997-09-10,7.674660487748858,7.704121306009721,7.571545600891113,7.571545600891113,20700,0.0,0.0
1997-09-11,7.542084559007084,7.542084559007084,7.394777774810791,7.394777774810791,18000,0.0,0.0
1997-09-12,7.394776470674466,7.394776470674466,7.129625115060862,7.1885480880737305,27600,0.0,0.0
1997-09-15,7.335857208864189,7.365318707567052,7.1590895652771005,7.1590895652771,111300,0.0,0.0
1997-09-16,7.129626816785401,7.159088310323808,7.085434913635254,7.085434913635254,25200,0.0,0.0
1997-09-17,7.129629211377433,7.3211279722223965,7.129629211377433,7.276936054229736,23400,0.0,0.0
1997-09-18,7.306394467155243,7.424239767603128,7.262202563776654,7.335855960845947,14100,0.0,0.0
1997-09-19,7.3063926775096375,7.4242379490922135,7.247470378875732,7.247470378875732,31200,0.0,0.0
1997-09-22,7.247476601619851,7.247476601619851,7.011786530403995,7.041247367858887,25800,0.0,0.0
1997-09-23,7.05597582041117,7.05597582041117,6.687709421199744,6.835016250610352,79200,0.0,0.0
1997-09-24,6.776093249120072,6.893938577785539,6.776093249120072,6.835016250610352,55200,0.0,0.0
1997-09-25,6.893935680389404,6.893935680389404,6.835013377978192,6.893935680389404,51900,0.0,0.0
1997-09-26,6.864475381714657,6.879206465606624,6.717169262999469,6.776091575622559,36600,0.0,0.0
1997-09-29,6.776093682054731,6.80555518468221,6.599326014920128,6.628787517547607,69900,0.0,0.0
1997-09-30,6.658249020175087,6.6877098484874296,6.628787517547607,6.628787517547607,36000,0.0,0.0
1997-10-01,6.481479212138884,6.510940030720004,6.466748128533409,6.496209621429443,41700,0.0,0.0
1997-10-02,6.510941574728179,6.510941574728179,6.393096923828125,6.393096923828125,30300,0.0,0.0
1997-10-03,6.407829018582331,6.42255943523261,6.3341755867004395,6.3341755867004395,16800,0.0,0.0
1997-10-06,6.363636217448258,6.39309772100446,6.289982795715332,6.289982795715332,40800,0.0,0.0
1997-10-07,6.275251504169375,6.275251504169375,6.157406180727839,6.245790004730225,211500,0.0,0.0
1997-10-08,6.186865342629922,6.540400505065918,6.186865342629922,6.540400505065918,78600,0.0,0.0
1997-10-09,6.481482165742307,6.658249855041504,6.481482165742307,6.658249855041504,25800,0.0,0.0
1997-10-10,6.658247917314839,6.717170238494873,6.614056007851056,6.717170238494873,19500,0.0,0.0
1997-10-13,6.658248785392513,6.8055549447053405,6.628787283803903,6.7613630294799805,33300,0.0,0.0
1997-10-14,6.805555302470303,6.893939137567321,6.805555302470303,6.864477634429932,18000,0.0,0.0
1997-10-15,6.893935680389404,6.923397168752415,6.835013377978192,6.893935680389404,27900,0.0,0.0
1997-10-16,6.8350177675791866,6.864478600547793,6.776094753011489,6.790825843811035,26700,0.0,0.0
1997-10-17,6.746634006500245,6.805556347507782,6.731902915511921,6.746634006500244,168300,0.0,0.0
1997-10-20,6.746632422690024,6.864477077040399,6.746632422690024,6.835016250610352,13800,0.0,0.0
1997-10-21,6.864477634429932,6.893939137567321,6.835016805607692,6.864477634429932,15000,0.0,0.0
1997-10-22,6.923398363318045,7.100165975366037,6.923398363318045,7.011782169342041,27300,0.0,0.0
1997-10-23,6.952860197530036,6.952860197530036,6.672978329031091,6.717170238494873,41100,0.0,0.0
1997-10-24,6.6877098484874296,6.717171351114909,6.569865186607785,6.628787517547607,21600,0.0,0.0
1997-10-27,6.658247215665117,6.658247215665117,6.569863406051487,6.5993242263793945,13200,0.0,0.0
1997-10-28,6.540401106011378,6.540401106011378,6.393094999566529,6.452017307281494,25500,0.0,0.0
1997-10-29,6.452016714456919,6.59932280736698,6.452016714456919,6.540400505065918,14700,0.0,0.0
1997-10-30,6.569867391484869,6.599328229684402,6.481483528255545,6.510944366455078,17700,0.0,0.0
1997-10-31,6.452017828070841,6.510940140541855,6.452017828070841,6.466748237609863,58800,0.0,0.0
1997-11-03,6.452019099252212,6.481480598449707,6.452019099252212,6.481480598449707,33000,0.0,0.0
1997-11-04,6.481483528255545,6.540405878969973,6.481483528255545,6.510944366455078,22800,0.0,0.0
1997-11-05,6.55513232157258,6.643516131186209,6.540401911408626,6.5993242263793945,3472500,0.0,0.0
1997-11-06,6.5993242263793945,6.614055310858302,6.584593816215441,6.5993242263793945,891000,0.0,0.0
1997-11-07,6.540401911408626,6.614055310858302,6.481479596437857,6.5993242263793945,595500,0.0,0.0
1997-11-10,6.5993242263793945,6.628785721022256,6.584593816215441,6.5993242263793945,196200,0.0,0.0
1997-11-11,6.5993242263793945,6.628785721022256,6.5993242263793945,6.5993242263793945,114600,0.0,0.0
1997-11-12,6.540400505065918,6.555130912062481,6.540400505065918,6.540400505065918,111600,0.0,0.0
1997-11-13,6.5698627792797435,6.628785088629263,6.5698627792797435,6.6140546798706055,163500,0.0,0.0
1997-11-14,6.628787076931698,6.628787076931698,6.569864749908447,6.569864749908447,92400,0.0,0.0
1997-11-17,6.599326014920128,6.658249020175087,6.599326014920128,6.628787517547607,155700,0.0,0.0
1997-11-18,6.614057103391436,6.643517931703779,6.599326014920128,6.628787517547607,24900,0.0,0.0
1997-11-19,6.614055310858302,6.643516131186209,6.5993242263793945,6.5993242263793945,72900,0.0,0.0
1997-11-20,6.5993242263793945,6.643516131186209,6.5993242263793945,6.5993242263793945,47700,0.0,0.0
1997-11-21,6.614055310858302,6.614055310858302,6.540401911408626,6.5993242263793945,84600,0.0,0.0
1997-11-24,6.599328229684402,6.599328229684402,6.510944366455078,6.510944366455078,110400,0.0,0.0
1997-11-25,6.481480922216025,6.599325576262527,6.4520194215468525,6.569864749908447,46800,0.0,0.0
1997-11-26,6.5698627792797435,6.628785088629263,6.5698627792797435,6.6140546798706055,116100,0.0,0.0
1997-11-28,6.6140546798706055,6.64351549738792,6.6140546798706055,6.6140546798706055,32100,0.0,0.0
1997-12-01,6.614057932716705,6.658249855041504,6.599326842398291,6.658249855041504,47400,0.0,0.0
1997-12-02,6.614059328324244,6.731904029846191,6.614059328324244,6.731904029846191,61800,0.0,0.0
1997-12-03,6.731899667389434,7.011782169342041,6.731899667389434,7.011782169342041,116100,0.0,0.0
1997-12-04,6.982323212893118,6.982323212893118,6.864477870604211,6.92340087890625,80700,0.0,0.0
1997-12-05,6.893939293861331,7.011784634767435,6.893939293861331,6.967592716217041,116100,0.0,0.0
1997-12-08,6.967587996569554,6.98231840133667,6.952856917487731,6.98231840133667,82200,0.0,0.0
1997-12-09,6.982322970178944,7.055976390838624,6.952861467052043,7.055976390838623,156300,0.0,0.0
1997-12-10,7.026515131962062,7.026515131962062,6.893939374755231,6.92340087890625,75000,0.0,0.0
1997-12-11,6.893938577785539,6.893938577785539,6.8350162506103525,6.835016250610352,81600,0.0,0.0
1997-12-12,6.8055549447053405,6.8055549447053405,6.746632615843232,6.7613630294799805,24000,0.0,0.0
1997-12-15,6.7760934431167295,6.7760934431167295,6.73190152789137,6.7613630294799805,38400,0.0,0.0
1997-12-16,6.776091466447807,6.805552959442138,6.717169154774059,6.805552959442139,15000,0.0,0.0
1997-12-17,6.8138140348287735,6.931802381688473,6.784316779330486,6.9023051261901855,39900,0.011667,0.0
1997-12-18,6.917051126387236,6.917051126387236,6.7843145332894,6.813811779022217,13200,0.0,0.0
1997-12-19,6.754819020064564,6.784315595281441,6.7253217697143555,6.7253217697143555,24600,0.0,0.0
1997-12-22,6.725320716956993,6.813811779022217,6.695823471224177,6.813811779022217,49800,0.0,0.0
1997-12-23,6.784316718789001,7.079287245739286,6.784316718789001,7.064538955688477,221100,0.0,0.0
1997-12-24,7.064538745338491,7.138280868530273,7.064538745338491,7.138280868530273,72600,0.0,0.0
1997-12-26,7.108782763705676,7.167776584625244,7.108782763705676,7.167776584625244,8100,0.0,0.0
1997-12-29,7.1972784996032715,7.226775091622975,7.182529528459705,7.1972784996032715,63300,0.0,0.0
1997-12-30,7.226775091622975,7.344763485102936,7.1972784996032715,7.1972784996032715,114300,0.0,0.0
1997-12-31,7.167779131728128,7.167779131728128,7.020294189453126,7.020294189453125,21000,0.0,0.0
1998-01-02,7.020293410402606,7.064538955688477,6.990796155167545,7.064538955688477,22500,0.0,0.0
1998-01-05,7.079286738379218,7.197275075730003,7.064538449385393,7.182526111602783,217800,0.0,0.0
1998-01-06,7.197273627786707,7.315261266267415,7.197273627786707,7.285764694213867,18300,0.0,0.0
1998-01-07,7.285767464376704,7.285767464376704,7.079288005828857,7.079288005828857,72300,0.0,0.0
1998-01-08,7.020294189453126,7.079288031336423,6.990796930944718,7.020294189453125,41400,0.0,0.0
1998-01-09,7.02029114888548,7.049787719485072,6.7990634937224215,6.813811779022217,36000,0.0,0.0
1998-01-12,6.784317744102807,6.8433122634887695,6.784317744102807,6.8433122634887695,3600,0.0,0.0
1998-01-13,6.828562433202014,6.87280797958374,6.813814142785924,6.87280797958374,9600,0.0,0.0
1998-01-14,6.902305523112683,7.315263748168946,6.902305523112683,7.315263748168945,71700,0.0,0.0
1998-01-15,7.315263528762159,7.403754622558207,7.315263528762159,7.374258041381836,27000,0.0,0.0
1998-01-16,7.359504699707031,7.403750220296719,7.315259179117343,7.359504699707031,105600,0.0,0.0
1998-01-20,7.344760785071998,7.389006331970021,7.344760785071998,7.374258041381836,6600,0.0,0.0
1998-01-21,7.3447610053634955,7.374258262558046,7.315263748168946,7.315263748168945,20700,0.0,0.0
1998-01-22,7.315263748168946,7.315263748168946,7.315263748168946,7.315263748168945,12600,0.0,0.0
1998-01-23,7.315263528762159,7.374258041381836,7.315263528762159,7.374258041381836,9900,0.0,0.0
1998-01-26,7.315261266267415,7.374255760641026,7.285764694213867,7.285764694213867,85800,0.0,0.0
1998-01-27,7.285765345651614,7.418501957160651,7.285765345651614,7.389004707336426,22800,0.0,0.0
1998-01-28,7.374258041381836,7.374258041381836,7.344760785071998,7.374258041381836,10500,0.0,0.0
1998-01-29,7.374259439597154,7.433253288269044,7.374259439597154,7.433253288269043,11100,0.0,0.0
1998-01-30,7.492242810302861,7.757715988720677,7.492242810302861,7.713470458984375,59700,0.0,0.0
1998-02-02,7.72822551905424,7.7577221120719875,7.610237121582031,7.610237121582031,22800,0.0,0.0
1998-02-03,7.610237121582031,7.669230982751267,7.610237121582031,7.610237121582031,14400,0.0,0.0
1998-02-04,7.669230982751267,7.72822551905424,7.610237121582031,7.610237121582031,26700,0.0,0.0
1998-02-05,7.654478187449494,7.669226475290306,7.551238822297127,7.5659871101379395,8400,0.0,0.0
1998-02-06,7.5512371100770315,7.580733679070398,7.447997093200684,7.447997093200684,37800,0.0,0.0
1998-02-09,7.433250542146614,7.462747793151962,7.285765637386566,7.344759464263916,67800,0.0,0.0
1998-02-10,7.330011986665116,7.492245197296143,7.330011986665116,7.492245197296143,66300,0.0,0.0
1998-02-11,7.521741170992796,7.713471603248177,7.521741170992796,7.698723316192627,107700,0.0,0.0
1998-02-12,7.66923145389917,8.111687127684387,7.66923145389917,7.949453830718994,126000,0.0,0.0
1998-02-13,7.993698554760508,8.200177397320859,7.978949583767834,8.052692413330078,83400,0.0,0.0
1998-02-17,8.023192970257492,8.436151893634111,8.023192970257492,8.2296724319458,142200,0.0,0.0
1998-02-18,8.288663280823101,8.377154350280762,8.273914994291252,8.377154350280762,27300,0.0,0.0
1998-02-19,8.406654012964125,8.436151269633054,8.288665661421893,8.31816291809082,35400,0.0,0.0
1998-02-20,8.288667399389933,8.347661925097762,8.244421842675871,8.273919105529785,123300,0.0,0.0
1998-02-23,8.25916728899623,8.347658364681427,8.25916728899623,8.288663864135742,27000,0.0,0.0
1998-02-24,8.28866616186862,8.31816342031851,8.259169578552246,8.259169578552246,52500,0.0,0.0
1998-02-25,8.303415128660324,8.303415128660324,8.259169578552246,8.259169578552246,13800,0.0,0.0
1998-02-26,8.303416368383699,8.303416368383699,8.259170811669636,8.273919105529785,37800,0.0,0.0
1998-02-27,8.25916728899623,8.318161114408586,8.25916728899623,8.288663864135742,37200,0.0,0.0
1998-03-02,8.347662726909524,8.55414156131883,8.347662726909524,8.495147705078125,150600,0.0,0.0
1998-03-03,8.465647914127459,8.465647914127459,8.377156818596045,8.391905784606934,9900,0.0,0.0
1998-03-04,8.37715760288795,8.43615212218777,8.347661018371582,8.347661018371582,17100,0.0,0.0
1998-03-05,8.288663280823101,8.377154350280762,8.288663280823101,8.377154350280762,22800,0.0,0.0
1998-03-06,8.391903311945892,8.406651598477742,8.377154350280762,8.377154350280762,16200,0.0,0.0
1998-03-09,8.406655591350912,8.421403884887695,8.318164479863007,8.421403884887695,15000,0.0,0.0
1998-03-10,8.229672320102356,8.31816342031851,8.229672320102356,8.259169578552246,32400,0.0,0.0
1998-03-11,8.30341625213623,8.347661808230859,8.28866728334895,8.30341625213623,19200,0.0,0.0
1998-03-12,8.302820421597783,8.302820421597783,8.243725838150954,8.273273468017578,9900,0.02,0.0
1998-03-13,8.25850417565364,8.288051822911138,8.125540777425119,8.155088424682617,39000,0.0,0.0
1998-03-16,8.18463409559666,8.243728699555268,8.1255388153514,8.199407577514648,38700,0.0,0.0
1998-03-17,8.169859876086365,8.243728637695312,8.169859876086365,8.243728637695312,21600,0.0,0.0
1998-03-18,8.243728637695312,8.27327627759622,8.214180997794404,8.243728637695312,24000,0.0,0.0
1998-03-19,8.273273468017578,8.302820421597783,8.273273468017578,8.273273468017578,28200,0.0,0.0
1998-03-20,8.243730661642717,8.288051794232194,8.228957176208496,8.228957176208496,23400,0.0,0.0
1998-03-23,8.273278093874287,8.361920356750488,8.273278093874287,8.361920356750488,18900,0.0,0.0
1998-03-24,8.48010905619251,8.68694121531951,8.421014443421976,8.642620086669922,48000,0.0,0.0
1998-03-25,8.73125962062029,8.746033100133271,8.539201681805377,8.58352279663086,29100,0.0,0.0
1998-03-26,8.539199652650074,8.746031021828989,8.509652024358923,8.716484069824219,25200,0.0,0.0
1998-03-27,8.77558483099994,8.923321723937988,8.77558483099994,8.923321723937988,19200,0.0,0.0
1998-03-30,8.923316968132008,9.071054458618164,8.923316968132008,9.071054458618164,13500,0.0,0.0
1998-03-31,9.10059928894043,9.130146915389888,9.07105233877731,9.10059928894043,33600,0.0,0.0
1998-04-01,9.159698373901364,9.218792975236829,9.100603096279277,9.174471855163574,37200,0.0,0.0
1998-04-02,9.174471855163574,9.218792975236829,9.174471855163574,9.174471855163574,21300,0.0,0.0
1998-04-03,9.218795806411368,9.218795806411368,9.144927024841309,9.144927024841309,15300,0.0,0.0
1998-04-06,9.159701564183097,9.159701564183097,8.923321723937988,8.923321723937988,41700,0.0,0.0
1998-04-07,8.952868345731792,8.982415991443661,8.923320700019922,8.967641830444336,72900,0.0,0.0
1998-04-08,8.938088417053223,8.967635365176271,8.923314266705406,8.938088417053223,30900,0.0,0.0
1998-04-09,8.938092177245096,8.96763913779834,8.908544540405273,8.908544540405273,57900,0.0,0.0
1998-04-13,8.923314882816355,9.10059928894043,8.893767932653235,9.10059928894043,56400,0.0,0.0
1998-04-14,9.159697207171083,9.632455310209766,9.159697207171083,9.425623893737793,136500,0.0,0.0
1998-04-15,9.48471249571634,9.750639014287826,9.48471249571634,9.661996841430664,92100,0.0,0.0
1998-04-16,9.63245696506443,9.64723112326958,9.499493598937988,9.499493598937988,23700,0.0,0.0
1998-04-17,9.455174446105957,9.455174446105957,9.396079829837795,9.455174446105957,58500,0.0,0.0
1998-04-20,9.425622890533615,9.46994400024414,9.425622890533615,9.46994400024414,19200,0.0,0.0
1998-04-21,9.484722092383434,9.514269738660913,9.425627476115272,9.455174446105957,52500,0.0,0.0
1998-04-22,9.514266856089518,9.63245605281764,9.514266856089518,9.529040336608887,39000,0.0,0.0
1998-04-23,9.573364500253106,9.662006764144337,9.366532325744629,9.366532325744629,62700,0.0,0.0
1998-04-24,9.36652761684693,9.425622880589593,9.36652761684693,9.396075248718262,26100,0.0,0.0
1998-04-27,9.336981827633,9.366528786908859,9.189244326107515,9.218791961669922,58500,0.0,0.0
1998-04-28,9.218790849303977,9.277885437011719,9.218790849303977,9.277885437011719,136500,0.0,0.0
1998-04-29,9.248339597232327,9.307434192070593,9.218791961669922,9.218791961669922,44700,0.0,0.0
1998-04-30,9.336981342440723,9.632454977564436,9.336981342440723,9.54381275177002,96600,0.0,0.0
1998-05-01,9.514269738660913,9.514269738660913,9.425627476115272,9.455174446105957,21900,0.0,0.0
1998-05-04,9.484717468045792,9.484717468045792,9.396075248718262,9.396075248718262,24900,0.0,0.0
1998-05-05,9.336979758499247,9.351753234863281,9.336979758499247,9.351753234863281,9600,0.0,0.0
1998-05-06,9.336982733453972,9.336982733453972,9.248340494453734,9.263113975524902,15900,0.0,0.0
1998-05-07,9.218791220523302,9.218791220523302,9.071054407161697,9.115375518798828,21900,0.0,0.0
1998-05-08,9.130153466010716,9.189248085021973,9.130153466010716,9.189248085021973,24300,0.0,0.0
1998-05-11,9.189247797962164,9.396079972470641,9.071058563631723,9.366532325744629,86100,0.0,0.0
1998-05-12,9.396075990464952,9.662002669440376,9.396075990464952,9.573360443115234,73800,0.0,0.0
1998-05-13,9.543815842430998,9.64723225687244,9.51426887512207,9.51426887512207,110400,0.0,0.0
1998-05-14,9.455170525975603,9.573360385796995,9.455170525975603,9.54381275177002,21600,0.0,0.0
1998-05-15,9.543815794383939,9.632458048437929,9.45517354032995,9.484721183776855,103800,0.0,0.0
1998-05-18,9.469946988296094,9.499493953235087,9.366530582149588,9.381304740905762,17100,0.0,0.0
1998-05-19,9.381306868959289,9.381306868959289,9.248343467712402,9.248343467712402,99900,0.0,0.0
1998-05-20,9.307438087282076,9.307438087282076,9.248343467712402,9.248343467712402,12300,0.0,0.0
1998-05-21,9.277890351682272,9.277890351682272,9.159701113659757,9.189248085021973,9600,0.0,0.0
1998-05-22,9.204015773789902,9.204015773789902,9.144920520053613,9.15969467163086,35100,0.0,0.0
1998-05-26,9.130146915389888,9.159694541839349,9.10059928894043,9.10059928894043,66900,0.0,0.0
1998-05-27,9.100606275209607,9.115380437919198,8.997190517676758,9.026738166809082,102300,0.0,0.0
1998-05-28,9.041507665703136,9.041507665703136,8.982413069787526,9.01196002960205,26700,0.0,0.0
1998-05-29,9.026168584317656,9.055762806200622,8.996575039787505,9.040966033935547,25500,0.02,0.0
1998-06-01,9.040961497062947,9.055758261902813,9.026164054870605,9.026164054870605,6300,0.0,0.0
1998-06-02,9.026165518765534,9.055759730597435,8.996571984286222,9.011368751525879,11100,0.0,0.0
1998-06-03,8.996571984286222,9.026165518765534,8.996571984286222,9.011368751525879,15000,0.0,0.0
1998-06-04,9.026165327717484,9.322105407714844,9.026165327717484,9.322105407714844,99900,0.0,0.0
1998-06-05,9.351702193968393,9.514468707036004,9.351702193968393,9.499671936035156,202500,0.0,0.0
1998-06-08,9.49966937499427,9.61804554314599,9.455278396606445,9.455278396606445,71400,0.0,0.0
1998-06-09,9.410889754554981,9.470077514648438,9.396092983869803,9.470077514648438,20100,0.0,0.0
1998-06-10,9.470072657303676,9.470072657303676,9.336899757385254,9.336899757385254,40500,0.0,0.0
1998-06-11,9.322101081289897,9.322101081289897,9.085349533580906,9.100146293640137,51000,0.0,0.0
1998-06-12,9.055756195695361,9.070552957159123,8.730222702026367,8.730222702026367,128100,0.0,0.0
1998-06-15,8.745019692387467,8.774613893441927,8.611846803670907,8.715425491333008,42300,0.0,0.0
1998-06-16,8.67103430146668,8.730222702026367,8.65623754000292,8.730222702026367,81000,0.0,0.0
1998-06-17,8.730226448807754,8.907790371987893,8.730226448807754,8.759819984436035,168300,0.0,0.0
1998-06-18,8.700634956359863,8.730229178594342,8.685838183919037,8.700634956359863,35100,0.0,0.0
1998-06-19,8.671038697844104,8.685836144162767,8.61185094462745,8.64144515991211,15000,0.0,0.0
1998-06-22,8.611848323732989,8.6266450881958,8.597051559270179,8.6266450881958,21300,0.0,0.0
1998-06-23,8.611852444927674,8.611852444927674,8.582258224487305,8.582258224487305,9300,0.0,0.0
1998-06-24,8.61184579890569,8.626642559030376,8.523063883453055,8.552658081054688,62700,0.0,0.0
1998-06-25,8.523070460959348,8.597055673383881,8.46388269743139,8.582258224487305,16200,0.0,0.0
1998-06-26,8.611851586938716,8.685836791992188,8.597054816869107,8.685836791992188,57300,0.0,0.0
1998-06-29,8.700632235826859,8.759819984436035,8.641444487217683,8.759819984436035,229500,0.0,0.0
1998-06-30,8.819007198112532,9.144540786743164,8.774616223419605,9.144540786743164,98700,0.0,0.0
1998-07-01,9.144546330171897,9.144546330171897,8.966982323760792,8.981779098510742,58500,0.0,0.0
1998-07-02,8.981777905392565,8.996575355529785,8.952184359823804,8.996575355529785,79200,0.0,0.0
1998-07-06,8.848597690783421,8.996568007177155,8.848597690783421,8.952177047729492,80100,0.0,0.0
1998-07-07,8.937383207695389,8.937383207695389,8.878195463721433,8.922586441040039,85800,0.0,0.0
1998-07-08,8.922588041513272,8.966979026794434,8.907791272203779,8.966979026794434,14400,0.0,0.0
1998-07-09,8.84859561920166,8.863393053788116,8.819002104733004,8.84859561920166,65100,0.0,0.0
1998-07-10,8.907790184020996,8.966977931381228,8.878195971664582,8.907790184020996,56400,0.0,0.0
1998-07-13,8.937386909686584,8.996575355529785,8.907793364117822,8.996575355529785,65100,0.0,0.0
1998-07-14,8.937386909686584,8.996575355529785,8.937386909686584,8.996575355529785,22500,0.0,0.0
1998-07-15,8.996575355529785,8.996575355529785,8.937386909686584,8.996575355529785,4800,0.0,0.0
1998-07-16,8.996575355529785,8.996575355529785,8.981777905392565,8.996575355529785,5400,0.0,0.0
1998-07-17,8.9965732427661,8.9965732427661,8.966979026794434,8.966979026794434,20100,0.0,0.0
1998-07-20,8.952184359823804,8.996575355529785,8.952184359823804,8.996575355529785,22500,0.0,0.0
1998-07-21,8.996571629021904,8.996571629021904,8.922586441040039,8.922586441040039,83100,0.0,0.0
1998-07-22,8.878197056232112,8.966979026794434,8.819009301641458,8.966979026794434,19500,0.0,0.0
1998-07-23,8.9965732427661,9.085355213328421,8.878197056232112,8.966979026794434,145500,0.0,0.0
1998-07-24,9.011371728098073,9.011371728098073,8.937386512756348,8.937386512756348,66600,0.0,0.0
1998-07-27,8.73022698039524,8.73022698039524,8.315910682845264,8.404692649841309,255300,0.0,0.0
1998-07-28,8.419493042183838,8.43428981607687,8.345507818012903,8.375102043151855,245100,0.0,0.0
1998-07-29,8.38989140557461,8.38989140557461,7.960778568217914,8.12354564666748,141300,0.0,0.0
1998-07-30,8.12354564666748,8.138342407489334,8.108748885845626,8.12354564666748,19500,0.0,0.0
1998-07-31,8.123551052950889,8.123551052950889,7.886799335479736,7.886799335479736,90000,0.0,0.0
1998-08-03,7.8719971638956325,7.8719971638956325,7.724027513933884,7.827606201171875,36900,0.0,0.0
1998-08-04,7.8276070582695425,7.8276070582695425,6.65864513766381,6.8805999755859375,374100,0.0,0.0
1998-08-05,6.880602470394705,7.1321516036987305,6.880602470394705,7.1321516036987305,172800,0.0,0.0
1998-08-06,7.1025566147462005,7.191338572430528,7.087759847583007,7.176541805267334,176700,0.0,0.0
1998-08-07,7.13215041460606,8.138345425361116,7.13215041460606,8.019969940185547,496800,0.0,0.0
1998-08-10,8.049565956438983,8.049565956438983,7.694438036635016,7.812814235687256,130800,0.0,0.0
1998-08-11,7.768419188653637,7.768419188653637,7.398494691168549,7.4132914543151855,158400,0.0,0.0
1998-08-12,7.457683890435919,7.561262607574463,7.457683890435919,7.561262607574463,165600,0.0,0.0
1998-08-13,7.561263420110228,7.561263420110228,7.487278904497668,7.502075672149658,31800,0.0,0.0
1998-08-14,7.50207849172975,7.694439252912893,7.50207849172975,7.65004825592041,56100,0.0,0.0
1998-08-17,7.664842002065539,7.664842002065539,7.546465841512537,7.561262607574463,85200,0.0,0.0
1998-08-18,7.561262607574463,7.576060050988921,7.546465841512537,7.561262607574463,69600,0.0,0.0
1998-08-19,7.561263584411295,7.561263584411295,7.398497104644775,7.398497104644775,52500,0.0,0.0
1998-08-20,7.368906231077043,7.368906231077043,7.26532745361328,7.265327453613281,35400,0.0,0.0
1998-08-21,7.20613224343264,7.20613224343264,7.146944522857667,7.146944522857666,14700,0.0,0.0
1998-08-24,7.250528536226761,7.280122756958008,7.235731764537532,7.280122756958008,89700,0.0,0.0
1998-08-25,7.280122630944091,7.309716851163083,7.220934867858887,7.220934867858887,80400,0.0,0.0
1998-08-26,7.2209347613421,7.2209347613421,6.984182357788085,6.984182357788086,67200,0.0,0.0
1998-08-27,7.2209347613421,7.2209347613421,6.984182357788085,6.984182357788086,158400,0.0,0.0
1998-08-28,6.998979130806197,6.998979130806197,6.510678276967456,6.806617736816406,280800,0.0,0.0
1998-08-31,6.984182460812511,7.280122630944091,6.984182460812511,7.220934867858887,845100,0.0,0.0
1998-09-01,7.132153523118828,8.049566981165915,7.102559300250173,7.931191444396973,250800,0.0,0.0
1998-09-02,7.812808534301053,7.812808534301053,7.487275071155928,7.516868591308594,287400,0.0,0.0
1998-09-03,7.516273585487815,7.620048339746555,7.516273585487815,7.56074857711792,187800,0.02,0.0
1998-09-04,7.62005120261154,7.753476227629844,7.590401649475098,7.590401649475098,91800,0.0,0.0
1998-09-08,7.590403228573555,7.694178043409835,7.590403228573555,7.649703025817871,77400,0.0,0.0
1998-09-09,7.62005120261154,7.649701434382753,7.531101185932671,7.590401649475098,93300,0.0,0.0
1998-09-10,7.590404779727169,7.590404779727169,7.41250467300415,7.41250467300415,100200,0.0,0.0
1998-09-11,7.382852642475277,7.397677421569823,7.382852642475277,7.397677421569824,3000,0.0,0.0
1998-09-14,7.427329488547451,7.501454759555019,7.382854461669921,7.382854461669922,63000,0.0,0.0
1998-09-15,7.353204835781717,7.516280174255371,7.323555267793861,7.516280174255371,69600,0.0,0.0
1998-09-16,7.471803462627466,7.471803462627466,7.36802864074707,7.36802864074707,36000,0.0,0.0
1998-09-17,7.382856409637586,7.427331448249861,7.293906332413037,7.353206157684326,32400,0.0,0.0
1998-09-18,7.353206007860615,7.709006309509277,7.323556435146706,7.709006309509277,82800,0.0,0.0
1998-09-21,7.664530722375332,7.827606075152737,7.649705937081084,7.768306255340576,52500,0.0,0.0
1998-09-22,7.827609111585991,7.8869089544013455,7.783134059815616,7.797958850860596,58500,0.0,0.0
1998-09-23,7.812781289858489,7.827606075152737,7.768306255340576,7.768306255340576,46800,0.0,0.0
1998-09-24,7.797952500671366,7.797952500671366,7.723827927173679,7.73865270614624,27600,0.0,0.0
1998-09-25,7.768306255340576,7.797955825929072,7.73865600611691,7.768306255340576,59700,0.0,0.0
1998-09-28,7.812781415638958,7.85725645087289,7.75348091623693,7.827606201171875,81300,0.0,0.0
1998-09-29,7.797958850860596,7.8869089544013455,7.797958850860596,7.797958850860596,51000,0.0,0.0
1998-09-30,7.812779936163903,7.812779936163903,7.709004421179499,7.783129692077637,87300,0.0,0.0
1998-10-01,7.42732780068009,7.42732780068009,7.116002683286314,7.204952716827393,160500,0.0,0.0
1998-10-02,7.219780325361592,7.23460578918457,6.9974051543685745,7.23460578918457,70500,0.0,0.0
1998-10-05,7.234603530804082,7.234603530804082,6.789853327652908,6.863977909088135,117000,0.0,0.0
1998-10-06,6.9974052670130185,6.9974052670130185,6.730555057525635,6.730555057525635,370800,0.0,0.0
1998-10-07,6.686076763162041,6.7009022199962995,6.167202061199289,6.211677074432373,165300,0.0,0.0
1998-10-08,6.167203344031055,6.167203344031055,5.722453119188311,6.048603057861328,247200,0.0,0.0
1998-10-09,6.0486054006956,6.078255653381348,5.989305573959354,6.078255653381348,477000,0.0,0.0
1998-10-12,6.078252440285684,6.22650226807586,6.078252440285684,6.167202472686768,200100,0.0,0.0
1998-10-13,6.167202472686768,6.285802063464952,6.1079019986627845,6.167202472686768,1093500,0.0,0.0
1998-10-14,6.167204498643385,6.285804128382123,6.107904005138902,6.152379035949707,240900,0.0,0.0
1998-10-15,6.167202890152272,6.182027670344331,6.107902412114168,6.122727870941162,34500,0.0,0.0
1998-10-16,6.107904199162072,6.404404640197754,6.107904199162072,6.404404640197754,222000,0.0,0.0
1998-10-19,6.374752685621844,6.908452929403253,6.374752685621844,6.863977909088135,263100,0.0,0.0
1998-10-20,6.849154959222275,6.923280239105224,6.849154959222275,6.923280239105225,183900,0.0,0.0
1998-10-21,6.98257603735294,7.116001057174971,6.98257603735294,7.071526050567627,157500,0.0,0.0
1998-10-22,7.23460578918457,7.293905608570987,7.0641177056664795,7.23460578918457,89700,0.0,0.0
1998-10-23,7.234601301006135,7.249426076997001,7.071526050567628,7.071526050567627,87300,0.0,0.0
1998-10-26,7.101178732228391,7.2049535572528836,7.101178732228391,7.116003513336182,100200,0.0,0.0
1998-10-27,7.145653754186742,7.264253360319026,7.0863532724856215,7.116003513336182,105600,0.0,0.0
1998-10-28,7.116002683286314,7.264252512976479,7.116002683286314,7.204952716827393,146100,0.0,0.0
1998-10-29,7.219780325361592,7.249430574372383,7.219780325361592,7.23460578918457,18900,0.0,0.0
1998-10-30,7.264254584622474,7.353204643530647,7.264254584622474,7.338379859924316,37200,0.0,0.0
1998-11-02,7.353203111790394,7.59040367189118,7.353203111790394,7.575578212738037,61800,0.0,0.0
1998-11-03,7.590401989813944,7.590401989813944,7.471801736046057,7.5014519691467285,66000,0.0,0.0
1998-11-04,7.560753432219845,7.59040367189118,7.501453631512124,7.575578212738037,105600,0.0,0.0
1998-11-05,7.590405451495235,7.590405451495235,7.516280174255371,7.516280174255371,96300,0.0,0.0
1998-11-06,7.471801736046057,7.575576533946207,7.427326725712449,7.5014519691467285,146100,0.0,0.0
1998-11-09,7.501452974299867,7.531102532738615,7.41250294171384,7.442152500152588,41400,0.0,0.0
1998-11-10,7.442155324184915,7.471805572509766,7.353205257845513,7.471805572509766,51600,0.0,0.0
1998-11-11,7.471802323499693,7.531102115728549,7.412502531270838,7.486627101898193,29100,0.0,0.0
1998-11-12,7.590401210079102,7.590401210079102,7.501451198549404,7.531100749969482,51300,0.0,0.0
1998-11-13,7.560752769812254,7.560752769812254,7.442152500152588,7.442152500152588,59100,0.0,0.0
1998-11-16,7.471803462627466,7.5014537025797035,7.353203181453472,7.36802864074707,16500,0.0,0.0
1998-11-17,7.323551625820145,7.323551625820145,7.175301145064806,7.219776153564453,32100,0.0,0.0
1998-11-18,7.21977906672497,7.264254093170166,7.190129501518205,7.264254093170166,81300,0.0,0.0
1998-11-19,7.2642555667970035,7.308730602264404,7.234605995575526,7.308730602264404,70200,0.0,0.0
1998-11-20,7.264254093170166,7.293904337011978,7.264254093170166,7.264254093170166,63000,0.0,0.0
1998-11-23,7.293904337011978,7.293904337011978,7.249429310566783,7.264254093170166,51000,0.0,0.0
1998-11-24,7.264253052727377,7.264253052727377,7.175303012577103,7.2494282722473145,204600,0.0,0.0
1998-11-25,7.2049555401737795,7.264255359560196,7.2049555401737795,7.23460578918457,54600,0.0,0.0
1998-11-27,7.293905608570987,7.293905608570987,7.2049555401737795,7.23460578918457,15900,0.0,0.0
1998-11-30,7.145654475073011,7.264254093170166,7.145654475073011,7.264254093170166,62100,0.0,0.0
1998-12-01,7.2346045279634,7.3235545808537905,7.21977906672497,7.264254093170166,49800,0.0,0.0
1998-12-02,7.264254832965495,7.264254832965495,7.116004955928686,7.190130233764648,107400,0.0,0.0
1998-12-03,7.2049535572528836,7.264253360319026,7.116003513336182,7.116003513336182,132600,0.0,0.0
1998-12-04,7.175302402394508,7.471802737226228,7.175302402394508,7.442152500152588,821100,0.0,0.0
1998-12-07,7.442154238367953,7.442154238367953,7.382854429005297,7.41250467300415,99000,0.0,0.0
1998-12-08,7.412504705799959,7.471804515424981,7.353204217539884,7.382854461669922,88800,0.0,0.0
1998-12-09,7.353204185006444,7.471804482366807,7.353204185006444,7.41250467300415,66000,0.0,0.0
1998-12-10,7.38285342140571,7.412503661357948,7.353203181453472,7.36802864074707,28200,0.0,0.0
1998-12-11,7.353204185006444,7.41250467300415,7.353204185006444,7.41250467300415,77400,0.0,0.0
1998-12-14,7.442156234908875,7.442156234908875,7.353206157684326,7.353206157684326,84900,0.0,0.0
1998-12-15,7.353202467566561,7.442152500152588,7.345790417274321,7.442152500152588,68700,0.0,0.0
1998-12-16,7.396999263092064,7.471266550611565,7.3672922120972135,7.426706314086914,50700,0.02,0.0
1998-12-17,7.456412081942591,7.827747809564776,7.456412081942591,7.72377347946167,162600,0.0,0.0
1998-12-18,7.783186912536621,7.916867599889721,7.694066454301221,7.783186912536621,92400,0.0,0.0
1998-12-21,7.812895006872505,7.812895006872505,7.723774528923635,7.798041820526123,102300,0.0,0.0
1998-12-22,7.753482901745591,7.827750205993652,7.753482901745591,7.827750205993652,54900,0.0,0.0
1998-12-23,7.723777899808788,7.753484965401882,7.604950997307577,7.634657382965088,89700,0.0,0.0
1998-12-24,7.575243839614277,7.604950904846191,7.575243839614277,7.604950904846191,8700,0.0,0.0
1998-12-28,7.604947260185519,7.604947260185519,7.426706314086914,7.426706314086914,18600,0.0,0.0
1998-12-29,7.426706464657647,7.426706464657647,6.891983615520743,6.921689987182617,144600,0.0,0.0
1998-12-30,6.891982978965465,6.891982978965465,6.238432663738291,6.565207481384277,400500,0.0,0.0
1998-12-31,6.565207481384278,6.602341462434759,6.520647248071861,6.565207481384277,50400,0.0,0.0
1999-01-04,6.594913615120781,6.594913615120781,6.357259297076779,6.416672706604004,86100,0.0,0.0
1999-01-05,6.386970541866926,6.386970541866926,6.060195519890583,6.32755708694458,423300,0.0,0.0
1999-01-06,6.357261745310794,6.535502722469644,6.357261745310794,6.490942478179932,433500,0.0,0.0
1999-01-07,6.5057966062840356,6.624624168203786,6.5057966062840356,6.60977029800415,65700,0.0,0.0
1999-01-08,6.698888157012888,7.189050721670787,6.698888157012888,6.981103420257568,169800,0.0,0.0
1999-01-11,6.8919829539561315,7.010809789067914,6.8919829539561315,6.981103420257568,88500,0.0,0.0
1999-01-12,7.010809477693777,7.04051652511993,6.86227560043335,6.86227560043335,72900,0.0,0.0
1999-01-13,6.802860665868737,6.877127247941431,6.639472961425781,6.639472961425781,561600,0.0,0.0
1999-01-14,6.654328435086096,6.743448908234281,6.624622063993534,6.669182300567627,63300,0.0,0.0
1999-01-15,6.624623775482178,6.684037212952166,6.565209658076763,6.624623775482178,25500,0.0,0.0
1999-01-19,6.654328709350776,6.684035761602994,6.416674331138873,6.4612345695495605,132600,0.0,0.0
1999-01-20,6.446382783136786,6.624623775482178,6.446382783136786,6.624623775482178,61800,0.0,0.0
1999-01-21,6.594915397504923,6.684035875849584,6.594915397504923,6.6543288230896,85800,0.0,0.0
1999-01-22,6.639477358467954,6.654330548732124,6.565210047276177,6.60977029800415,92700,0.0,0.0
1999-01-25,6.594916343688965,6.624623400711071,6.594916343688965,6.594916343688965,42600,0.0,0.0
1999-01-26,6.565208241093324,6.565208241093324,6.476087764155698,6.520648002624512,16200,0.0,0.0
1999-01-27,6.565208331847888,6.565208331847888,6.416674428210337,6.431527614593506,300600,0.0,0.0
1999-01-28,6.431525889002033,6.476086116131227,6.386965661872838,6.416672706604004,69000,0.0,0.0
1999-01-29,6.4463801581950975,6.505793571472168,6.416673111588987,6.505793571472168,61800,0.0,0.0
1999-02-01,6.476086524866058,6.5652069847492385,6.416673111588987,6.505793571472168,147300,0.0,0.0
1999-02-02,6.520648664104244,6.520648664104244,6.416674990441283,6.44638204574585,100200,0.0,0.0
1999-02-03,6.446379774774881,6.5355002293573214,6.416672729935699,6.476086139678955,153600,0.0,0.0
1999-02-04,6.535500618078278,6.669181307903048,6.476086524866058,6.505793571472168,56700,0.0,0.0
1999-02-05,6.505794807960247,6.505794807960247,6.4612345695495605,6.4612345695495605,112800,0.0,0.0
1999-02-08,6.446382318902793,6.773157221358286,6.446382318902793,6.743450164794922,45000,0.0,0.0
1999-02-09,6.758306841376399,7.070228685133222,6.758306841376399,6.8474273681640625,288900,0.0,0.0
1999-02-10,6.832572116969192,6.832572116969192,6.684038162231446,6.684038162231445,24600,0.0,0.0
1999-02-11,6.713742928609568,6.713742928609568,6.639475636677253,6.6543288230896,14700,0.0,0.0
1999-02-12,6.624624716323452,6.773158671061198,6.624624716323452,6.684038162231445,156000,0.0,0.0
1999-02-16,6.684035572576051,6.684035572576051,6.565208046862947,6.580061912536621,23100,0.0,0.0
1999-02-17,6.550355145464719,6.550355145464719,6.431527614593506,6.431527614593506,25500,0.0,0.0
1999-02-18,6.476087458829167,6.476087458829167,6.3275535642477765,6.342406749725342,41100,0.0,0.0
1999-02-19,6.342408953326972,6.342408953326972,6.297848701477051,6.297848701477051,16500,0.0,0.0
1999-02-22,6.297847367761073,6.31270123518905,6.20872688293457,6.20872688293457,18600,0.0,0.0
1999-02-23,6.238434710709343,6.297848147975719,6.149314214842066,6.164167404174805,23400,0.0,0.0
1999-02-24,6.149312297793201,6.149312297793201,6.089898879048965,6.104752063751221,57000,0.0,0.0
1999-02-25,6.149312677968319,6.149312677968319,6.000778781957163,6.030485153198242,36900,0.0,0.0
1999-02-26,6.030483927381735,6.10475120025863,6.030483927381735,6.07504415512085,247500,0.0,0.0
1999-03-01,6.13445883531845,6.179019067342712,6.06019155529962,6.1493120193481445,55800,0.0,0.0
1999-03-02,6.179019067342712,6.179019067342712,6.149312019348144,6.1493120193481445,5400,0.0,0.0
1999-03-03,6.1493134530286815,6.238433937855184,6.1493134530286815,6.20872688293457,4500,0.0,0.0
1999-03-04,6.194433453018026,6.298666477203369,6.194433453018026,6.298666477203369,29700,0.021667,0.0
1999-03-05,6.313557020375253,6.700709342956543,6.283776544383048,6.700709342956543,114900,0.0,0.0
1999-03-08,6.700707099221854,6.700707099221854,6.4922404289245605,6.4922404289245605,21000,0.0,0.0
1999-03-09,6.52202118279306,6.52202118279306,6.105088549002969,6.194431304931641,71100,0.0,0.0
1999-03-10,6.164653274946411,6.283777236938477,6.164653274946411,6.283777236938477,21900,0.0,0.0
1999-03-11,6.373119945766434,6.373119945766434,6.283777145973594,6.3135576248168945,71700,0.0,0.0
1999-03-12,6.328444617960605,6.328444617960605,6.105087757110596,6.105087757110596,135900,0.0,0.0
1999-03-15,6.164650159078373,6.224211769153776,6.134869013225104,6.194431304931641,52200,0.0,0.0
1999-03-16,6.164651828523266,6.224213454728511,6.164651828523266,6.179542064666748,16200,0.0,0.0
1999-03-17,6.164649963378906,6.179540195017277,6.134868818471054,6.164649963378906,15300,0.0,0.0
1999-03-18,6.19443266795737,6.4922414654955025,6.19443266795737,6.462460994720459,91500,0.0,0.0
1999-03-19,6.432679729082077,6.641146428994235,6.432679729082077,6.626255512237549,29700,0.0,0.0
1999-03-22,6.641147613525391,6.656037851306664,6.507133428599753,6.641147613525391,57600,0.0,0.0
1999-03-23,6.6113640510872616,6.6113640510872616,6.522021293640137,6.522021293640137,11400,0.0,0.0
1999-03-24,6.432681857536915,6.432681857536915,6.3731202156961455,6.402900695800781,59400,0.0,0.0
1999-03-25,6.432679322076331,6.730488777160645,6.432679322076331,6.7304887771606445,86700,0.0,0.0
1999-03-26,6.760269756769482,6.938955307006836,6.760269756769482,6.938955307006836,107700,0.0,0.0
1999-03-29,6.924064465629963,6.924064465629963,6.7602691650390625,6.7602691650390625,29700,0.0,0.0
1999-03-30,6.760268904605639,6.998516729310701,6.760268904605639,6.909173965454102,56700,0.0,0.0
1999-03-31,6.849614845851125,6.909177170472668,6.849614845851125,6.864505767822266,44100,0.0,0.0
1999-04-01,6.90917790483536,6.9389583886799295,6.849615573883057,6.849615573883057,61800,0.0,0.0
1999-04-05,6.864505767822266,6.879396008161896,6.819834365171864,6.864505767822266,54600,0.0,0.0
1999-04-06,6.849611620517646,6.849611620517646,6.670926094055175,6.670926094055176,52800,0.0,0.0
1999-04-07,6.641147613525391,6.641147613525391,6.581585299137512,6.641147613525391,15300,0.0,0.0
1999-04-08,6.61136344801639,6.61136344801639,6.522020698718871,6.596473217010498,28500,0.0,0.0
1999-04-09,6.5518032404363025,6.730488777160645,6.522022090438503,6.7304887771606445,48000,0.0,0.0
1999-04-12,6.70070724234265,6.70070724234265,6.58158333082394,6.670926094055176,44400,0.0,0.0
1999-04-13,6.656035758709085,6.656035758709085,6.373117240023566,6.477350234985352,77700,0.0,0.0
1999-04-14,6.432681161004143,6.67092838420123,6.3731195256127275,6.6113667488098145,94500,0.0,0.0
1999-04-15,6.611364775443006,7.281435529710878,6.611364775443006,7.266545295715332,96900,0.0,0.0
1999-04-16,7.236765081006704,7.653697821426284,7.236765081006704,7.6090264320373535,102300,0.0,0.0
1999-04-19,7.623918524805312,7.89194690245513,7.623918524805312,7.8323845863342285,50700,0.0,0.0
1999-04-20,7.891944580534061,7.891944580534061,7.8026018142700195,7.8026018142700195,43800,0.0,0.0
1999-04-21,7.832382568700771,7.906835103857107,7.638806795251781,7.772820949554443,64800,0.0,0.0
1999-04-22,7.862166002061633,8.15997554753202,7.862166002061633,8.040851593017578,99000,0.0,0.0
1999-04-23,8.040850164849214,8.159974098205566,8.040850164849214,8.159974098205566,34800,0.0,0.0
1999-04-26,8.145084627198068,8.219537183973525,8.011070433981109,8.040851593017578,42000,0.0,0.0
1999-04-27,8.040849035912817,8.130191802978516,7.981287418412759,8.130191802978516,117300,0.0,0.0
1999-04-28,8.1599717945468,8.368437767028809,8.1599717945468,8.368437767028809,71700,0.0,0.0
1999-04-29,8.338656870191105,8.487561225891113,8.338656870191105,8.487561225891113,61200,0.0,0.0
1999-04-30,8.517344367116817,8.696029908513454,8.517344367116817,8.68113899230957,46800,0.0,0.0
1999-05-03,8.666247175528833,8.666247175528833,8.219533403594356,8.368437767028809,180000,0.0,0.0
1999-05-04,8.39821744557688,8.696026802062988,8.39821744557688,8.696026802062988,87300,0.0,0.0
1999-05-05,8.725808780652875,8.785371071304771,8.606685562611325,8.636466026306152,185400,0.0,0.0
1999-05-06,8.66624873177422,8.844934272635543,8.66624873177422,8.815153121948242,63600,0.0,0.0
1999-05-07,8.874717432071419,8.874717432071419,8.696031850765493,8.785374641418457,60900,0.0,0.0
1999-05-10,8.74121891527677,9.233471870422363,8.74121891527677,9.233471870422363,77100,0.021667,0.0
1999-05-11,9.218561375184661,9.278228211489928,9.14397731767656,9.158894538879395,80100,0.0,0.0
1999-05-12,9.15888606580229,9.15888606580229,8.830717062630939,8.950051307678223,66900,0.0,0.0
1999-05-13,8.950050288938446,8.979884017513124,8.875466308919076,8.92021656036377,27900,0.0,0.0
1999-05-14,8.950059587557924,9.158894538879395,8.950059587557924,9.158894538879395,104100,0.0,0.0
1999-05-17,9.129055926940316,9.129055926940316,9.009721634924203,9.099222183227539,49200,0.0,0.0
1999-05-18,9.129060779309082,9.158894538879395,9.069393943003815,9.158894538879395,47100,0.0,0.0
1999-05-19,9.143971661491575,9.158888873467072,9.099221391234952,9.11413860321045,19500,0.0,0.0
1999-05-20,9.129055132351013,9.129055132351013,9.099221391234952,9.11413860321045,34500,0.0,0.0
1999-05-21,9.114134685766961,9.129051208496094,9.099217480203187,9.129051208496094,64200,0.0,0.0
1999-05-24,9.129052333831787,9.129052333831787,8.92021757570772,8.950051307678223,49200,0.0,0.0
1999-05-25,8.950052416243267,8.950052416243267,8.890385627746582,8.890385627746582,121500,0.0,0.0
1999-05-26,8.890389351486805,8.890389351486805,8.800888789837055,8.830721855163574,166200,0.0,0.0
1999-05-27,8.8307164194264,8.8307164194264,8.711382865905762,8.711382865905762,172800,0.0,0.0
1999-05-28,8.696467707381665,8.696467707381665,8.472716388299505,8.50255012512207,162900,0.0,0.0
1999-06-01,8.532386932598865,8.592053744882186,8.263885253071296,8.368302345275879,181500,0.0,0.0
1999-06-02,8.32355298561789,8.442887306213379,8.293719234760228,8.442887306213379,104400,0.0,0.0
1999-06-03,8.44288698413781,8.59205436706543,8.44288698413781,8.59205436706543,110700,0.0,0.0
1999-06-04,8.621887666537555,8.830721855163574,8.614429058788378,8.830721855163574,78900,0.0,0.0
1999-06-07,8.830718156415086,8.92021868057752,8.771051367918401,8.890385627746582,132300,0.0,0.0
1999-06-08,8.92021738811535,9.069385361996131,8.92021738811535,9.054468154907227,62100,0.0,0.0
1999-06-09,9.069389343261719,9.069389343261719,9.039555598822252,9.069389343261719,23100,0.0,0.0
1999-06-10,9.069384509789765,9.129051284034652,9.009717052710233,9.03955078125,23400,0.0,0.0
1999-06-11,9.069389343261719,9.099222404866175,9.009721854382786,9.069389343261719,30900,0.0,0.0
1999-06-14,9.09922701973877,9.218561375184661,9.084310481371293,9.158894538879395,29400,0.0,0.0
1999-06-15,9.218556234686167,9.39755732662182,9.188722491751898,9.278223037719727,46200,0.0,0.0
1999-06-16,9.308059404481131,9.487060546875,9.308059404481131,9.487060546875,41400,0.0,0.0
1999-06-17,9.45722383424887,9.57655811942343,9.45722383424887,9.501974105834961,68100,0.0,0.0
1999-06-18,9.546723637715747,9.546723637715747,9.367722565240859,9.39755630493164,144300,0.0,0.0
1999-06-21,9.367723685423286,9.367723685423286,9.278223138483462,9.337890625,89700,0.0,0.0
1999-06-22,9.367726224334032,9.487060546875,9.367726224334032,9.487060546875,42300,0.0,0.0
1999-06-23,9.457223892211914,9.487057634397143,9.427390832861644,9.457223892211914,331500,0.0,0.0
1999-06-24,9.516895527456047,9.531812063637155,9.36772743430395,9.382644653320312,57600,0.0,0.0
1999-06-25,9.397557377815247,9.41247390794615,9.308056831359863,9.308056831359863,71400,0.0,0.0
1999-06-28,9.337890625,9.427391171939824,9.337890625,9.337890625,64800,0.0,0.0
1999-06-29,9.352807053637907,9.427391069556087,9.218556234686167,9.278223037719727,63000,0.0,0.0
1999-06-30,9.308056831359863,9.308056831359863,9.188722541807692,9.308056831359863,95400,0.0,0.0
1999-07-01,9.308055025859943,9.308055025859943,9.173804232217732,9.218554496765137,14700,0.0,0.0
1999-07-02,9.218554496765137,9.218554496765137,9.158887704980213,9.218554496765137,16500,0.0,0.0
1999-07-06,9.188721765687394,9.218555506264291,9.158888707945419,9.173805236816406,14700,0.0,0.0
1999-07-07,9.129052333831787,9.129052333831787,8.935134783110334,8.950051307678223,52500,0.0,0.0
1999-07-08,8.920220478980273,8.979887962341309,8.905303949557487,8.979887962341309,24000,0.0,0.0
1999-07-09,9.00972102118688,9.00972102118688,8.95005422066079,8.979887962341309,39000,0.0,0.0
1999-07-12,9.009717899309935,9.054468154907227,9.009717899309935,9.054468154907227,39600,0.0,0.0
1999-07-13,8.920222150676283,9.03955645692728,8.920222150676283,9.009722709655762,22200,0.0,0.0
1999-07-14,9.054472316949274,9.054472316949274,8.920221488446723,8.935138702392578,35400,0.0,0.0
1999-07-15,8.950052416243267,8.979886151909014,8.771051367918401,8.890385627746582,67500,0.0,0.0
1999-07-16,8.890385627746582,8.905302154162051,8.875468418496302,8.890385627746582,13200,0.0,0.0
1999-07-19,8.890387652393908,8.890387652393908,8.681552820844415,8.800887107849121,54000,0.0,0.0
1999-07-20,8.80088544484323,8.80088544484323,8.50255012512207,8.50255012512207,47400,0.0,0.0
1999-07-21,8.472717559682957,8.502551300630145,8.353383961564067,8.398134231567383,18900,0.0,0.0
1999-07-22,8.36829963574731,8.36829963574731,8.01029751229288,8.159464836120605,84000,0.0,0.0
1999-07-23,8.137092293102933,8.338468551635742,8.137092293102933,8.338468551635742,34800,0.0,0.0
1999-07-26,8.33846886774,8.33846886774,8.174384957938592,8.189301490783691,14100,0.0,0.0
1999-07-27,8.17438204648778,8.234048839451898,8.144548308588291,8.159464836120605,87600,0.0,0.0
1999-07-28,8.114713881387894,8.14454761675317,8.025213358126871,8.084880828857422,140100,0.0,0.0
1999-07-29,8.025213358126871,8.084880828857422,8.010296831861634,8.084880828857422,17700,0.0,0.0
1999-07-30,8.08487966690603,8.114712715148926,8.08487966690603,8.114712715148926,47400,0.0,0.0
1999-08-02,8.114716502204066,8.263884544372559,8.099799971121227,8.263884544372559,69600,0.0,0.0
1999-08-03,8.293714272644365,8.651716337403615,8.293714272644365,8.636799812316895,72600,0.0,0.0
1999-08-04,8.681554933389029,8.711388683108604,8.577137833623206,8.59205436706543,75900,0.0,0.0
1999-08-05,8.562213003521247,8.577130206533694,8.413045753238457,8.472712516784668,42600,0.0,0.0
1999-08-06,8.45780384022463,8.532387875951205,8.413053555355717,8.442887306213379,20400,0.0,0.0
1999-08-09,8.472719257854369,8.562219815799432,8.427968978881836,8.427968978881836,38700,0.0,0.0
1999-08-10,8.457801030626829,8.472717559682957,8.383217019676323,8.398134231567383,20100,0.0,0.0
1999-08-11,8.39813428824969,8.39813428824969,8.353384017944336,8.353384017944336,30900,0.0,0.0
1999-08-12,8.368927147951785,8.368927147951785,8.324093610880803,8.339037895202637,8100,0.021667,0.0
1999-08-13,8.339037147972965,8.368926398043852,8.30914789790208,8.324092864990234,20100,0.0,0.0
1999-08-16,8.339037437205459,8.339037437205459,8.249370367988195,8.264314651489258,31500,0.0,0.0
1999-08-17,8.279260073809821,8.368927147951785,8.279260073809821,8.339037895202637,52500,0.0,0.0
1999-08-18,8.353982179524468,8.353982179524468,8.279260073809821,8.339037895202637,184500,0.0,0.0
1999-08-19,8.339034831885673,8.368924073655108,8.309145590116238,8.353979110717773,31800,0.0,0.0
1999-08-20,8.309145590116238,8.353979110717773,8.249367790682602,8.353979110717773,44100,0.0,0.0
1999-08-23,8.339037895202637,8.383871432273619,8.249370821060673,8.339037895202637,36300,0.0,0.0
1999-08-24,8.339037895202637,8.339037895202637,8.279260073809821,8.339037895202637,15900,0.0,0.0
1999-08-25,8.294204358131655,8.339037895202637,8.264315105382504,8.339037895202637,19800,0.0,0.0
1999-08-26,8.339037646418031,8.368926898275474,8.249370574951172,8.249370574951172,17400,0.0,0.0
1999-08-27,8.279259826808612,8.279259826808612,8.249370574951172,8.249370574951172,23400,0.0,0.0
1999-08-30,8.234424601835965,8.234424601835965,8.070034776501746,8.084979057312012,33300,0.0,0.0
1999-08-31,8.055090503599041,8.070034784423978,7.860811432348248,7.920589923858643,63900,0.0,0.0
1999-09-01,7.95047683758368,7.980366077143624,7.8159762857217085,7.860809803009033,39600,0.0,0.0
1999-09-02,7.860812342520194,7.860812342520194,7.711367464651234,7.7412567138671875,29700,0.0,0.0
1999-09-03,7.771142768434385,7.860809803009032,7.771142768434385,7.860809803009033,30600,0.0,0.0
1999-09-07,7.8907036781311035,7.9803707653825935,7.8907036781311035,7.8907036781311035,108300,0.0,0.0
1999-09-08,7.950475569632135,7.950475569632135,7.711363743601982,7.771141529083252,45000,0.0,0.0
1999-09-09,7.83092463440386,7.875758171081543,7.801035381916911,7.875758171081543,49800,0.0,0.0
1999-09-10,7.890701410928373,8.010257720947266,7.890701410928373,8.010257720947266,59700,0.0,0.0
1999-09-13,7.980366450348081,8.12981128692627,7.950477209390357,8.12981128692627,51600,0.0,0.0
1999-09-14,8.114867008500015,8.159700527883993,8.114867008500015,8.12981128692627,19800,0.0,0.0
1999-09-15,8.159699640264959,8.189588877971307,8.129810402558611,8.144755363464355,11100,0.0,0.0
1999-09-16,8.1447555379222,8.1447555379222,7.980365753173828,7.980365753173828,34500,0.0,0.0
1999-09-17,7.950479223885125,8.040146285372948,7.950479223885125,8.010257720947266,15600,0.0,0.0
1999-09-20,7.980368655278603,7.980368655278603,7.7412567138671875,7.7412567138671875,42000,0.0,0.0
1999-09-21,7.801033973693848,7.801033973693848,7.726311198017983,7.801033973693848,24300,0.0,0.0
1999-09-22,7.741254942143335,7.741254942143335,7.681476457392797,7.711365699768066,25200,0.0,0.0
1999-09-23,7.741257954203184,7.741257954203184,7.502145290374756,7.502145290374756,42900,0.0,0.0
1999-09-24,7.532034544379688,7.56192379838462,7.472256720475338,7.502145290374756,7800,0.0,0.0
1999-09-27,7.442368641952795,7.621702826096236,7.307868003845215,7.307868003845215,42800,0.0,1.5
1999-09-28,7.263034457809354,7.330284776863145,7.218200911773494,7.307868003845215,47400,0.0,0.0
1999-09-29,7.397533540266106,7.442367076873779,7.30786646705076,7.442367076873779,20600,0.0,0.0
1999-09-30,7.44236637864794,7.576866975852421,7.44236637864794,7.532033443450928,88400,0.0,0.0
1999-10-01,7.576868235534305,7.576868235534305,7.3975340761133745,7.5544514656066895,26800,0.0,0.0
1999-10-04,7.5544487410238705,7.621699026552274,7.53203197918107,7.599282264709473,233800,0.0,0.0
1999-10-05,7.532033443450928,7.576866975852421,7.487199911049434,7.532033443450928,27400,0.0,0.0
1999-10-06,7.532033443450928,7.532033443450928,7.532033443450928,7.532033443450928,12800,0.0,0.0
1999-10-07,7.621700286865234,7.621700286865234,7.53203322466682,7.621700286865234,16000,0.0,0.0
1999-10-08,7.576871395111084,7.621704953662037,7.576871395111084,7.576871395111084,7600,0.0,0.0
1999-10-11,7.666534759912146,7.666534759912146,7.442367076873779,7.442367076873779,39800,0.0,0.0
1999-10-12,7.4647838451776165,7.509617381785289,7.442367076873779,7.442367076873779,21600,0.0,0.0
1999-10-13,7.442365777706671,7.487199306488037,7.35269872014394,7.487199306488037,16800,0.0,0.0
1999-10-14,7.487200104160073,7.487200104160073,7.26303243637085,7.26303243637085,10600,0.0,0.0
1999-10-15,7.263034708011225,7.263034708011225,7.08370051768996,7.218201160430908,29600,0.0,0.0
1999-10-18,7.173367612850592,7.218201160430908,7.128534065270276,7.218201160430908,28400,0.0,0.0
1999-10-19,7.173367640015426,7.1957844138904745,7.038866996765138,7.038866996765137,44800,0.0,0.0
1999-10-20,6.859529776322214,6.859529776322214,6.366360968874211,6.388777732849121,49200,0.0,0.0
1999-10-21,6.4560292561848955,6.680196938691315,6.411195719683612,6.657780170440674,93600,0.0,0.0
1999-10-22,6.702615631780318,6.994033702727288,6.702615631780318,6.94920015335083,70800,0.0,0.0
1999-10-25,6.994030264359487,7.173364373702038,6.971613500691667,7.083697319030762,43200,0.0,0.0
1999-10-26,7.173366298923245,7.352700456396326,6.859531523345352,6.904365062713623,173600,0.0,0.0
1999-10-27,6.881949469065056,6.994033336639405,6.881949469065056,6.994033336639404,32800,0.0,0.0
1999-10-28,7.061280347406864,7.173364162445068,6.994030058383942,7.173364162445068,153400,0.0,0.0
1999-10-29,7.038864587034498,7.532033443450928,7.038864587034498,7.532033443450928,162600,0.0,0.0
1999-11-01,7.532028198242188,7.935529708862306,7.532028198242188,7.935529708862305,50800,0.0,0.0
1999-11-02,7.957950129418514,8.428702108905243,7.957950129418514,8.271784782409668,99200,0.0,0.0
1999-11-03,8.339038491886567,8.406288802305008,8.249371411328648,8.383872032165527,30400,0.0,0.0
1999-11-04,8.428701681839792,8.60803576017681,8.339034642671285,8.5183687210083,36800,0.0,0.0
1999-11-05,8.563202520211538,8.652869562307993,8.51836899916331,8.608036041259766,25600,0.0,0.0
1999-11-08,8.608038395009142,8.608038395009142,8.428704261779785,8.428704261779785,35600,0.0,0.0
1999-11-09,8.383872032165527,8.428705572444487,8.249371411328648,8.383872032165527,34000,0.0,0.0
1999-11-10,8.428704261779785,8.608038395009142,8.383870728472445,8.428704261779785,27400,0.0,0.0
1999-11-11,8.4287049693446,8.4287049693446,8.339037895202637,8.339037895202637,13800,0.0,0.0
1999-11-12,8.339037895202637,8.339037895202637,8.20453728398969,8.339037895202637,66600,0.0,0.0
1999-11-15,8.294204110684602,8.428704717884893,8.15970350348431,8.249370574951172,46400,0.0,0.0
1999-11-16,8.159702099722105,8.495953559875488,8.159702099722105,8.495953559875488,50400,0.0,0.0
1999-11-17,8.428706982997076,8.563207626342773,8.226956017978528,8.563207626342773,64000,0.0,0.0
1999-11-18,8.563207626342773,8.608041174124672,8.361456661324226,8.563207626342773,22600,0.0,0.0
1999-11-19,8.608037032480315,8.608037032480315,8.518369980058644,8.540786743164062,18800,0.0,0.0
1999-11-22,8.518367747413894,8.652868290794114,8.518367747413894,8.585618019104004,17200,0.0,0.0
1999-11-23,8.585621934986873,8.652872237349694,8.428704562806956,8.45112133026123,25400,0.0,0.0
1999-11-24,8.451123532794771,8.495957079387846,8.383873212905158,8.473540306091309,36400,0.0,0.0
1999-11-26,8.473537795087124,8.473537795087124,8.428704261779785,8.428704261779785,5200,0.0,0.0
1999-11-29,8.451118717590967,8.608036041259766,8.249367872873941,8.608036041259766,53400,0.0,0.0
1999-11-30,8.563203395941319,8.832204549740522,8.563203395941319,8.742537498474121,92400,0.0,0.0
1999-12-01,8.697706814118249,8.697706814118249,8.383872032165527,8.383872032165527,76600,0.0,0.0
1999-12-02,8.40628820080911,8.495955274951074,8.294204358131655,8.339037895202637,133400,0.0,0.0
1999-12-03,8.38386824574432,8.38386824574432,8.294201205682883,8.316617965698242,92200,0.0,0.0
1999-12-06,8.316617965698242,8.316617965698242,8.294201205682883,8.316617965698242,70800,0.0,0.0
1999-12-07,8.316617075250953,8.316617075250953,8.114866256713867,8.114866256713867,31200,0.0,0.0
1999-12-08,8.070036185966742,8.159703254699707,7.98036911723378,8.159703254699707,27600,0.0,0.0
1999-12-09,8.159706306457519,8.159706306457519,7.845871448516846,7.845871448516846,90600,0.0,0.0
1999-12-10,7.845862706502279,7.935529708862306,7.71136220296224,7.935529708862305,24400,0.0,0.0
1999-12-13,7.845869151557364,7.845869151557364,7.307866695450574,7.352700233459473,163000,0.0,0.0
1999-12-14,7.37511284568093,7.419946358420632,7.307862576571377,7.397529602050781,17400,0.0,0.0
1999-12-15,7.393038828688932,7.460452556610107,7.280682615486973,7.460452556610107,37200,0.025,0.0
1999-12-16,7.460453327328778,7.460453327328778,7.41551083740511,7.437982082366943,23600,0.0,0.0
1999-12-17,7.437979605175762,7.437979605175762,7.235738467874911,7.258209705352783,123800,0.0,0.0
1999-12-20,7.190796675955414,7.235739155180135,7.011026759056528,7.05596923828125,52800,0.0,0.0
1999-12-21,7.05597516125853,7.145860195159913,6.876205093455765,7.145860195159912,122000,0.0,0.0
1999-12-22,7.14585315329688,7.595277879919325,7.14585315329688,7.55033540725708,91800,0.0,0.0
1999-12-23,7.5952794143508155,8.224474158734907,7.5952794143508155,8.134589195251465,101400,0.0,0.0
1999-12-27,8.134590173505016,8.98849742928731,8.134590173505016,8.718842506408691,135600,0.0,0.0
1999-12-28,8.718842489799732,8.808727463921379,8.628957515678085,8.713225364685059,47400,0.0,0.0
1999-12-29,8.71884368856748,8.763786181807518,8.628958702087402,8.628958702087402,108200,0.0,0.0
1999-12-30,8.6514327261183,8.6514327261183,8.494133949279785,8.494133949279785,32800,0.0,0.0
1999-12-31,8.494127655029297,8.494127655029297,8.404242706298827,8.426713943481445,14600,0.0,0.0
2000-01-03,8.426716732779585,8.426716732779585,8.04470557422691,8.067176818847656,48600,0.0,0.0
2000-01-04,8.022234214953523,8.022234214953523,7.46045310746378,7.527866840362549,132400,0.0,0.0
2000-01-05,7.550337394781872,7.730107332752869,7.5278661525354975,7.617751121520996,29800,0.0,0.0
2000-01-06,7.685166843959264,7.864936828613281,7.685166843959264,7.864936828613281,50600,0.0,0.0
2000-01-07,7.9098782857259105,8.089648246765137,7.887407040596008,8.089648246765137,30200,0.0,0.0
2000-01-10,8.269416586473703,8.494128993714837,8.134589142129023,8.471657752990723,58800,0.0,0.0
2000-01-11,8.539074474199591,8.539074474199591,8.179534496338555,8.2469482421875,48000,0.0,0.0
2000-01-12,8.179530041941096,8.179530041941096,7.954817678151506,7.999760150909424,37800,0.0,0.0
2000-01-13,8.179534496338555,8.359304485269073,8.134591999105925,8.2469482421875,56400,0.0,0.0
2000-01-14,8.314360698064167,8.314360698064167,8.089648246765137,8.089648246765137,24600,0.0,0.0
2000-01-18,8.044702236261745,8.044702236261745,7.864932353887181,7.954817295074463,36800,0.0,0.0
2000-01-19,8.089649189602245,8.089649189602245,7.864936712113294,7.909879207611084,31600,0.0,0.0
2000-01-20,7.999764317103795,8.044706813267299,7.819994332449777,7.864936828613281,59200,0.0,0.0
2000-01-21,7.86493273263567,8.022231387288382,7.86493273263567,7.999760150909424,27000,0.0,0.0
2000-01-24,7.999761934841381,7.999761934841381,7.640222072601318,7.640222072601318,59200,0.0,0.0
2000-01-25,7.685164983014027,7.685164983014027,7.460452556610107,7.460452556610107,27600,0.0,0.0
2000-01-26,7.4604504619325915,7.595277879919325,7.4604504619325915,7.55033540725708,17600,0.0,0.0
2000-01-27,7.595277879919325,7.595277879919325,7.370565516608102,7.55033540725708,25800,0.0,0.0
2000-01-28,7.550337527171675,7.640222497733243,7.370567586048541,7.460452556610107,74000,0.0,0.0
2000-01-31,7.550337527171675,7.640222497733243,7.460452556610107,7.460452556610107,65400,0.0,0.0
2000-02-01,7.550336460867327,7.550336460867327,7.370566545132391,7.505393981933594,103000,0.0,0.0
2000-02-02,7.482922883439891,7.482922883439891,7.100911805306324,7.123383045196533,25000,0.0,0.0
2000-02-03,7.100910949707031,7.1907958984375,7.100910949707031,7.1907958984375,26000,0.0,0.0
2000-02-04,7.1908000120922315,7.1908000120922315,7.145857512016655,7.168328762054443,23600,0.0,0.0
2000-02-07,7.100913493664234,7.190798474596693,6.921143531799316,6.921143531799316,68200,0.0,0.0
2000-02-08,6.988556968199241,7.011028212469978,6.6514883041381845,6.651488304138184,33600,0.0,0.0
2000-02-09,6.60654450782855,6.696429467118735,6.471717068893274,6.49418830871582,103200,0.0,0.0
2000-02-10,6.494189527299669,7.011028140198951,6.067235890556785,6.8762006759643555,190200,0.0,0.0
2000-02-11,6.921140859001561,7.01102580522236,6.718899730004762,6.831255912780762,90000,0.0,0.0
2000-02-14,6.921142070968716,7.775049209594726,6.763843387537609,7.775049209594727,126400,0.0,0.0
2000-02-15,7.73010746829481,7.73010746829481,7.213268887565797,7.460452556610107,70600,0.0,0.0
2000-02-16,7.550338887722693,7.572810134412344,7.190798940688279,7.21327018737793,98600,0.0,0.0
2000-02-17,7.460453327328778,7.460453327328778,7.280683367634108,7.437982082366943,126800,0.0,0.0
2000-02-18,7.505398066147514,7.505398066147514,7.235743045806885,7.235743045806885,35400,0.0,0.0
2000-02-22,7.235738860236274,7.25821009893266,6.921141518486871,7.078440189361572,202000,0.0,0.0
2000-02-23,7.10091075144316,7.10091075144316,6.831255912780762,6.831255912780762,39800,0.0,0.0
2000-02-24,6.921140859001561,6.96608333211196,6.786313439670361,6.831255912780762,38200,0.0,0.0
2000-02-25,6.8762026388668325,7.011030141589711,6.8762026388668325,6.9436163902282715,26800,0.0,0.0
2000-02-28,6.831256926623805,7.168325524976953,6.831256926623805,7.123383045196533,67600,0.0,0.0
2000-02-29,7.078443588749055,7.190799836189516,6.966087341308594,6.966087341308594,40800,0.0,0.0
2000-03-01,6.966082887885012,7.415507590329206,6.966082887885012,7.280680179595947,60200,0.0,0.0
2000-03-02,7.235740510723259,7.303154242189624,7.100913047790527,7.100913047790527,16600,0.0,0.0
2000-03-03,7.011026093096187,7.258209705352783,6.921141143184697,7.258209705352783,19400,0.0,0.0
2000-03-06,7.213267773389815,7.235739012559255,6.336889445781707,6.47171688079834,121800,0.0,0.0
2000-03-07,6.561604914039072,6.7413749116839785,6.561604914039072,6.673961162567139,70800,0.0,0.0
2000-03-08,6.671256661029309,6.9642510414123535,6.581104543988372,6.9642510414123535,25400,0.0275,0.0
2000-03-09,6.941710487439319,7.054400592754892,6.85155840318686,7.009324550628662,36000,0.0,0.0
2000-03-10,6.874097667221914,7.0318638431909415,6.8515596420834814,6.919173717498779,55800,0.0,0.0
2000-03-13,6.919170616538661,7.076936721801758,6.8064805413507345,7.076936721801758,65400,0.0,0.0
2000-03-14,7.122017719806769,7.347398027395591,6.986789535253476,7.03186559677124,50000,0.0,0.0
2000-03-15,6.941712379455566,6.941712379455566,6.8064842162194195,6.941712379455566,46800,0.0,0.0
2000-03-16,7.031859463658826,7.843227863311768,7.031859463658826,7.843227863311768,51600,0.0,0.0
2000-03-17,7.753077098301479,7.843229157584054,7.4375448908124655,7.572772979736328,72200,0.0,0.0
2000-03-20,7.617848942446154,7.798153059427128,7.617848942446154,7.753077030181885,32800,0.0,0.0
2000-03-21,7.7080022335052485,7.7080022335052485,7.505160069465637,7.662926197052002,32400,0.0,0.0
2000-03-22,7.640390059018784,7.640390059018784,7.460085868835449,7.460085868835449,35400,0.0,0.0
2000-03-23,7.392470525028496,7.482622604602014,7.302318445454977,7.415008544921875,53800,0.0,0.0
2000-03-24,7.415011351912286,8.023538119394448,7.415011351912286,7.955924034118652,62200,0.0,0.0
2000-03-27,8.046074558162953,8.158764678025179,7.978460486245617,8.136226654052734,81600,0.0,0.0
2000-03-28,8.158762260522256,8.203838295110776,8.023534156756693,8.068610191345215,44400,0.0,0.0
2000-03-29,8.091149820148615,8.158763885498047,7.9784597112328965,8.158763885498047,41400,0.0,0.0
2000-03-30,8.158762364774137,8.339066505432129,8.113686329609639,8.339066505432129,37000,0.0,0.0
2000-03-31,8.339066398876339,8.42921846805338,8.068610191345215,8.068610191345215,73600,0.0,0.0
2000-04-03,8.113686004242341,8.925054604666574,8.113686004242341,8.677136421203613,77000,0.0,0.0
2000-04-04,8.67713810295187,8.67713810295187,8.248915703065935,8.384143829345703,33200,0.0,0.0
2000-04-05,8.339069371527813,8.474297523498535,8.293993320870905,8.474297523498535,13600,0.0,0.0
2000-04-06,8.519371403313672,8.699675559997559,8.519371403313672,8.699675559997559,28800,0.0,0.0
2000-04-07,8.60952504972617,8.6996771444877,8.586987026035786,8.654601097106934,46600,0.0,0.0
2000-04-10,8.677136992902275,8.677136992902275,8.474294829431832,8.496832847595215,18600,0.0,0.0
2000-04-11,8.429224014282227,8.474300078529724,8.339071885787229,8.429224014282227,13200,0.0,0.0
2000-04-12,8.339066115407013,8.67713636332892,8.339066115407013,8.541908264160156,44200,0.0,0.0
2000-04-13,8.47429258219401,8.564444630940756,8.372871527353922,8.451754570007324,52400,0.0,0.0
2000-04-14,8.474299099570826,8.564451217651367,8.158766686288935,8.564451217651367,49200,0.0,0.0
2000-04-17,8.474295913532217,8.474295913532217,8.248915703065935,8.384143829345703,135200,0.0,0.0
2000-04-18,8.339066115407013,8.564446280688284,8.339066115407013,8.541908264160156,79800,0.0,0.0
2000-04-19,8.519369845120412,8.519369845120412,8.293989690487598,8.361603736877441,39600,0.0,0.0
2000-04-20,8.316526326266203,8.339064337990502,8.113684220747514,8.18129825592041,97600,0.0,0.0
2000-04-24,8.136226002241717,8.136226002241717,8.046073913574219,8.046073913574219,7400,0.0,0.0
2000-04-25,7.933379963319998,8.474292233546361,7.910841952060567,8.406678199768066,47000,0.0,0.0
2000-04-26,8.384142487913698,8.474294557676211,8.11368627862616,8.203838348388672,105000,0.0,0.0
2000-04-27,8.181301446156958,8.226377487182617,8.113687384618471,8.226377487182617,9000,0.0,0.0
2000-04-28,8.158764849538388,8.29399299621582,8.158764849538388,8.29399299621582,25600,0.0,0.0
2000-05-01,8.248916947323343,8.29399299621582,8.158764849538388,8.29399299621582,34600,0.0,0.0
2000-05-02,8.113687384618471,8.248915507695445,8.091149364105641,8.226377487182617,48400,0.0,0.0
2000-05-03,8.203838847313655,8.29399092255886,8.158762809691053,8.271452903747559,86800,0.0,0.0
2000-05-04,8.158764531703595,8.248916625976562,8.136226508135351,8.248916625976562,15600,0.0,0.0
2000-05-05,8.203838847313655,8.271452903747559,8.203838847313655,8.271452903747559,18600,0.0,0.0
2000-05-08,8.24891611307609,8.24891611307609,8.023535891407345,8.046073913574219,13600,0.0,0.0
2000-05-09,8.068614318635728,8.113690376281738,7.9333861456977,8.113690376281738,22600,0.0,0.0
2000-05-10,8.065795203501528,8.065795203501528,7.907642356374047,7.952828884124756,21200,0.0275,0.0
2000-05-11,7.998012138449628,8.31431770324707,7.975418883821239,8.31431770324707,138800,0.0,0.0
2000-05-12,8.336915222718755,8.54025461839482,8.336915222718755,8.449881553649902,33600,0.0,0.0
2000-05-15,8.359502454598744,8.67580795288086,8.314315954844156,8.67580795288086,207600,0.0,0.0
2000-05-16,8.67580795288086,8.67580795288086,8.495061953862507,8.67580795288086,63200,0.0,0.0
2000-05-17,8.653212292656224,8.653212292656224,8.54024607473643,8.630619049072266,27600,0.0,0.0
2000-05-18,8.54025461839482,8.54025461839482,8.449881553649902,8.449881553649902,18800,0.0,0.0
2000-05-19,8.54024782438536,8.54024782438536,8.314315342258762,8.359501838684082,56600,0.0,0.0
2000-05-22,8.359502680474819,8.359502680474819,7.998010672670502,8.088383674621582,18600,0.0,0.0
2000-05-23,7.998007927378133,8.043194412843546,7.862448470981893,7.8850417137146,41400,0.0,0.0
2000-05-24,7.81726598739624,7.839859241695073,7.59133344440791,7.81726598739624,48600,0.0,0.0
2000-05-25,7.817265730210018,7.930231997987619,7.726892715987937,7.749485969543457,49000,0.0,0.0
2000-05-26,7.794675121645956,7.794675121645956,7.534852617591091,7.63652229309082,130200,0.0,0.0
2000-05-30,7.681703028224764,7.681703028224764,7.500957074619475,7.591330051422119,52800,0.0,0.0
2000-05-31,7.591332187937266,7.591332187937266,7.500959185699918,7.56873893737793,29600,0.0,0.0
2000-06-01,7.591332187937266,7.591332187937266,7.500959185699918,7.56873893737793,9800,0.0,0.0
2000-06-02,7.591331526812385,7.681704521179199,7.568738278220682,7.681704521179199,59000,0.0,0.0
2000-06-05,7.6817044055823125,7.6817044055823125,7.365398930058334,7.4557719230651855,36600,0.0,0.0
2000-06-06,7.546144939330687,7.546144939330687,7.410585449402591,7.500958442687988,9600,0.0,0.0
2000-06-07,7.4557705862181525,7.591330051422119,7.365397609415508,7.591330051422119,64200,0.0,0.0
2000-06-08,7.546147609386276,7.726893659910498,7.320215046230999,7.704300403594971,35000,0.0,0.0
2000-06-09,7.749483360800633,7.772076606750488,7.659110377001208,7.772076606750488,12000,0.0,0.0
2000-06-12,7.817265730210018,7.817265730210018,7.726892715987937,7.749485969543457,15600,0.0,0.0
2000-06-13,7.659111272587496,7.7042977697709025,7.591331526812385,7.681704521179199,31400,0.0,0.0
2000-06-14,7.636518023995793,7.726891018362607,7.636518023995793,7.681704521179199,50600,0.0,0.0
2000-06-15,7.704299612743098,7.817265882724668,7.3202142948057585,7.410587310791016,177000,0.0,0.0
2000-06-16,7.455773818783643,7.500960326776271,7.387994056794701,7.410587310791016,57400,0.0,0.0
2000-06-19,7.500962725757848,7.63652229309082,7.365403158424875,7.63652229309082,81200,0.0,0.0
2000-06-20,7.681705190174615,7.681705190174615,7.455772684581244,7.56873893737793,60200,0.0,0.0
2000-06-21,7.591336304286742,7.591336304286742,7.184657573699952,7.184657573699951,57800,0.0,0.0
2000-06-22,7.139464381504374,7.1846508649316165,6.845752239227295,6.845752239227295,62800,0.0,0.0
2000-06-23,6.777977478968634,7.026503319864149,6.732790962442175,6.958723545074463,36000,0.0,0.0
2000-06-26,7.003906501451106,7.184652475682102,7.003906501451106,7.0264997482299805,69200,0.0,0.0
2000-06-27,6.958723545074464,7.026503319864149,6.913537028548006,6.958723545074463,66600,0.0,0.0
2000-06-28,7.003910061600921,7.003910061600921,6.936130286811235,6.958723545074463,34000,0.0,0.0
2000-06-29,6.958720662235435,7.049093657848882,6.913534164428711,6.913534164428711,52000,0.0,0.0
2000-06-30,6.958720662235435,6.9813139111387965,6.868347666621988,6.913534164428711,94800,0.0,0.0
2000-07-03,6.9135365669543924,7.04909610748291,6.9135365669543924,7.04909610748291,13400,0.0,0.0
2000-07-05,7.0490920703632005,7.1394650456242665,7.0490920703632005,7.071685314178467,28200,0.0,0.0
2000-07-06,7.003909593973404,7.04909610748291,6.9135365669543924,7.04909610748291,44400,0.0,0.0
2000-07-07,7.0490930466424855,7.229839022197421,7.003906552753751,7.116872787475586,62200,0.0,0.0
2000-07-10,7.071686175134447,7.455771366755168,7.071686175134447,7.320211887359619,77200,0.0,0.0
2000-07-11,7.275028806262546,8.2239456070794,7.275028806262546,8.133572578430176,141800,0.0,0.0
2000-07-12,8.088383015193887,8.359501998943403,8.020603269256508,8.201349258422852,104400,0.0,0.0
2000-07-13,8.178757667541504,8.201350920766757,8.144867787703625,8.178757667541504,35000,0.0,0.0
2000-07-14,8.167462464173635,8.269132121404013,8.11097932126787,8.133572578430176,49400,0.0,0.0
2000-07-17,8.13357499512759,8.13357499512759,7.952828884124755,7.952828884124756,82400,0.0,0.0
2000-07-18,7.907636082449625,7.907636082449625,7.772076606750488,7.772076606750488,21600,0.0,0.0
2000-07-19,7.772081860423794,7.817268382868118,7.63652229309082,7.63652229309082,43600,0.0,0.0
2000-07-20,7.681706208876896,7.817265730210018,7.681706208876896,7.749485969543457,27400,0.0,0.0
2000-07-21,7.704298267587583,7.862451017948619,7.704298267587583,7.72689151763916,37200,0.0,0.0
2000-07-24,7.772076294485446,7.772076294485446,7.636516824232793,7.659110069274902,59600,0.0,0.0
2000-07-25,7.6139254384966035,7.772078192411963,7.500959185699918,7.56873893737793,163800,0.0,0.0
2000-07-26,7.500959185699918,7.591332187937266,7.500959185699918,7.56873893737793,86400,0.0,0.0
2000-07-27,7.591332187937266,7.591332187937266,7.546145686818592,7.56873893737793,86000,0.0,0.0
2000-07-28,7.591330051422119,7.591330051422119,7.500957074619475,7.591330051422119,68200,0.0,0.0
2000-07-31,7.546143563020797,7.591330051422119,7.546143563020797,7.591330051422119,95000,0.0,0.0
2000-08-01,7.591330051422119,7.591330051422119,7.568736807221458,7.591330051422119,108200,0.0,0.0
2000-08-02,7.591332169266435,7.591332169266435,7.5009591672513585,7.523552417755127,108200,0.0,0.0
2000-08-03,7.4755253620490345,7.611444004995381,7.4755253620490345,7.566137790679932,96000,0.0275,0.0
2000-08-04,7.566139688064803,7.6114459137418375,7.475527236710733,7.58879280090332,70000,0.0,0.0
2000-08-07,7.6114459137418375,7.656752139418872,7.58879280090332,7.58879280090332,111000,0.0,0.0
2000-08-08,7.611444473266601,7.611444473266601,7.588791364715212,7.611444473266602,92000,0.0,0.0
2000-08-09,7.611444473266601,7.611444473266601,7.588791364715212,7.611444473266602,125600,0.0,0.0
2000-08-10,7.430219147733586,7.611444004995381,7.430219147733586,7.566137790679932,118200,0.0,0.0
2000-08-11,7.5208315763644835,7.611444004995381,7.5208315763644835,7.566137790679932,28000,0.0,0.0
2000-08-14,7.588791364715212,7.611444473266601,7.588791364715212,7.611444473266602,105200,0.0,0.0
2000-08-15,7.611447391739811,7.611447391739811,7.520834922790527,7.520834922790527,47800,0.0,0.0
2000-08-16,7.54348811315834,7.54348811315834,7.339610056045952,7.407569408416748,66400,0.0,0.0
2000-08-17,7.430223295674521,7.656754493713379,7.430223295674521,7.656754493713379,324000,0.0,0.0
2000-08-18,7.656750667796415,7.702056884765625,7.634097559311811,7.702056884765625,29000,0.0,0.0
2000-08-21,7.702059860689094,7.702059860689094,7.520834922790527,7.520834922790527,91400,0.0,0.0
2000-08-22,7.520833980640977,7.520833980640977,7.498180866241456,7.498180866241455,43200,0.0,0.0
2000-08-23,7.520835101604462,7.520835101604462,7.158385217189789,7.248997688293457,82600,0.0,0.0
2000-08-24,7.2489962165738335,7.339608669281006,7.2489962165738335,7.339608669281006,47400,0.0,0.0
2000-08-25,7.3849138924569795,7.520832553054348,7.339607672257857,7.475526332855225,23800,0.0,0.0
2000-08-28,7.475524441949253,7.509504098503568,7.203687189514735,7.226340293884277,132000,0.0,0.0
2000-08-29,7.181038334965706,7.248997688293457,7.067772746086121,7.248997688293457,56600,0.0,0.0
2000-08-30,7.203690965598988,7.271650314331055,7.203690965598988,7.271650314331055,25400,0.0,0.0
2000-08-31,7.271648341959173,7.475526332855225,7.271648341959173,7.475526332855225,82400,0.0,0.0
2000-09-01,7.430219582950367,7.747363101734835,7.430219582950367,7.702056884765625,47400,0.0,0.0
2000-09-05,7.611444450827205,7.702056884765625,7.611444450827205,7.702056884765625,32800,0.0,0.0
2000-09-06,7.656750690369378,7.656750690369378,7.543485147612435,7.611444473266602,34000,0.0,0.0
2000-09-07,7.56613731670666,7.56613731670666,7.520831105229375,7.543484210968018,56600,0.0,0.0
2000-09-08,7.520833980640977,7.566140209440019,7.498180866241456,7.498180866241455,50400,0.0,0.0
2000-09-11,7.543484683522208,7.5661377906799325,7.4755253620490345,7.566137790679932,43800,0.0,0.0
2000-09-12,7.56613877325347,7.56613877325347,7.475526332855225,7.475526332855225,34200,0.0,0.0
2000-09-13,7.430222453841244,7.520834922790527,7.31695686765464,7.520834922790527,108400,0.0,0.0
2000-09-14,7.498177519891665,7.634096145629883,7.498177519891665,7.634096145629883,73000,0.0,0.0
2000-09-15,7.634096600352854,7.815321445465088,7.634096600352854,7.815321445465088,117400,0.0,0.0
2000-09-18,7.7926688277930545,7.8153219348505925,7.7473626136779785,7.7473626136779785,64400,0.0,0.0
2000-09-19,7.747365412863256,7.8832841043169966,7.747365412863256,7.860630989074707,42000,0.0,0.0
2000-09-20,7.928589944642554,7.928589944642554,7.679405689239502,7.679405689239502,69800,0.0,0.0
2000-09-21,7.702055458498991,7.702055458498991,7.61144304134018,7.634096145629883,121600,0.0,0.0
2000-09-22,7.61144304134018,7.702055458498991,7.61144304134018,7.634096145629883,19600,0.0,0.0
2000-09-25,7.63409758181799,7.7473631245749335,7.611444473266601,7.611444473266602,38800,0.0,0.0
2000-09-26,7.61144304134018,7.656749249919586,7.61144304134018,7.634096145629883,14200,0.0,0.0
2000-09-27,7.702058305488654,7.747364530815058,7.65675208016225,7.7247114181518555,60000,0.0,0.0
2000-09-28,7.7700133406357965,7.837972640991212,7.724707140398853,7.837972640991211,11200,0.0,0.0
2000-09-29,7.837974084237209,7.837974084237209,7.61144304134018,7.634096145629883,94400,0.0,0.0
2000-10-02,7.634098967499049,7.883283206794269,7.611445854835846,7.7247114181518555,205400,0.0,0.0
2000-10-03,7.656750185447827,7.7700157207355165,7.611443971332751,7.7473626136779785,47200,0.0,0.0
2000-10-04,7.792666440754268,7.837972640991212,7.747360240517325,7.837972640991211,34200,0.0,0.0
2000-10-05,7.837975033493929,7.837975033493929,7.702056391294612,7.79266881942749,50600,0.0,0.0
2000-10-06,7.837976480712001,7.837976480712001,7.702057813416418,7.770017147064209,38000,0.0,0.0
2000-10-09,7.702055917269941,7.815321445465088,7.611443494713825,7.815321445465088,39400,0.0,0.0
2000-10-10,7.747361667078398,7.747361667078398,7.61144304134018,7.634096145629883,36800,0.0,0.0
2000-10-11,7.679407613517264,7.747366972928922,7.611448254105607,7.656754493713379,53200,0.0,0.0
2000-10-12,7.747365031622152,7.747365031622152,7.656752575111952,7.679405689239502,23800,0.0,0.0
2000-10-13,7.634097078390289,7.7700157207355165,7.634097078390289,7.7473626136779785,24400,0.0,0.0
2000-10-16,7.656753626214453,7.770019212401057,7.475528688315886,7.520834922790527,61200,0.0,0.0
2000-10-17,7.4755253620490345,7.5661377906799325,7.4755253620490345,7.566137790679932,70200,0.0,0.0
2000-10-18,7.56613731670666,7.56613731670666,7.543484210968018,7.543484210968018,44000,0.0,0.0
2000-10-19,7.566140118601751,7.679405689239502,7.520833890346651,7.679405689239502,46200,0.0,0.0
2000-10-20,7.702055917269941,7.883280762382176,7.702055917269941,7.815321445465088,20200,0.0,0.0
2000-10-23,7.81532283522125,7.973894602892405,7.81532283522125,7.951241493225098,37200,0.0,0.0
2000-10-24,7.973896527971539,7.973896527971539,7.883284067426408,7.928590297698975,21200,0.0,0.0
2000-10-25,7.92858835677026,8.155119452677981,7.792669699225628,8.041853904724121,47200,0.0,0.0
2000-10-26,8.064503642175929,8.064503642175929,7.792666440754268,7.837972640991211,33400,0.0,0.0
2000-10-27,7.7926683156503795,8.01919937133789,7.7926683156503795,8.01919937133789,18400,0.0,0.0
2000-10-30,7.928587870890867,8.155118952916322,7.792669221675595,8.10981273651123,46800,0.0,0.0
2000-10-31,8.155119745354902,8.608181953430176,8.109813524547375,8.608181953430176,51800,0.0,0.0
2000-11-01,8.562876869960384,8.630836210198165,8.087161488295918,8.200427055358887,98000,0.0,0.0
2000-11-02,8.109811793612895,8.155118004750397,7.973893160200388,8.01919937133789,41200,0.0,0.0
2000-11-03,7.928585526586949,7.973891729596017,7.656748308532539,7.883279323577881,47600,0.0,0.0
2000-11-06,7.837975033493929,7.928587461626806,7.770015712394271,7.79266881942749,17600,0.0,0.0
2000-11-07,7.747363005270505,8.10981273651123,7.747363005270505,8.10981273651123,23800,0.0,0.0
2000-11-08,8.155121221774962,8.426958595834128,8.155121221774962,8.358999252319336,45200,0.0,0.0
2000-11-09,8.449610240997806,8.449610240997806,8.291038467038062,8.426957130432129,57800,0.0,0.0
2000-11-10,8.426958619411375,8.449611733979685,8.291039932001514,8.313693046569824,24600,0.0,0.0
2000-11-13,8.268386232789862,8.56287670135498,8.268386232789862,8.56287670135498,43600,0.0,0.0
2000-11-14,8.562873845404768,8.585526950815892,8.33634279129353,8.51756763458252,42800,0.0,0.0
2000-11-15,8.47226477819857,8.51757100695899,8.44961166381836,8.44961166381836,53800,0.0,0.0
2000-11-16,8.381652390274754,8.472264848547995,8.268386817433203,8.313693046569824,25200,0.0,0.0
2000-11-17,8.381649002115777,8.51756763458252,8.245730369649035,8.51756763458252,48600,0.0,0.0
2000-11-20,8.517570475421884,8.608182927288075,8.517570475421884,8.56287670135498,10200,0.0,0.0
2000-11-21,8.51757100695899,8.58553035009962,8.42695854943815,8.44961166381836,19200,0.0,0.0
2000-11-22,8.42695891295428,8.65349006652832,8.42695891295428,8.65349006652832,19000,0.0,0.0
2000-11-24,8.653488144278526,8.6987943649292,8.653488144278526,8.6987943649292,30000,0.0,0.0
2000-11-27,8.698794320913462,8.834712982177734,8.698794320913462,8.834712982177734,53400,0.0,0.0
2000-11-28,8.789410625714712,8.834716866053448,8.653491904698505,8.744104385375977,61200,0.0,0.0
2000-11-29,8.653488144278526,8.789406806230545,8.608181923627853,8.6987943649292,107800,0.0,0.0
2000-11-30,8.6987943649292,8.834713026881218,8.6987943649292,8.6987943649292,80000,0.0,0.0
2000-12-01,8.698796708454458,8.857368523452326,8.698796708454458,8.766756057739258,26200,0.0,0.0
2000-12-04,8.7667536515456,8.925325423020583,8.744100541334886,8.834712982177734,34600,0.0,0.0
2000-12-05,8.857365025414362,9.378386497497559,8.857365025414362,9.378386497497559,38600,0.0,0.0
2000-12-06,9.30755808353424,9.398363528251647,9.080544471740723,9.080544471740723,41000,0.0275,0.0
2000-12-07,9.080548610735299,9.171354096842652,8.989743124627946,9.012444496154785,83400,0.0,0.0
2000-12-08,9.057846799710902,9.307561874389648,9.035145429285562,9.307561874389648,34600,0.0,0.0
2000-12-11,9.284858935154402,9.443768501281738,9.262157568564781,9.443768501281738,53800,0.0,0.0
2000-12-12,9.42106567212005,9.46646839825075,9.125947952270508,9.125947952270508,54000,0.0,0.0
2000-12-13,9.148652706240197,9.239458192158214,9.080548591801685,9.216756820678711,50600,0.0,0.0
2000-12-14,9.19405460357666,9.19405460357666,8.717325846354166,8.785429954528809,91000,0.0,0.0
2000-12-15,8.71732801072141,8.75138007326329,8.535717010498047,8.535717010498047,85600,0.0,0.0
2000-12-18,8.55841680935451,8.649222292742888,8.263298988342285,8.263298988342285,93600,0.0,0.0
2000-12-19,8.285998380120425,8.581116130645261,8.285998380120425,8.490310668945312,68600,0.0,0.0
2000-12-20,8.581120588562705,8.581120588562705,7.945482026446949,7.990884780883789,106200,0.0,0.0
2000-12-21,7.968179526250007,8.217894554138184,7.968179526250007,8.217894554138184,80600,0.0,0.0
2000-12-22,8.217894885850988,8.444908556730852,8.217894885850988,8.354103088378906,24800,0.0,0.0
2000-12-26,8.354102751168098,8.444908215854708,8.217894554138184,8.217894554138184,25000,0.0,0.0
2000-12-27,8.263300510163003,8.535717010498047,8.263300510163003,8.535717010498047,86800,0.0,0.0
2000-12-28,8.581118437144857,9.035145867681623,8.581118437144857,9.012444496154785,32600,0.0,0.0
2000-12-29,9.012441736279113,9.216754017454205,8.989740371704102,8.989740371704102,36200,0.0,0.0
2001-01-02,9.035143160449408,9.057844525174156,8.717324054302946,8.762726783752441,28200,0.0,0.0
2001-01-03,8.762728063427673,9.080547215987226,8.717325327347735,8.89893627166748,29400,0.0,0.0
2001-01-04,8.89893627166748,8.944339007747416,8.830832167547577,8.89893627166748,17800,0.0,0.0
2001-01-05,8.8535371320001,8.8535371320001,8.535717850338559,8.558419227600098,35600,0.0,0.0
2001-01-08,8.535715839850209,8.5811185836792,8.490313096021218,8.5811185836792,58600,0.0,0.0
2001-01-09,8.67192437251409,8.830833981434505,8.67192437251409,8.717327117919922,67200,0.0,0.0
2001-01-10,8.62652132750819,8.694625443251676,8.490313096021218,8.5811185836792,37600,0.0,0.0
2001-01-11,8.626517993834957,8.762726172684983,8.354101636134907,8.467608451843262,81600,0.0,0.0
2001-01-12,8.467611511130082,8.76272933859574,8.467611511130082,8.626521110534668,31400,0.0,0.0
2001-01-16,8.717323801625314,9.03514289855957,8.626518345358384,9.03514289855957,55000,0.0,0.0
2001-01-17,9.080546835194463,9.534574176954186,9.03514410101849,9.39836597442627,113600,0.0,0.0
2001-01-18,9.39836597442627,9.443768708602242,9.307560506074324,9.39836597442627,32400,0.0,0.0
2001-01-19,9.352960979237276,9.375662340837367,9.216752809636734,9.262155532836914,29200,0.0,0.0
2001-01-22,9.262156746604226,9.262156746604226,8.989740371704102,8.989740371704102,89200,0.0,0.0
2001-01-23,9.080548591801685,9.352965049555735,9.05784722032218,9.216756820678711,116000,0.0,0.0
2001-01-24,9.262159133538967,9.307561874389648,9.171353651837606,9.307561874389648,19200,0.0,0.0
2001-01-25,9.352961379702728,9.352961379702728,9.125947753981789,9.171350479125977,24400,0.0,0.0
2001-01-26,9.262157771898352,9.39836597442627,9.262157771898352,9.39836597442627,33800,0.0,0.0
2001-01-29,9.35296169462658,9.752505827906619,9.35296169462658,9.53457260131836,64400,0.0,0.0
2001-01-30,9.44376783017759,9.806989669799805,9.44376783017759,9.806989669799805,48000,0.0,0.0
2001-01-31,9.843309588109042,10.170209025366285,9.843309588109042,10.024920463562012,61400,0.0,0.0
2001-02-01,9.952277610367219,10.170210838317871,9.945013007784382,10.170210838317871,25400,0.0,0.0
2001-02-02,10.115726504211855,10.170209631536979,10.09756499990978,10.148416519165039,21000,0.0,0.0
2001-02-05,10.148416393204922,10.148416393204922,10.024920936645817,10.03581714630127,76800,0.0,0.0
2001-02-06,10.043085626861519,10.152052615036038,10.043085626861519,10.115730285644531,40400,0.0,0.0
2001-02-07,10.097563074717536,10.133885383605957,10.079402266668534,10.133885383605957,24000,0.0,0.0
2001-02-08,10.162945846326842,10.333660536529143,10.162945846326842,10.279176712036133,190600,0.0,0.0
2001-02-09,10.279175273521863,10.351819900819255,9.95227583626462,10.024920463562012,109400,0.0,0.0
2001-02-12,10.079410240567965,10.533437728881836,10.079410240567965,10.533437728881836,100400,0.0,0.0
2001-02-13,10.569755573930625,11.169071465213198,10.569755573930625,10.914815902709961,153800,0.0,0.0
2001-02-14,10.896656450042817,10.896656450042817,10.787690162658691,10.787690162658691,43400,0.0,0.0
2001-02-15,10.533434946602638,10.533434946602638,9.879635813240167,9.897796630859375,258400,0.0,0.0
2001-02-16,9.716186097983787,9.8433139051137,9.589058290853874,9.788830757141113,70600,0.0,0.0
2001-02-20,9.734345995723835,9.734345995723835,9.472826494514889,9.498251914978027,84800,0.0,0.0
2001-02-21,9.443769452934207,9.679863550699402,9.42560863494873,9.42560863494873,40200,0.0,0.0
2001-02-22,9.407443318703237,9.407443318703237,8.953416124819968,8.97520923614502,59600,0.0,0.0
2001-02-23,9.007905766435428,9.116872787475586,8.86261709783957,9.116872787475586,47400,0.0,0.0
2001-02-26,9.189515372716947,9.37112635393895,8.98974357048911,9.225837707519531,78400,0.0,0.0
2001-02-27,9.225837465757722,9.225837465757722,9.153193490847096,9.185883522033691,32600,0.0,0.0
2001-02-28,9.22220686413674,9.298483848571777,9.200413736922883,9.298483848571777,46000,0.0,0.0
2001-03-01,9.570897368670488,9.73434681081576,9.498252710300942,9.625380516052246,160800,0.0,0.0
2001-03-02,9.625379393806691,9.806990325765307,9.625379393806691,9.719817161560059,38800,0.0,0.0
2001-03-05,9.788827909909667,9.897794174160325,9.788827909909667,9.825149536132812,26400,0.0,0.0
2001-03-06,9.861471291635983,9.861471291635983,9.698021904599928,9.734343528747559,52200,0.0,0.0
2001-03-07,9.734345062594691,9.778029789105442,9.646976303918361,9.683380126953125,62600,0.03,0.0
2001-03-08,9.610577583312988,9.64698142567521,9.574173740950767,9.610577583312988,33600,0.0,0.0
2001-03-09,9.610576810234289,9.901806831359863,9.59237523769009,9.901806831359863,41200,0.0,0.0
2001-03-12,9.847199085270404,9.981893060442744,9.8217166102137,9.92000675201416,37000,0.0,0.0
2001-03-13,9.92000675201416,9.94184877429914,9.890883824185732,9.92000675201416,76400,0.0,0.0
2001-03-14,9.828993958787919,10.047416185630007,9.828993958787919,9.985529899597168,106000,0.0,0.0
2001-03-15,9.99281631636847,9.99281631636847,9.938210208768407,9.941850662231445,46400,0.0,0.0
2001-03-16,9.956408914846419,9.956408914846419,9.646977424621582,9.646977424621582,53200,0.0,0.0
2001-03-19,9.683381149791726,9.683381149791726,9.246536615921778,9.446757316589355,69600,0.0,0.0
2001-03-20,9.464962043390242,9.574172866152708,9.246539703519835,9.319347381591797,92000,0.0,0.0
2001-03-21,9.28658194953559,9.28658194953559,8.64587688446045,8.64587688446045,41200,0.0,0.0
2001-03-22,8.645874882797257,8.645874882797257,7.699378967285155,7.699378967285156,151600,0.0,0.0
2001-03-23,7.88139748843976,8.318241976467462,7.88139748843976,8.263636589050293,200200,0.0,0.0
2001-03-26,8.354643710761659,8.678636196867165,8.354643710761659,8.58034610748291,44200,0.0,0.0
2001-03-27,8.536666851369928,8.736886898386462,8.536666851369928,8.682281494140625,62800,0.0,0.0
2001-03-28,8.645878021901861,8.645878021901861,8.48206110795924,8.485701560974121,33800,0.0,0.0
2001-03-29,8.536667049234122,8.700483265768595,8.500263214111328,8.500263214111328,31000,0.0,0.0
2001-03-30,8.500266834188059,8.587635659083986,8.489345470696431,8.536670684814453,56400,0.0,0.0
2001-04-02,8.536663404275684,8.591268786471934,8.227231979370117,8.227231979370117,34800,0.0,0.0
2001-04-03,8.230877505265452,8.230877505265452,7.917805435952175,8.099823951721191,138600,0.0,0.0
2001-04-04,8.081618425368037,8.281838417053223,8.081618425368037,8.281838417053223,88600,0.0,0.0
2001-04-05,8.318244786740994,8.700483322143555,8.318244786740994,8.700483322143555,38800,0.0,0.0
2001-04-06,8.700482019402573,8.926185209355026,8.580349866748366,8.918904304504395,57200,0.0,0.0
2001-04-09,9.100922933729938,9.275660487414678,9.028115272521973,9.028115272521973,51000,0.0,0.0
2001-04-10,9.02811864555592,9.719789602413789,9.02811864555592,9.650622367858887,60400,0.0,0.0
2001-04-11,9.646979616199472,9.646979616199472,9.395793914794922,9.395793914794922,33200,0.0,0.0
2001-04-12,9.282943598919017,9.50500639347587,9.282943598919017,9.497725486755371,33000,0.0,0.0
2001-04-16,9.537766733936124,9.537766733936124,9.464959078669791,9.534126281738281,20600,0.0,0.0
2001-04-17,9.537762599462186,9.628771781921387,9.523200796983133,9.628771781921387,43800,0.0,0.0
2001-04-18,9.665178650489167,9.774390128432206,9.639696180606027,9.7197847366333,75200,0.0,0.0
2001-04-19,9.464954738857024,10.193028180307564,9.446753180558737,10.174826622009277,104200,0.0,0.0
2001-04-20,10.156628700188666,10.302243311700375,10.051058367222142,10.211234092712402,85000,0.0,0.0
2001-04-23,10.214874374879956,10.265840008820224,10.193032357102828,10.247637748718262,44600,0.0,0.0
2001-04-24,10.25127863335768,10.66628046036294,10.25127863335768,10.524306297302246,100200,0.0,0.0
2001-04-25,10.531587030733796,10.575271067422637,10.484261847584765,10.560709953308105,70600,0.0,0.0
2001-04-26,10.593474042936746,10.811896324157715,10.560710666036336,10.811896324157715,91200,0.0,0.0
2001-04-27,10.884704667623948,10.884704667623948,10.811897694221189,10.815537452697754,58200,0.0,0.0
2001-04-30,10.739087443018771,10.79369283352101,10.557069011781165,10.666279792785645,125200,0.0,0.0
2001-05-01,10.666279792785645,10.739087443018771,10.557069011781165,10.666279792785645,50000,0.0,0.0
2001-05-02,10.70268036758908,10.70268036758908,10.538864245831926,10.593469619750977,46800,0.0,0.0
2001-05-03,10.589832197358067,10.593472649239756,10.411454221226512,10.557068824768066,49400,0.0,0.0
2001-05-04,10.593470771526087,10.83009454713223,10.57526851534403,10.724523544311523,76000,0.0,0.0
2001-05-07,10.648078038774688,10.713604783954688,10.557068824768066,10.557068824768066,35000,0.0,0.0
2001-05-08,10.520664160692103,10.593471803825048,10.447857211904305,10.589831352233887,20400,0.0,0.0
2001-05-09,10.396496772766113,10.432975847967004,10.214102092542147,10.396496772766113,54000,0.03,0.0
2001-05-10,10.432973277293533,10.46945234350602,9.925915718078613,9.925915718078613,72600,0.0,0.0
2001-05-11,9.94050996435362,9.99522822867103,9.812833550426008,9.922270774841309,71200,0.0,0.0
2001-05-14,9.867550267303791,9.94050840547262,9.84931108065177,9.929564476013184,25800,0.0,0.0
2001-05-15,10.013465295532797,10.028056503879649,9.849309853003952,9.885788917541504,49000,0.0,0.0
2001-05-16,9.867547639124231,10.122900358922642,9.867547639124231,9.995223999023438,60400,0.0,0.0
2001-05-17,9.995224725138344,10.177619339450285,9.995224725138344,10.049942970275879,18200,0.0,0.0
2001-05-18,10.031703951911942,10.378254003108271,10.031703951911942,10.341774940490723,22000,0.0,0.0
2001-05-21,10.378255535848725,10.469452857971191,10.250579145721202,10.469452857971191,33000,0.0,0.0
2001-05-22,10.473101397129666,10.542411565090292,10.323537826538086,10.323537826538086,49800,0.0,0.0
2001-05-23,10.327181535515956,10.360012617519947,10.177618026733398,10.177618026733398,44200,0.0,0.0
2001-05-24,10.14114130151254,10.14114130151254,9.976986549523131,9.998873710632324,87400,0.0,0.0
2001-05-25,9.998872700918211,10.049942970275879,9.958745663119908,10.049942970275879,9400,0.0,0.0
2001-05-29,10.049946941348223,10.122905094213317,9.955102316716317,9.962397575378418,48000,0.0,0.0
2001-05-30,9.96239738853622,9.966045365689107,9.685157386941144,9.896735191345215,191400,0.0,0.0
2001-05-31,9.922270529455252,10.086425318347796,9.922270529455252,9.976988792419434,75600,0.0,0.0
2001-06-01,10.013464936890104,10.0681831838465,9.944154786329198,10.028056144714355,33400,0.0,0.0
2001-06-04,9.995226641835828,10.104663848876953,9.95874757282212,10.104663848876953,13000,0.0,0.0
2001-06-05,9.940510374164967,10.031707717047214,9.648679155253978,9.794594764709473,110600,0.0,0.0
2001-06-06,9.75811573375355,10.104665916628965,9.75811573375355,10.031707763671875,76000,0.0,0.0
2001-06-07,9.995225402254563,10.214099093412312,9.995225402254563,10.195859909057617,31200,0.0,0.0
2001-06-08,10.159378845966803,10.214097084046736,10.144786944729407,10.177618026733398,72800,0.0,0.0
2001-06-11,10.159380844567945,10.214099093412312,10.144788940459962,10.195859909057617,26000,0.0,0.0
2001-06-12,10.195860046466503,10.195860046466503,10.11195798827543,10.122901916503906,49000,0.0,0.0
2001-06-13,10.122901780078273,10.287057222391656,10.122901780078273,10.195859909057617,27800,0.0,0.0
2001-06-14,10.195857964645963,10.214097145522334,10.104660668703799,10.141139030456543,27200,0.0,0.0
2001-06-15,10.141140802544214,10.214098930358887,10.141140802544214,10.214098930358887,56800,0.0,0.0
2001-06-18,10.177622449836035,10.341777931196475,10.166679214932305,10.184918403625488,57600,0.0,0.0
2001-06-19,10.250578157901984,10.279761270337666,10.195859909057617,10.195859909057617,26800,0.0,0.0
2001-06-20,10.177619506601882,10.39649318652692,10.177619506601882,10.341774940490723,29600,0.0,0.0
2001-06-21,10.287060242943928,10.396496772766113,10.104665562719962,10.396496772766113,64600,0.0,0.0
2001-06-22,10.360014288598379,10.360014288598379,10.01346492767334,10.01346492767334,52600,0.0,0.0
2001-06-25,9.958745239418759,9.96239321504342,9.630435086781477,9.648674964904785,131000,0.0,0.0
2001-06-26,9.615848671959316,9.955102920532227,9.411566109858724,9.955102920532227,139200,0.0,0.0
2001-06-27,9.955098339135606,9.991576705212633,9.812830067470315,9.831069946289062,139600,0.0,0.0
2001-06-28,9.940512955582125,10.031710322147099,9.265652303845183,9.356849670410156,526400,0.0,0.0
2001-06-29,9.119732545153928,9.225521776652295,9.119732545153928,9.210929870605469,3630400,0.0,0.0
2001-07-02,9.192686191397952,9.192686191397952,9.119728088378906,9.119728088378906,391200,0.0,0.0
2001-07-03,9.156210236050846,9.477224467169178,9.119731172205968,9.375083923339844,325800,0.0,0.0
2001-07-05,9.338607933486259,9.338607933486259,9.19633960723877,9.19633960723877,76600,0.0,0.0
2001-07-06,9.15620713988843,9.181742267211085,9.04312270641094,9.119728088378906,186600,0.0,0.0
2001-07-09,9.119733983251509,9.156213058340612,9.101494793597201,9.11608600616455,205200,0.0,0.0
2001-07-10,9.119728713520718,9.174446946645826,9.101489534405712,9.141615867614746,195800,0.0,0.0
2001-07-11,9.137973346216825,9.137973346216825,9.068663867591537,9.112438201904297,416200,0.0,0.0
2001-07-12,9.156211760901954,9.156211760901954,9.083253621061944,9.137971878051758,294400,0.0,0.0
2001-07-13,9.11973143927326,9.229167938232422,9.10149225470683,9.229167938232422,114400,0.0,0.0
2001-07-16,9.229168819786027,9.30212695658116,9.159859355189045,9.265647888183594,171400,0.0,0.0
2001-07-17,9.265646920693273,9.57571792602539,9.265646920693273,9.57571792602539,111400,0.0,0.0
2001-07-18,9.575715969360925,9.61219502649547,9.466279493737428,9.5064058303833,103800,0.0,0.0
2001-07-19,9.375089561191565,9.411567951193003,8.900862837585288,9.356849670410156,406600,0.0,0.0
2001-07-20,9.302123069763184,9.345898072705298,8.992052161615064,9.302123069763184,113200,0.0,0.0
2001-07-23,9.484521602788634,9.593958112200974,9.265647888183594,9.265647888183594,271000,0.0,0.0
2001-07-24,9.19269066440311,9.19269066440311,8.86437973684699,8.937337875366211,165000,0.0,0.0
2001-07-25,8.940987599704194,9.010297775268555,8.937339622487068,9.010297775268555,92400,0.0,0.0
2001-07-26,9.010296488794861,9.046774864196777,8.882620087546918,9.046774864196777,104600,0.0,0.0
2001-07-27,9.02853567649582,9.101493818860474,8.995704582009765,9.046774864196777,45400,0.0,0.0
2001-07-30,9.0832520484084,9.229167607044548,9.0832520484084,9.101491928100586,105400,0.0,0.0
2001-07-31,9.083257675170898,9.170807064586391,9.083257675170898,9.083257675170898,272000,0.0,0.0
2001-08-01,9.196609048517026,9.873099327087402,9.178325810228975,9.873099327087402,254600,0.03,0.0
2001-08-02,9.836530767335733,10.129067420959473,9.781680362737761,10.129067420959473,135600,0.0,0.0
2001-08-03,10.129069215246522,10.330187633552583,9.94623403589161,10.275337219238281,168000,0.0,0.0
2001-08-06,10.202201326407723,10.238768496243601,9.949888621746995,10.037650108337402,165800,0.0,0.0
2001-08-07,10.037652587314946,10.037652587314946,9.745115853841508,9.854817390441895,96800,0.0,0.0
2001-08-08,9.836528876664389,10.355780622144309,9.836528876664389,9.909663200378418,117600,0.0,0.0
2001-08-09,9.873101421977124,9.873101421977124,9.671982968291612,9.741459846496582,79200,0.0,0.0
2001-08-10,9.781677255033168,9.873094799472732,9.635409323421971,9.8621244430542,79200,0.0,0.0
2001-08-13,9.836534359554896,10.110787180160298,9.726833510297132,9.982802391052246,111200,0.0,0.0
2001-08-14,10.037651153569822,10.099815139525797,9.935263206859737,10.019367218017578,94200,0.0,0.0
2001-08-15,9.971834125440232,10.074221413141185,9.862132563310668,10.052281379699707,185800,0.0,0.0
2001-08-16,10.019370778714155,10.07787799835205,9.93160994925731,10.07787799835205,83600,0.0,0.0
2001-08-17,10.1144454522132,10.172952673396848,9.84750616838017,9.865789413452148,146200,0.0,0.0
2001-08-20,9.818251266936322,10.037653666259676,9.650042505052717,9.990116119384766,103400,0.0,0.0
2001-08-21,10.019367156391166,10.03765109183095,9.807278387515426,9.818248748779297,64600,0.0,0.0
2001-08-22,9.854816088799351,9.946233675161272,9.843845727350022,9.873099327087402,144400,0.0,0.0
2001-08-23,9.873099160177004,9.990113557148334,9.818248748779297,9.818248748779297,92800,0.0,0.0
2001-08-24,9.821903958978845,9.953544785706491,9.741456050881203,9.880411148071289,78400,0.0,0.0
2001-08-27,9.873101541794481,10.147354362399883,9.821907905135657,9.982802391052246,97200,0.0,0.0
2001-08-28,9.946236660191849,10.026683909247993,9.763401432596124,9.913326263427734,109600,0.0,0.0
2001-08-29,9.913318742213503,9.913318742213503,9.752423668710929,9.8621244430542,59600,0.0,0.0
2001-08-30,9.89137927071961,9.909663200378418,9.745111320752153,9.909663200378418,74600,0.0,0.0
2001-08-31,9.927949739412389,9.931606526562165,9.851159301649576,9.873099327087402,89400,0.0,0.0
2001-09-04,9.847505670356364,10.019370536708868,9.726834445585231,9.781684875488281,123200,0.0,0.0
2001-09-05,9.785337222089941,9.946232347905617,9.745113266270836,9.843844413757324,81600,0.0,0.0
2001-09-06,9.854815441805068,9.854815441805068,9.62444274871953,9.748770713806152,80600,0.0,0.0
2001-09-07,9.71952144800329,9.723178236542829,9.22586615454315,9.430642127990723,93600,0.0,0.0
2001-09-10,9.459894264304657,9.459894264304657,9.203924686124463,9.288028717041016,130600,0.0,0.0
2001-09-17,9.233172189981614,9.233172189981614,8.92235239260894,8.926009178161621,254000,0.0,0.0
2001-09-18,8.926014121553722,8.958924512293715,8.7395221398474,8.79437255859375,48400,0.0,0.0
2001-09-19,8.790717090065646,8.827283573508208,8.44698670551005,8.483553886413574,203200,0.0,0.0
2001-09-20,8.30072063194655,8.37385431349597,7.898482942310787,7.953333377838135,204200,0.0,0.0
2001-09-21,7.679080691690448,7.781468685332333,7.496245437126389,7.653483867645264,218600,0.0,0.0
2001-09-24,7.653485508711894,7.832664012908935,7.624231889607505,7.8326640129089355,160400,0.0,0.0
2001-09-25,7.887509932330762,8.088629058464159,7.86191311749545,8.044748306274414,111200,0.0,0.0
2001-09-26,8.099597323647902,8.136164494576356,7.971612574128703,8.081314086914062,79000,0.0,0.0
2001-09-27,8.081314499320564,8.337283313960816,7.8619121600140565,8.26414966583252,42400,0.0,0.0
2001-09-28,8.319003383456625,8.68833065032959,8.319003383456625,8.68833065032959,63600,0.0,0.0
2001-10-01,8.688328666458984,8.710268694863771,8.154449527229009,8.227583885192871,95800,0.0,0.0
2001-10-02,8.227587729452933,8.245870978756106,8.063035695879373,8.121542930603027,70200,0.0,0.0
2001-10-03,8.117882700706515,8.245866775512695,8.044748345850785,8.245866775512695,80600,0.0,0.0
2001-10-04,8.245868486055944,8.465270898675612,8.242212395269537,8.329973220825195,96400,0.0,0.0
2001-10-05,8.329973022461132,8.55668830871582,8.300719414639204,8.55668830871582,34800,0.0,0.0
2001-10-08,8.556688260823684,8.776090666990655,8.516464986206806,8.542061805725098,82800,0.0,0.0
2001-10-09,8.520119667053223,8.545717179796892,8.410418830852551,8.520119667053223,36400,0.0,0.0
2001-10-10,8.52012151431949,9.013776779174805,8.52012151431949,9.013776779174805,83200,0.0,0.0
2001-10-11,8.84922461982081,8.84922461982081,8.428703070448636,8.5457181930542,150800,0.0,0.0
2001-10-12,8.454302495721217,8.454302495721217,8.278780120899777,8.392138481140137,104400,0.0,0.0
2001-10-15,8.337283882983272,8.501835823059082,8.245866293488014,8.501835823059082,166000,0.0,0.0
2001-10-16,8.48355483798935,8.739523738103392,8.48355483798935,8.684673309326172,63000,0.0,0.0
2001-10-17,8.684673161683607,8.929672390353753,8.63713631020777,8.783404350280762,96600,0.0,0.0
2001-10-18,8.702956702003462,8.867508688611604,8.61153908665695,8.739523887634277,108000,0.0,0.0
2001-10-19,8.739525070018734,8.739525070018734,8.556689814589635,8.560346603393555,44400,0.0,0.0
2001-10-22,8.593255741820775,8.933329378516385,8.593255741820775,8.85288143157959,45200,0.0,0.0
2001-10-23,8.830938687168706,8.984520259878632,8.812655448913574,8.812655448913574,57200,0.0,0.0
2001-10-24,8.816313590668893,8.958924823861224,8.77608962337426,8.809000015258789,19000,0.0,0.0
2001-10-25,8.776092840700734,9.050345741972631,8.666391959176453,8.958928108215332,77600,0.0,0.0
2001-10-26,8.958927735290725,9.123479748188695,8.958927735290725,9.083255767822266,76000,0.0,0.0
2001-10-29,9.032058659595265,9.086909077070358,8.772432327270508,8.772432327270508,79000,0.0,0.0
2001-10-30,8.735865969979876,8.735865969979876,8.44698670551005,8.483553886413574,47800,0.0,0.0
2001-10-31,8.538405366962282,8.702956655224904,8.46527099609375,8.46527099609375,36600,0.0,0.0
2001-11-01,8.465270654276813,8.695643424987793,8.41042022707073,8.695643424987793,86400,0.0,0.0
2001-11-02,8.6956441755729,8.867509048309822,8.6956441755729,8.721240997314453,50600,0.0,0.0
2001-11-05,8.72489828476394,8.958927179741044,8.721241496097281,8.757808685302734,60600,0.0,0.0
2001-11-06,8.739521937293272,8.776089114763634,8.600567499858977,8.772432327270508,34400,0.0,0.0
2001-11-07,8.772434284955905,8.951612727339741,8.633479816512072,8.739523887634277,53200,0.0,0.0
2001-11-08,8.77608928274601,9.013774894661532,8.523776520578007,8.593254089355469,54400,0.0,0.0
2001-11-09,8.556689100672955,8.757808283341527,8.556689100672955,8.702957153320312,26400,0.0,0.0
2001-11-12,8.702954961529528,8.958924512293715,8.702954961529528,8.79437255859375,122000,0.0,0.0
2001-11-13,8.79803352138947,8.79803352138947,8.593258202075958,8.776093482971191,79800,0.0,0.0
2001-11-14,8.776090772420924,8.940642753388229,8.684673160208206,8.830941200256348,113200,0.0,0.0
2001-11-15,8.794379369450752,9.050349118452163,8.794379369450752,8.995498657226562,75200,0.0,0.0
2001-11-16,8.958924561974232,9.141759757116564,8.885790204932931,9.053998947143555,33000,0.0,0.0
2001-11-19,9.054001151749347,9.116165161132812,8.977209988411609,9.116165161132812,70800,0.0,0.0
2001-11-20,9.123483531727267,9.141766786315316,8.922364243951456,8.995498657226562,123000,0.0,0.0
2001-11-21,9.002805823646463,9.306312236808699,9.002805823646463,9.138103485107422,219400,0.0,0.0
2001-11-23,9.178326093929426,9.214893269096647,9.130788556973783,9.141758918762207,73800,0.0,0.0
2001-11-26,9.14175831240856,9.229519108512386,9.112504713707285,9.123475074768066,149600,0.0,0.0
2001-11-27,9.324594097137451,9.324594097137451,9.141758918762207,9.141758918762207,44800,0.0,0.0
2001-11-28,9.178321801612443,9.178321801612443,8.926009178161621,8.926009178161621,41200,0.0,0.0
2001-11-29,8.940639908519895,9.123475074768066,8.90772952279836,9.123475074768066,54400,0.0,0.0
2001-11-30,9.13444929087931,9.14176286856484,8.88579322926056,8.92236042022705,79600,0.0,0.0
2001-12-03,8.849224115318574,8.849224115318574,8.600568127331961,8.662732124328613,53000,0.0,0.0
2001-12-04,8.66273490083628,8.852883043069905,8.66273490083628,8.849226951599121,70000,0.0,0.0
2001-12-05,8.981194600615309,9.51273496890102,8.981194600615309,9.421090126037598,113000,0.03,0.0
2001-12-06,9.439414831528259,9.787665367126465,9.439414831528259,9.787665367126465,389800,0.0,0.0
2001-12-07,9.787664615668323,9.875643537032337,9.751006556968074,9.860980033874512,84200,0.0,0.0
2001-12-10,9.842656271318257,9.846322148939112,9.659366585443408,9.677695274353027,84600,0.0,0.0
2001-12-11,9.685023420467953,9.769336476744378,9.600710364191526,9.732678413391113,31000,0.0,0.0
2001-12-12,9.82432272944681,9.897638852476232,9.692354686865963,9.787665367126465,75800,0.0,0.0
2001-12-13,9.751006490904064,9.842651287436633,9.648364067077637,9.648364067077637,61800,0.0,0.0
2001-12-14,9.61170900952754,9.75100953529731,9.61170900952754,9.699687957763672,129400,0.0,0.0
2001-12-17,9.688690405048497,9.751008910119573,9.685024528374376,9.725348472595215,71400,0.0,0.0
2001-12-18,9.73634621674027,9.758341478622345,9.630038581088401,9.714351654052734,63600,0.0,0.0
2001-12-19,9.714351654052734,9.729015161974118,9.663030774716974,9.714351654052734,78400,0.0,0.0
2001-12-20,9.718019485583108,9.718019485583108,9.47607714977562,9.501737594604492,67600,0.0,0.0
2001-12-21,9.531065940411418,9.75101375579834,9.44675283259146,9.75101375579834,257600,0.0,0.0
2001-12-24,9.751008322292238,9.751008322292238,9.567718694802512,9.641034126281738,90000,0.0,0.0
2001-12-26,9.641035116489414,9.641035116489414,9.527395731548598,9.604377746582031,108800,0.0,0.0
2001-12-27,9.64103765850104,9.897643510677977,9.64103765850104,9.795001029968262,69400,0.0,0.0
2001-12-28,9.805993228984743,9.87930934588852,9.53105883938704,9.648364067077637,85400,0.0,0.0
2001-12-31,9.67769028984864,10.007611414658216,9.578713742647476,9.622703552246094,137400,0.0,0.0
2002-01-02,9.604379596777022,9.604379596777022,9.347773762825522,9.384431838989258,63800,0.0,0.0
2002-01-03,9.384432049053297,9.428421182078727,9.351439849686892,9.421090126037598,165400,0.0,0.0
2002-01-04,9.421086463513022,9.461409703244566,9.16448072357516,9.28178596496582,212400,0.0,0.0
2002-01-07,9.318442968812052,9.443079948425293,9.248792727453049,9.443079948425293,113800,0.0,0.0
2002-01-08,9.476075912244745,9.476075912244745,9.402759765855839,9.439417839050293,122800,0.0,0.0
2002-01-09,8.797903830454729,9.586049242094049,8.797903830454729,9.42475414276123,189400,0.0,0.0
2002-01-10,9.424756210547695,9.457748413085938,9.384432951263522,9.457748413085938,51800,0.0,0.0
2002-01-11,9.45774616138985,9.53106230495192,9.351438522338867,9.351438522338867,47600,0.0,0.0
2002-01-14,9.35144036658394,9.51273549471359,9.036181865965693,9.109498023986816,63400,0.0,0.0
2002-01-15,9.105832534951515,9.237801345346234,8.889550628668939,9.201143264770508,57800,0.0,0.0
2002-01-16,9.237798127818097,9.237798127818097,9.072837172280654,9.13515567779541,56000,0.0,0.0
2002-01-17,9.109497238232384,9.281789285767582,9.043512841543905,9.182812690734863,53200,0.0,0.0
2002-01-18,9.091168634884184,9.274458330742291,9.091168634884184,9.109498023986816,48200,0.0,0.0
2002-01-22,9.091164474808132,9.138820165473241,8.959196429630678,9.043509483337402,85800,0.0,0.0
2002-01-23,9.017854176421261,9.432088627366536,8.970198458662605,9.373435974121094,145400,0.0,0.0
2002-01-24,9.347773762825522,9.443084481173376,9.32577919680514,9.384431838989258,73800,0.0,0.0
2002-01-25,9.384427608283012,9.520061519989044,9.380761732399831,9.483404159545898,58200,0.0,0.0
2002-01-28,9.457744202022305,9.622705141264609,9.457744202022305,9.578715324401855,85800,0.0,0.0
2002-01-29,9.578713646337015,9.641032134778456,9.549387339964234,9.615371704101562,53400,0.0,0.0
2002-01-30,9.615376162348884,9.714352754446177,9.527397202438387,9.531063079833984,203600,0.0,0.0
2002-01-31,9.54206071202078,9.60437922935671,9.465078685102457,9.531063079833984,196200,0.0,0.0
2002-02-01,9.531061909370893,9.531061909370893,9.421088397786734,9.494403839111328,53000,0.0,0.0
2002-02-04,9.494403839111328,9.498069716056738,9.494403839111328,9.494403839111328,71000,0.0,0.0
2002-02-05,9.6593648056821,9.6593648056821,9.49073796216592,9.494403839111328,75800,0.0,0.0
2002-02-06,9.483407666722554,9.5127339854392,9.439417839050293,9.439417839050293,60200,0.0,0.0
2002-02-07,9.439416242425516,9.494402993319198,9.311113357543945,9.311113357543945,63600,0.0,0.0
2002-02-08,9.384431627277653,9.384431627277653,9.311115476604185,9.347773551940918,80800,0.0,0.0
2002-02-11,9.439415629311403,9.622705253181527,9.439415629311403,9.567718505859375,185000,0.0,0.0
2002-02-12,9.53106160837824,9.604377746582031,9.516398101059677,9.604377746582031,107600,0.0,0.0
2002-02-13,9.531058756510417,9.659361610379227,9.531058756510417,9.622703552246094,78800,0.0,0.0
2002-02-14,9.622706735422536,9.630038489313355,9.48707208522051,9.494403839111328,59600,0.0,0.0
2002-02-15,9.494400519596313,9.699684662404294,9.494400519596313,9.58971118927002,68600,0.0,0.0
2002-02-19,9.604378465415072,9.604378465415072,9.494404249878443,9.58604907989502,66000,0.0,0.0
2002-02-20,9.567725469342685,9.677699044026824,9.531067378049661,9.674033164978027,52200,0.0,0.0
2002-02-21,9.71434834798177,9.860979881319993,9.622703552246094,9.622703552246094,51800,0.0,0.0
2002-02-22,9.622705443210542,9.714350256955404,9.53106062946568,9.641034126281738,64600,0.0,0.0
2002-02-25,9.622705157176718,9.622705157176718,9.476073599382433,9.560386657714844,67400,0.0,0.0
2002-02-26,9.534729725674474,9.589716492650828,9.512735158722869,9.516400337219238,103400,0.0,0.0
2002-02-27,9.516399570251592,9.58238396498312,9.476076317289252,9.531063079833984,46800,0.0,0.0
2002-02-28,9.476076317289252,9.549391767617356,9.465078685102457,9.531063079833984,72400,0.0,0.0
2002-03-01,9.531062018899263,9.696022987365723,9.505401579181047,9.696022987365723,84600,0.0,0.0
2002-03-04,9.696020744488074,9.725347054410083,9.663028558426515,9.67035961151123,57000,0.0,0.0
2002-03-05,9.670358538383153,9.670358538383153,9.494400698377286,9.622703552246094,124800,0.0,0.0
2002-03-06,9.66312053679783,10.030539579273736,9.648424139512823,9.997471809387207,81600,0.03,0.0
2002-03-07,9.95705764931636,9.986451148986816,9.699864001602634,9.986451148986816,54600,0.0,0.0
2002-03-08,9.986447452774748,10.052582977754087,9.92031192779541,9.92031192779541,176400,0.0,0.0
2002-03-11,9.681492309040802,9.92031455634922,9.67046948502488,9.916640281677246,37600,0.0,0.0
2002-03-12,9.879902756525276,9.927667648320602,9.87255490461539,9.912970542907715,48000,0.0,0.0
2002-03-13,9.828455361760692,9.828455361760692,9.571261857022417,9.593307495117188,50600,0.0,0.0
2002-03-14,9.593315423173896,9.894599051495081,9.578618318964814,9.75865364074707,79800,0.0,0.0
2002-03-15,9.589633194602062,9.920310056320217,9.589633194602062,9.901939392089844,96000,0.0,0.0
2002-03-18,9.912963380398583,9.946031142888252,9.832131461421644,9.92031192779541,49400,0.0,0.0
2002-03-19,9.92031192779541,9.92031192779541,9.905614833001756,9.92031192779541,44200,0.0,0.0
2002-03-20,9.920313433636183,9.942358378376895,9.795390912111886,9.879897117614746,26400,0.0,0.0
2002-03-21,9.90929212736299,9.957056999206543,9.88724717924857,9.957056999206543,61200,0.0,0.0
2002-03-22,9.993800728422267,10.104026188340152,9.810091161361536,9.953384399414062,59200,0.0,0.0
2002-03-25,9.993798716959104,10.034214337036426,9.828459859563832,9.883572578430176,46200,0.0,0.0
2002-03-26,9.828457791868118,9.883570499139935,9.714558103400217,9.84682846069336,61800,0.0,0.0
2002-03-27,9.846834270388362,10.059937378155384,9.83581214290853,10.0048246383667,49200,0.0,0.0
2002-03-28,10.030541663169464,10.232622598992272,9.975428935507372,10.137093544006348,106000,0.0,0.0
2002-04-01,10.137090873383633,10.287732616344991,10.137090873383633,10.159135818481445,228600,0.0,0.0
2002-04-02,10.104026416266032,10.324478041871116,10.104026416266032,10.269365310668945,162600,0.0,0.0
2002-04-03,10.306105892674644,10.36121932054698,10.250993165598656,10.291409492492676,270400,0.0,0.0
2002-04-04,10.291407978090323,10.291407978090323,10.166485441342646,10.214249610900879,140200,0.0,0.0
2002-04-05,10.269360805736609,10.427350378997401,10.221595945730712,10.379586219787598,203800,0.0,0.0
2002-04-08,10.287731940426434,10.508183479309082,10.269361270851265,10.508183479309082,87200,0.0,0.0
2002-04-09,10.416330124113797,10.655152364539049,10.397958751283413,10.636781692504883,95400,0.0,0.0
2002-04-10,10.58167032242021,10.989505767822266,10.58167032242021,10.989505767822266,126200,0.0,0.0
2002-04-11,11.02257560959364,11.17689169615981,11.02257560959364,11.026249885559082,113200,0.0,0.0
2002-04-12,11.026249140241704,11.239352226257322,11.026249140241704,11.239352226257324,163400,0.0,0.0
2002-04-15,11.298141093055062,11.353253836276508,10.87560912729524,10.978486061096191,322600,0.0,0.0
2002-04-16,10.919694182567662,11.389990830433499,10.91234633399188,11.375293731689453,88000,0.0,0.0
2002-04-17,11.334880095982262,11.448779828002559,11.334880095982262,11.44510555267334,88000,0.0,0.0
2002-04-18,11.555328731111961,11.750060367782709,11.077683573399545,11.132796287536621,142400,0.0,0.0
2002-04-19,11.132798073557774,11.474497937140791,10.949088529764436,11.301811218261719,158200,0.0,0.0
2002-04-22,11.371622578619132,11.371622578619132,10.967461387470173,11.05196762084961,107600,0.0,0.0
2002-04-23,11.05196910089278,11.378971952593455,11.048294824932533,11.323859214782715,57200,0.0,0.0
2002-04-24,11.35325329611165,11.57370495930534,11.279769875578099,11.283443450927734,89400,0.0,0.0
2002-04-25,11.27609157891036,11.463475390772958,11.27609157891036,11.38264274597168,73800,0.0,0.0
2002-04-26,10.930719039718905,11.279767491053686,10.930719039718905,11.18423843383789,100200,0.0,0.0
2002-04-29,11.022572677578617,11.24669854627753,11.015224127602453,11.165865898132324,83000,0.0,0.0
2002-04-30,11.243024673453233,11.849266052246094,11.243024673453233,11.849266052246094,119000,0.0,0.0
2002-05-01,11.794153733694758,11.794153733694758,11.481848027971056,11.573702812194824,132600,0.0,0.0
2002-05-02,11.573703791035683,12.014607072917526,11.54431028562999,11.959493637084961,111600,0.0,0.0
2002-05-03,11.977860161768039,12.389370496346894,11.904377474929053,12.363651275634766,105200,0.0,0.0
2002-05-06,12.345279202332609,12.455506035775908,12.308537858913116,12.363651275634766,112800,0.0,0.0
2002-05-07,12.437135906721807,12.584104106559554,12.30853978305825,12.348956108093262,98200,0.0,0.0
2002-05-08,12.330550520310915,12.481461679470163,12.330550520310915,12.415207862854004,86400,0.03,0.0
2002-05-09,12.407848280179572,12.407848280179572,11.877819061279297,11.877819061279297,124400,0.0,0.0
2002-05-10,11.92567009458629,11.999284215337342,11.752673821802741,11.796842575073242,112000,0.0,0.0
2002-05-13,11.83364630475141,12.036087864015991,11.701138693858582,11.852049827575684,83800,0.0,0.0
2002-05-14,11.90726667901355,12.286386188913221,11.870459613943458,12.23853588104248,107800,0.0,0.0
2002-05-15,12.275341425862125,12.422572476107586,12.164918840227706,12.290064811706543,83400,0.0,0.0
2002-05-16,12.348952635556733,12.348952635556733,12.017684994417278,12.10970401763916,80400,0.0,0.0
2002-05-17,12.109708699733416,12.146515761613694,11.925670582133208,12.14283561706543,67200,0.0,0.0
2002-05-20,12.146511237829934,12.146511237829934,11.999280236943955,12.117064476013184,63600,0.0,0.0
2002-05-21,12.146514381699998,12.172279602908999,11.969837977367181,12.036091804504395,94400,0.0,0.0
2002-05-22,12.109705278992115,12.109705278992115,11.888858757796797,11.977197647094727,137600,0.0,0.0
2002-05-23,11.980882155355774,11.980882155355774,11.778440490249515,11.87045955657959,169800,0.0,0.0
2002-05-24,11.888863309500053,11.888863309500053,11.668018107852197,11.72322940826416,83800,0.0,0.0
2002-05-28,11.723222962126666,11.723222962126666,11.333062524759528,11.373550415039062,111000,0.0,0.0
2002-05-29,11.447171190011208,11.465574721168172,11.226325305879053,11.355152130126953,79400,0.0,0.0
2002-05-30,11.299940834606343,11.465574721168172,11.299940834606343,11.355152130126953,63400,0.0,0.0
2002-05-31,11.355152130126953,11.355152130126953,11.299940834606343,11.355152130126953,78000,0.0,0.0
2002-06-03,11.336745234033824,11.351468617140792,11.097495874941952,11.163749694824219,88200,0.0,0.0
2002-06-04,11.200556214112082,11.200556214112082,10.92449912977629,11.171110153198242,83600,0.0,0.0
2002-06-05,11.152706727061425,11.542867939743486,11.134303200937534,11.535506248474121,97600,0.0,0.0
2002-06-06,11.50238051598517,11.50238051598517,11.189515625540455,11.263131141662598,95600,0.0,0.0
2002-06-07,11.237368070068394,11.373555888267166,11.218963836494419,11.336748123168945,98400,0.0,0.0
2002-06-10,11.373550152480234,11.45084649041021,11.189512121850946,11.211596488952637,66600,0.0,0.0
2002-06-11,11.263131974605919,11.351470179255617,10.895055770874023,10.895055770874023,37800,0.0,0.0
2002-06-12,10.876649849339726,10.968668885973901,10.696292621782687,10.839842796325684,76600,0.0,0.0
2002-06-13,10.836163741401807,10.85824811726981,10.412876243341897,10.508575439453125,69000,0.0,0.0
2002-06-14,10.534340009140266,10.674208641052246,10.379747993843043,10.674208641052246,176800,0.0,0.0
2002-06-17,10.711017201756238,10.95762827558056,10.711017201756238,10.913458824157715,84400,0.0,0.0
2002-06-18,10.931862754152691,11.060688854656668,10.902416688030412,11.00179672241211,41600,0.0,0.0
2002-06-19,11.023881646241167,11.097496459505047,10.490170915342503,10.633720397949219,185800,0.0,0.0
2002-06-20,10.711018777384382,10.968671725428852,10.711018777384382,10.828803062438965,173800,0.0,0.0
2002-06-21,10.876647592105048,11.042282104492188,10.832478856834738,11.042282104492188,160600,0.0,0.0
2002-06-24,11.04228935802105,11.171116207607932,10.99811989168703,11.082777976989746,156600,0.0,0.0
2002-06-25,11.130622587023922,11.200557251439763,10.76622728619853,10.839842796325684,112800,0.0,0.0
2002-06-26,10.453365245465479,10.714699745178223,10.416557480457382,10.714699745178223,129600,0.0,0.0
2002-06-27,10.655802511654716,11.042282104492188,10.563783494117281,11.042282104492188,169400,0.0,0.0
2002-06-28,11.005478221376462,11.410362181116323,11.005478221376462,11.226324081420898,263800,0.0,0.0
2002-07-01,11.263132378201576,11.274174215397426,11.057009893299558,11.119582176208496,69400,0.0,0.0
2002-07-02,11.115899076344322,11.152706126610447,10.854564666748047,10.854564666748047,99200,0.0,0.0
2002-07-03,10.87664950572042,10.87664950572042,10.11841286438319,10.27668571472168,123200,0.0,0.0
2002-07-05,10.306132559048928,10.858246803283691,10.306132559048928,10.858246803283691,61400,0.0,0.0
2002-07-08,10.821441517943034,11.391960121841139,10.821441517943034,11.336748123168945,318200,0.0,0.0
2002-07-09,11.410362802306084,11.778439021735311,11.410362802306084,11.531827926635742,209200,0.0,0.0
2002-07-10,11.528147312290146,11.634889755057497,11.310982282290773,11.340428352355957,176000,0.0,0.0
2002-07-11,11.333065075930566,11.333065075930566,10.65580489895913,10.729419708251953,110000,0.0,0.0
2002-07-12,10.729416709873778,10.91345473475,10.42023277191778,10.545378684997559,88800,0.0,0.0
2002-07-15,10.49017067811085,10.49017067811085,9.956459959281876,10.081605911254883,114600,0.0,0.0
2002-07-16,10.081605717632865,10.081605717632865,9.385942005416664,9.540534019470215,226200,0.0,0.0
2002-07-17,9.606784623093318,9.827630383794755,9.293919853937059,9.661995887756348,204200,0.0,0.0
2002-07-18,9.698804856621958,9.949096703561787,9.581020623250135,9.779781341552734,104000,0.0,0.0
2002-07-19,9.779781313051112,9.779781313051112,9.220305504116043,9.312324523925781,78200,0.0,0.0
2002-07-22,9.293925185998281,9.308648572781749,8.760214349942848,8.833829879760742,100200,0.0,0.0
2002-07-23,8.889039345843045,8.925847103173263,8.105037414342425,8.149206161499023,198200,0.0,0.0
2002-07-24,8.152890446443052,9.01786994934082,8.038786982433521,9.01786994934082,128200,0.0,0.0
2002-07-25,9.146695241391514,9.426433284460261,9.047314482265167,9.205587387084961,130200,0.0,0.0
2002-07-26,9.257120881783665,9.275525122143264,9.073082690487567,9.091486930847168,54200,0.0,0.0
2002-07-29,8.833829251392034,9.496366164426568,8.833829251392034,9.455878257751465,121600,0.0,0.0
2002-07-30,9.477965016127909,9.477965016127909,9.275523325729582,9.382265090942383,88600,0.0,0.0
2002-07-31,9.426532542373547,9.426532542373547,9.098172132990662,9.149824142456055,105200,0.03,0.0
2002-08-01,9.186721236434394,9.267889506202994,9.076038127830358,9.260510444641113,36800,0.0,0.0
2002-08-02,9.35274308016796,9.371190023418245,8.891562461853027,8.891562461853027,67600,0.0,0.0
2002-08-05,8.910012299230074,8.917391360409347,8.670198440551758,8.670198440551758,161200,0.0,0.0
2002-08-06,8.670196085238237,8.898941993713379,8.614854548839581,8.898941993713379,76200,0.0,0.0
2002-08-07,8.921079442374754,9.105551719665527,8.795638237520556,9.105551719665527,39600,0.0,0.0
2002-08-08,9.12400104802982,9.293715953373999,9.094485504105538,9.112933158874512,136600,0.0,0.0
2002-08-09,9.14982359346386,9.297401960863123,9.057587465692226,9.238370895385742,223800,0.0,0.0
2002-08-12,9.186718736519557,9.22361333058306,9.031762004417528,9.149824142456055,60600,0.0,0.0
2002-08-13,9.149824870340378,9.290024198193615,8.91370057547923,8.921079635620117,118800,0.0,0.0
2002-08-14,8.932149638367424,8.943218231201172,8.563204988382033,8.943218231201172,98000,0.0,0.0
2002-08-15,9.002247908371993,9.164583725967443,8.946906360286672,9.12399959564209,32400,0.0,0.0
2002-08-16,9.205168331227284,9.205168331227284,8.957975413566858,9.131379127502441,65000,0.0,0.0
2002-08-19,9.223617383147776,9.371195120536909,9.183033241475956,9.341679573059082,172000,0.0,0.0
2002-08-20,9.389638096957787,9.408085041046142,9.223612785339355,9.223612785339355,121400,0.0,0.0
2002-08-21,9.260510051084578,9.481876962590961,9.197789437886204,9.389640808105469,68600,0.0,0.0
2002-08-22,9.42653731165603,9.444984969874156,9.297407222660196,9.404400825500488,65600,0.0,0.0
2002-08-23,9.352743691153528,9.485563239384986,9.27895450592041,9.27895450592041,84400,0.0,0.0
2002-08-26,9.242059150748991,9.334295272827148,9.120307497754055,9.334295272827148,55000,0.0,0.0
2002-08-27,9.37119100313122,9.426532542373547,9.149824142456055,9.149824142456055,71600,0.0,0.0
2002-08-28,9.131381316197247,9.131381316197247,8.773505210876465,8.773505210876465,48400,0.0,0.0
2002-08-29,8.799332182542132,8.946909937680145,8.707095997617596,8.928462982177734,53800,0.0,0.0
2002-08-30,8.935841342154951,9.046525186288143,8.928462982177734,8.928462982177734,44000,0.0,0.0
2002-09-03,8.957978713616468,8.957978713616468,8.485729183957616,8.504176139831543,63600,0.0,0.0
2002-09-04,8.541069353359074,8.821467399597168,8.474659197183453,8.821467399597168,58400,0.0,0.0
2002-09-05,8.821467097302788,8.821467097302788,8.518932577275466,8.522622108459473,46200,0.0,0.0
2002-09-06,8.522617386777384,8.777189267787499,8.493101857363584,8.747673034667969,56200,0.0,0.0
2002-09-09,8.854673324092742,8.873120278702118,8.563206656062373,8.577964782714844,188600,0.0,0.0
2002-09-10,8.577964782714844,8.743990189024066,8.574275251051725,8.577964782714844,83600,0.0,0.0
2002-09-11,8.60379414526934,8.784577044801944,8.60379414526934,8.707098960876465,59800,0.0,0.0
2002-09-12,8.670198440551758,8.788260604596097,8.596409236171043,8.670198440551758,106000,0.0,0.0
2002-09-13,8.651745668117258,8.92476441463677,8.651745668117258,8.873111724853516,52200,0.0,0.0
2002-09-16,8.854672110684804,8.8952562497114,8.743988990783691,8.743988990783691,58000,0.0,0.0
2002-09-17,8.836223378389347,8.85835985716856,8.699713567887922,8.81777572631836,118400,0.0,0.0
2002-09-18,8.817770210669451,8.99117451313986,8.758739168379044,8.873111724853516,113800,0.0,0.0
2002-09-19,8.873120340357673,8.983804179901654,8.854673385620117,8.854673385620117,175400,0.0,0.0
2002-09-20,8.965347816395466,9.017000506178722,8.862043844240022,8.873111724853516,131800,0.0,0.0
2002-09-23,8.876808664643995,8.876808664643995,8.10571423923218,8.164745330810547,196200,0.0,0.0
2002-09-24,8.172120693185569,8.589028380368593,8.172120693185569,8.301251411437988,188000,0.0,0.0
2002-09-25,8.338150978088379,8.518933810028592,8.227467137669773,8.338150978088379,72600,0.0,0.0
2002-09-26,8.35659335950225,8.426693016365325,8.260667698454315,8.375041007995605,180400,0.0,0.0
2002-09-27,8.393491037775961,8.397180568830704,8.205329176220648,8.20901870727539,140000,0.0,0.0
2002-09-30,8.223776305326219,8.223776305326219,7.950756654392171,8.061440467834473,126200,0.0,0.0
2002-10-01,8.079890198225824,8.559518814086914,7.980274942965487,8.559518814086914,162600,0.0,0.0
2002-10-02,8.537381223369618,8.688648513395838,8.411939953049394,8.504176139831543,89800,0.0,0.0
2002-10-03,8.493105820089866,8.699714622386324,8.356595993041992,8.356595993041992,63200,0.0,0.0
2002-10-04,8.360286218755986,8.423006841200742,8.002410139927749,8.02454662322998,56400,0.0,0.0
2002-10-07,7.987650842317044,8.10940253815999,7.82162618637085,7.82162618637085,70400,0.0,0.0
2002-10-08,7.8216261201035495,7.983961244048116,7.747836915615286,7.8732781410217285,60800,0.0,0.0
2002-10-09,7.895412905875603,7.895412905875603,7.194418430328369,7.194418430328369,97200,0.0,0.0
2002-10-10,7.157528250215569,7.441615886168829,7.006260953919686,7.397342205047607,129600,0.0,0.0
2002-10-11,7.415787105742812,7.655600971332504,7.415787105742812,7.508023262023926,97400,0.0,0.0
2002-10-14,7.544920045113017,7.747839366075355,7.426857139850064,7.644534587860107,62200,0.0,0.0
2002-10-15,7.674048265214735,8.356595993041992,7.655601314613751,8.356595993041992,83000,0.0,0.0
2002-10-16,8.264360643108141,8.264360643108141,7.928621042560751,7.939689636230469,105600,0.0,0.0
2002-10-17,7.710940856497369,7.714630386395298,7.0468409563993655,7.456368923187256,438600,0.0,0.0
2002-10-18,7.471129519598825,7.747838020324707,7.341998745185525,7.747838020324707,285200,0.0,0.0
2002-10-21,7.747841184789484,8.17581711774801,7.747841184789484,8.116786003112793,147600,0.0,0.0
2002-10-22,8.116781260736085,8.116781260736085,7.858519757321179,7.888035297393799,52200,0.0,0.0
2002-10-23,7.858518415444462,7.8732765348137494,7.574431654644316,7.810555934906006,94600,0.0,0.0
2002-10-24,7.821625315279174,7.821625315279174,7.692494572564927,7.740457057952881,202000,0.0,0.0
2002-10-25,7.729392452873797,7.747839408077201,7.567056573000148,7.618708610534668,184600,0.0,0.0
2002-10-28,7.637149839803411,7.6924913625283775,7.4895715075959775,7.581807613372803,64800,0.0,0.0
2002-10-29,7.581811056878833,7.600258708636135,7.327239795981712,7.489574909210205,144000,0.0,0.0
2002-10-30,7.508022011656711,7.784730434417725,7.4895743612490975,7.784730434417725,161200,0.0,0.0
2002-10-31,7.747836616066849,7.79211027778929,7.674047414431439,7.729389667510986,134200,0.0,0.0
2002-11-01,7.747835529411621,8.079885482788086,7.744145999476719,8.079885482788086,335000,0.0,0.0
2002-11-04,8.116781791724872,8.282807155310747,8.024545635000726,8.245912551879883,178400,0.0,0.0
2002-11-05,8.227469167127227,8.286500281762445,7.9950342412143565,8.116786003112793,75000,0.0,0.0
2002-11-06,8.1352290672999,8.375043647349033,8.116782116698918,8.356595993041992,98800,0.0,0.0
2002-11-07,8.338153034848057,8.338153034848057,8.017170733275965,8.116786003112793,90200,0.0,0.0
2002-11-08,8.09833374807859,8.175811771483577,7.692494572564927,7.740457057952881,55200,0.0,0.0
2002-11-11,7.674050213071701,7.747839441617217,7.600261688232422,7.600261688232422,77000,0.0,0.0
2002-11-12,7.655600509584244,7.873277881574925,7.592879898947844,7.68880558013916,60800,0.0,0.0
2002-11-13,7.6851164039939395,7.744147486878579,7.51909104356463,7.5928802490234375,68600,0.0,0.0
2002-11-14,7.592880382165105,7.880657444053425,7.567054370913466,7.869588851928711,74200,0.0,0.0
2002-11-15,7.869587520375826,7.869587520375826,7.777351379394531,7.777351379394531,45600,0.0,0.0
2002-11-18,7.747834467100559,7.895412125732746,7.674045285931574,7.725697994232178,65800,0.0,0.0
2002-11-19,7.710943405642284,7.91386339487604,7.677738329289599,7.7552170753479,77400,0.0,0.0
2002-11-20,7.729384155518436,7.91385632434985,7.7146260442332935,7.792104721069336,86800,0.0,0.0
2002-11-21,7.858521897277599,8.23853519493684,7.766285721470556,8.054062843322754,181200,0.0,0.0
2002-11-22,7.932311543206686,7.987653110906421,7.851143957494156,7.924932479858398,87800,0.0,0.0
2002-11-25,7.928616760442268,7.947064406595188,7.674044873177949,7.932306289672852,79400,0.0,0.0
2002-11-26,7.913860573802134,7.913860573802134,7.460058259985528,7.655599117279053,112200,0.0,0.0
2002-11-27,7.685118515995766,8.293877165357147,7.685118515995766,8.268051147460938,275400,0.0,0.0
2002-11-29,8.319698766221377,8.48572408413239,8.205326160385923,8.375041007995605,91200,0.0,0.0
2002-12-02,8.448829271066879,8.67019612128773,8.448829271066879,8.596406936645508,148800,0.0,0.0
2002-12-03,8.55951729748962,8.577964250955445,8.42300744924155,8.448833465576172,83800,0.0,0.0
2002-12-04,8.415539779260026,8.600496697485521,8.408141333197891,8.563505172729492,199000,0.03,0.0
2002-12-05,8.58200149277699,8.589399233461094,8.32306151885734,8.426637649536133,151600,0.0,0.0
2002-12-06,8.39704804199363,8.39704804199363,8.256480327556279,8.330463409423828,91800,0.0,0.0
2002-12-09,8.289768754485554,8.289768754485554,8.012333385980536,8.045625686645508,94000,0.0,0.0
2002-12-10,8.064123025965513,8.286071515008237,8.064123025965513,8.182496070861816,102200,0.0,0.0
2002-12-11,8.182494819413696,8.182494819413696,8.012334078468928,8.101113319396973,55800,0.0,0.0
2002-12-12,8.12700587981743,8.25647585009703,8.082616619213015,8.219484329223633,177600,0.0,0.0
2002-12-13,8.219484906896838,8.219484906896838,8.027130254834548,8.123307228088379,81000,0.0,0.0
2002-12-16,8.138102531433105,8.189890230855697,8.09001405419134,8.138102531433105,78600,0.0,0.0
2002-12-17,8.156597776332635,8.508016115498947,8.156597776332635,8.397042274475098,87400,0.0,0.0
2002-12-18,8.341561262730325,8.341561262730325,7.949452580567354,8.027134895324707,115000,0.0,0.0
2002-12-19,8.045626410946232,8.267574866841894,8.045626410946232,8.249078750610352,65600,0.0,0.0
2002-12-20,8.304566473675743,8.308264991402956,8.13070650719943,8.252778053283691,95200,0.0,0.0
2002-12-23,8.23058497458557,8.274974956802742,8.008636474609375,8.008636474609375,103600,0.0,0.0
2002-12-24,7.934648388712747,7.934648388712747,7.612823190033544,7.731195449829102,78200,0.0,0.0
2002-12-26,7.675710680090733,7.7053037532857696,7.598029127536707,7.642418384552002,145400,0.0,0.0
2002-12-27,7.638721373890778,7.775589818017695,7.564739022259915,7.690509796142578,93600,0.0,0.0
2002-12-30,7.712704442790093,7.7829882766676715,7.6017298568431695,7.657217502593994,63400,0.0,0.0
2002-12-31,7.694208461891546,7.949449237977559,7.561039944174496,7.709005355834961,257400,0.0,0.0
2003-01-02,7.768191337585449,7.853271359092538,7.69790750411864,7.768191337585449,105400,0.0,0.0
2003-01-03,7.80518223645214,7.842173761901183,7.749695301055908,7.749695301055908,267800,0.0,0.0
2003-01-06,7.768188711593211,7.842171743449225,7.723798751368706,7.790383338928223,62600,0.0,0.0
2003-01-07,7.80518102645874,7.860667953253146,7.712702579949879,7.80518102645874,142600,0.0,0.0
2003-01-08,7.823677199838529,7.823677199838529,7.583233356475829,7.58323335647583,113000,0.0,0.0
2003-01-09,7.586932134609658,7.897659783543161,7.586932134609658,7.864367485046387,213800,0.0,0.0
2003-01-10,7.8421747827259285,7.8791656074354455,7.757094051451676,7.797784805297852,95000,0.0,0.0
2003-01-13,7.823677461290747,7.890262064412696,7.768190527207338,7.8421735763549805,78600,0.0,0.0
2003-01-14,7.823679079025261,7.842175197914014,7.635022899688734,7.760793685913086,162200,0.0,0.0
2003-01-15,7.731197927724052,7.8421724860161355,7.3390895150896105,7.6017279624938965,169600,0.0,0.0
2003-01-16,7.612827242012261,7.620225688575937,7.398277230548541,7.564738750457764,144800,0.0,0.0
2003-01-17,7.546242505047695,7.546242505047695,7.368684023882969,7.457463264465332,106000,0.0,0.0
2003-01-21,7.490751619719095,7.53144234812211,7.2762017250061035,7.2762017250061035,97000,0.0,0.0
2003-01-22,7.250311712415249,7.357586363673662,7.176328659057617,7.176328659057617,74200,0.0,0.0
2003-01-23,7.1578323540578515,7.335390813262967,7.043159270682207,7.313196182250977,101200,0.0,0.0
2003-01-24,7.294699779014826,7.294699779014826,7.083849028880319,7.120840549468994,115400,0.0,0.0
2003-01-27,7.083852849009552,7.083852849009552,6.958082034516018,6.972878932952881,105800,0.0,0.0
2003-01-28,6.880396350916435,7.1245393857877515,6.869298683675181,6.99137020111084,148000,0.0,0.0
2003-01-29,6.954380275845651,6.954380275845651,6.658449470490186,6.717635631561279,215200,0.0,0.0
2003-01-30,6.750926306828888,7.172627779121848,6.728731678169923,7.054255485534668,257400,0.0,0.0
2003-01-31,7.069052460690549,7.287301644220141,6.972874794596616,6.99137020111084,135400,0.0,0.0
2003-02-03,6.991372187667949,7.087549881090205,6.843406776847067,6.9950714111328125,56400,0.0,0.0
2003-02-04,6.972878140719599,6.972878140719599,6.665849588587674,6.6954426765441895,303600,0.0,0.0
2003-02-05,6.658450298942054,6.7509287753162495,6.554874151403234,6.632556438446045,151400,0.0,0.0
2003-02-06,6.7324302936573135,6.784217991044775,6.517880354482096,6.591862678527832,80400,0.0,0.0
2003-02-07,6.639953700504501,6.67694452000664,6.366216838417008,6.588165283203125,124600,0.0,0.0
2003-02-10,6.5881663311179794,6.5881663311179794,5.61159386539087,6.1960577964782715,544800,0.0,0.0
2003-02-11,6.251542772015116,6.251542772015116,5.833540508977909,5.88162899017334,403400,0.0,0.0
2003-02-12,5.885327541706716,5.885327541706716,5.696671449808436,5.755857944488525,263200,0.0,0.0
2003-02-13,5.752160187271,5.7854524887638865,5.678177491051988,5.7632575035095215,207400,0.0,0.0
2003-02-14,5.770654398085406,5.807645559861213,5.659680207203527,5.718866348266602,255400,0.0,0.0
2003-02-18,5.733664582078832,6.029595375061035,5.69667305656739,6.029595375061035,199000,0.0,0.0
2003-02-19,6.066584982428083,6.066584982428083,5.811344665988969,5.918619632720947,165200,0.0,0.0
2003-02-20,5.91862073399127,6.011099182959883,5.807646524673476,5.9704084396362305,82400,0.0,0.0
2003-02-21,5.955612162780719,6.081382907881465,5.826142195111768,6.066586017608643,68400,0.0,0.0
2003-02-24,6.0480921655174065,6.0480921655174065,5.84833868157471,5.937117576599121,91400,0.0,0.0
2003-02-25,5.955613533875159,5.966710498579944,5.8261435363997744,5.951914310455322,83800,0.0,0.0
2003-02-26,5.974108946010885,6.007401251237985,5.815046219493151,5.844639301300049,118200,0.0,0.0
2003-02-27,5.900126780551298,5.966711044311523,5.818745621758361,5.966711044311523,202600,0.0,0.0
2003-02-28,6.029595771678037,6.062888076272781,6.007401137133111,6.048091888427734,163200,0.0,0.0
2003-03-03,6.0295958862044765,6.085083531952793,5.778054690845848,5.844639301300049,106000,0.0,0.0
2003-03-04,5.641186714172363,5.7336651848965,5.596797090558062,5.641186714172363,159400,0.0,0.0
2003-03-05,5.622689919330836,5.6596814419541674,5.5487072268614765,5.637486457824707,174200,0.0,0.0
2003-03-06,5.5706377858002405,5.596633982132392,5.366380996153243,5.496362686157227,82600,0.03,0.0
2003-03-07,5.459227911846661,5.812035091593727,5.459227911846661,5.626347064971924,251200,0.0,0.0
2003-03-10,5.607777815234138,5.607777815234138,5.388665915692246,5.3923797607421875,131400,0.0,0.0
2003-03-11,5.392378872159612,5.496364037220462,5.150984296268012,5.184408187866211,170200,0.0,0.0
2003-03-12,5.176981806560213,5.176981806560213,5.006148815155029,5.006148815155029,215400,0.0,0.0
2003-03-13,5.006148014131623,5.2215464072394795,4.883593969708371,5.210404872894287,402000,0.0,0.0
2003-03-14,5.236400965443632,5.329244951680777,5.217832097361863,5.251255989074707,75200,0.0,0.0
2003-03-17,5.273537129568764,5.708046913146973,5.273537129568764,5.708046913146973,131200,0.0,0.0
2003-03-18,5.659768125549218,5.763753623266314,5.626344240866697,5.700619697570801,105000,0.0,0.0
2003-03-19,5.700620429902272,5.830601787489286,5.682051563340792,5.756326675415039,100000,0.0,0.0
2003-03-20,5.719189049279045,5.823174562299885,5.566924978135567,5.715475559234619,82400,0.0,0.0
2003-03-21,5.682050420435866,6.272537708282471,5.6263438319564205,6.272537708282471,291200,0.0,0.0
2003-03-24,6.1796957609007315,6.1796957609007315,5.7563273922683145,5.760041236877441,144200,0.0,0.0
2003-03-25,5.7340444957743895,6.0088629671593505,5.7340444957743895,5.9828667640686035,164800,0.0,0.0
2003-03-26,5.982866209956081,5.982866209956081,5.748898987121779,5.756326675415039,330600,0.0,0.0
2003-03-27,5.748899434354683,5.752613278790229,5.637486934661865,5.637486934661865,269600,0.0,0.0
2003-03-28,5.682051986956776,5.700620854902627,5.570639133453369,5.570639133453369,169200,0.0,0.0
2003-03-31,5.5706389074606255,5.626345154866558,5.388664788151449,5.607776641845703,213600,0.0,0.0
2003-04-01,5.570639099710619,5.5743529441116335,5.429516200017347,5.444371223449707,140400,0.0,0.0
2003-04-02,5.470366870695288,5.611489756065209,5.470366870695288,5.559497356414795,197600,0.0,0.0
2003-04-03,5.570639133453369,5.574352977876879,5.533501397561667,5.570639133453369,91400,0.0,0.0
2003-04-04,5.5706392626583705,5.68947945359347,5.552070394281835,5.615204334259033,116400,0.0,0.0
2003-04-07,5.689481022357081,5.812035091593727,5.600350854579848,5.626347064971924,131800,0.0,0.0
2003-04-08,5.711763135989399,5.711763135989399,5.589209079742432,5.589209079742432,145000,0.0,0.0
2003-04-09,5.5706387784288385,5.63748655710492,5.4555120878391055,5.581779956817627,158200,0.0,0.0
2003-04-10,5.607776511953701,5.674623936458108,5.533501044903976,5.581779956817627,82800,0.0,0.0
2003-04-11,5.6152037311893785,5.652341463953879,5.552069797992729,5.596634864807129,109000,0.0,0.0
2003-04-14,5.626345161482199,5.663482895910944,5.578066602565187,5.633772850036621,34400,0.0,0.0
2003-04-15,5.633770684325136,5.633770684325136,5.589205632645171,5.604060649871826,43600,0.0,0.0
2003-04-16,5.648628124689009,5.726617087127385,5.641200435803592,5.689479351043701,64200,0.0,0.0
2003-04-17,5.923444888091807,5.971723792326595,5.719188094535892,5.968009948730469,159600,0.0,0.0
2003-04-21,6.005151510477994,6.079427013136982,5.893738610661357,6.0088653564453125,119400,0.0,0.0
2003-04-22,5.98286747496167,6.034859887320979,5.953157423850137,5.990294456481934,131600,0.0,0.0
2003-04-23,6.00514913118527,6.086851585063976,5.979152928057655,6.016290664672852,34600,0.0,0.0
2003-04-24,5.979150772094727,6.0162884953188,5.9642953994678365,5.979150772094727,97200,0.0,0.0
2003-04-25,5.98286747496167,6.012577526073202,5.979153630029791,5.990294456481934,91400,0.0,0.0
2003-04-28,6.016290467250443,6.183409214019775,5.979152731853907,6.183409214019775,52200,0.0,0.0
2003-04-29,6.164839286122361,6.27625175840773,6.164839286122361,6.209403991699219,149400,0.0,0.0
2003-04-30,6.231686400561611,6.331957331785817,6.198262520705826,6.313388824462891,168800,0.0,0.0
2003-05-01,6.294822692871094,6.3208188962716845,6.19826485999503,6.294822692871094,117600,0.0,0.0
2003-05-02,6.276253487622684,6.387666698947517,6.276253487622684,6.380239009857178,158400,0.0,0.0
2003-05-05,6.395090889558248,6.513931738123937,6.3133884702410015,6.4990763664245605,220400,0.0,0.0
2003-05-06,6.536215134447664,6.70333384277983,6.506505094632398,6.677337646484375,154400,0.0,0.0
2003-05-07,6.681065057544748,6.796576857015679,6.587910220068029,6.658708095550537,239000,0.03,0.0
2003-05-08,6.673613118824794,6.699696362022596,6.599088957646727,6.643803596496582,93800,0.0,0.0
2003-05-09,6.6251744317557195,6.725781148501484,6.6251744317557195,6.707150459289551,95600,0.0,0.0
2003-05-12,6.7257799885655345,6.759315791935577,6.677339778539425,6.703423023223877,38800,0.0,0.0
2003-05-13,6.6587084864473285,6.729505655370949,6.632624533421993,6.692243576049805,89400,0.0,0.0
2003-05-14,6.692241796198389,6.763039657007842,6.681063672875485,6.755587100982666,67000,0.0,0.0
2003-05-15,6.707149385333206,6.744411468505859,6.68851869910444,6.744411468505859,144000,0.0,0.0
2003-05-16,6.677340408600262,6.718328774523478,6.61399507522583,6.61399507522583,100800,0.0,0.0
2003-05-19,6.613994021894712,6.658708660391165,6.371791566052848,6.375517845153809,125200,0.0,0.0
2003-05-20,6.427685475339927,6.613995199262823,6.4053285074694335,6.576733112335205,146400,0.0,0.0
2003-05-21,6.5394710667939595,6.606542681545109,6.304721125880133,6.401602268218994,95800,0.0,0.0
2003-05-22,6.390421752870337,6.468672186462714,6.338255270952093,6.4276838302612305,38400,0.0,0.0
2003-05-23,6.4276833444289325,6.606540449528409,6.4202307873710485,6.5804572105407715,46400,0.0,0.0
2003-05-27,6.613994928365364,6.874828815460205,6.595364241022232,6.874828815460205,69000,0.0,0.0
2003-05-28,6.874828755072375,6.915816409010267,6.766768779428935,6.856197357177734,56800,0.0,0.0
2003-05-29,7.266076429431478,7.340600574532128,7.120755128271623,7.254897594451904,303800,0.0,0.0
2003-05-30,7.079768381738223,7.262351796823557,7.023875615604359,7.158018112182617,241400,0.0,0.0
2003-06-02,7.187827923740951,7.474744295914797,7.187827923740951,7.45238733291626,97800,0.0,0.0
2003-06-03,7.415124432528402,7.418850711067801,7.295886362127477,7.362957954406738,88600,0.0,0.0
2003-06-04,7.362956683705496,7.634968573703085,7.355504127912862,7.4486589431762695,88000,0.0,0.0
2003-06-05,7.471018016962534,7.5008275378655975,7.444934775011734,7.45238733291626,141400,0.0,0.0
2003-06-06,7.471020279588773,7.638699329647627,7.471020279588773,7.489651679992676,48200,0.0,0.0
2003-06-09,7.452387869495419,7.467292986377653,7.277257010419708,7.3219709396362305,57200,0.0,0.0
2003-06-10,7.266080137504004,7.321972919495594,7.13938945260825,7.314520359039307,107200,0.0,0.0
2003-06-11,7.31452006977226,7.582806549866428,7.247449160463973,7.489651679992676,126800,0.0,0.0
2003-06-12,7.489651166002222,7.7132229804992685,7.4523890784668465,7.713222980499268,53000,0.0,0.0
2003-06-13,7.8063772586986975,7.8063772586986975,7.51200757102626,7.526912689208984,60800,0.0,0.0
2003-06-16,7.530638980829213,7.720674991607666,7.530638980829213,7.720674991607666,57600,0.0,0.0
2003-06-17,7.750485315370578,7.750485315370578,7.62006905894859,7.664783000946045,60800,0.0,0.0
2003-06-18,7.646150004668358,7.884626185320522,7.642423725506283,7.880899906158447,57800,0.0,0.0
2003-06-19,7.825007438659668,7.974055057253021,7.795197914940997,7.825007438659668,67600,0.0,0.0
2003-06-20,7.851090493424795,7.933067214707257,7.79519772664181,7.86972188949585,66800,0.0,0.0
2003-06-23,7.869719109777782,7.877170954858997,7.642421133002037,7.731849670410156,69400,0.0,0.0
2003-06-24,7.713224495256619,7.825010069100488,7.675962400403548,7.776569843292236,51200,0.0,0.0
2003-06-25,7.7393037888519,7.7393037888519,7.593981764346198,7.642422676086426,182400,0.0,0.0
2003-06-26,7.661054757772518,7.955424428480483,7.638697792502011,7.9181623458862305,191200,0.0,0.0
2003-06-27,7.918161718973124,7.992685878261247,7.765387832076024,7.784018516540527,128400,0.0,0.0
2003-06-30,7.787746444854813,7.798925284329988,7.638698805428517,7.713222980499268,147200,0.0,0.0
2003-07-01,7.713220057498074,7.713220057498074,7.534362247251252,7.541814804077148,118000,0.0,0.0
2003-07-02,7.564176006951535,7.67596228990149,7.545545315150877,7.62006950378418,155000,0.0,0.0
2003-07-03,7.601434453114242,7.6051607318290895,7.549267972536373,7.552994251251221,69400,0.0,0.0
2003-07-07,7.601434343811494,7.8287323671438305,7.5343627493386744,7.564172267913818,246000,0.0,0.0
2003-07-08,7.564174318038521,7.858544015626951,7.564174318038521,7.843638896942139,230800,0.0,0.0
2003-07-09,7.862268810384931,7.974054336547852,7.746757005254575,7.974054336547852,106000,0.0,0.0
2003-07-10,7.929338751431574,7.9740526682559,7.776564899304488,7.795195579528809,112400,0.0,0.0
2003-07-11,7.798921230793882,7.996408983870077,7.750480328960781,7.914433002471924,68600,0.0,0.0
2003-07-14,7.9554225901460045,8.160362930984224,7.947970033206264,8.01131534576416,68200,0.0,0.0
2003-07-15,8.01131792857038,8.052306294238434,7.843638896942139,7.843638896942139,93400,0.0,0.0
2003-07-16,7.843639423252491,8.011318466132042,7.340603716044287,7.351781845092773,280000,0.0,0.0
2003-07-17,7.452389384285664,7.519461002458672,7.355508237004122,7.437484264373779,274600,0.0,0.0
2003-07-18,7.48965131066238,7.780294035478524,7.4784724709712895,7.746758937835693,270800,0.0,0.0
2003-07-21,7.7020433987296935,7.709495957661559,7.512007410257928,7.56790018081665,214800,0.0,0.0
2003-07-22,7.567899018035015,7.769113813988619,7.512006256064023,7.765387535095215,177800,0.0,0.0
2003-07-23,7.780292284366732,7.806376237775222,7.601435153856016,7.679685592651367,90800,0.0,0.0
2003-07-24,7.679684107741411,7.944243473295094,7.679684107741411,7.761660099029541,184000,0.0,0.0
2003-07-25,7.7877461233044505,7.914436789264639,7.743032188680371,7.843638896942139,146800,0.0,0.0
2003-07-28,7.847363357041669,8.067208831660727,7.847363357041669,7.985232830047607,122200,0.0,0.0
2003-07-29,8.01131816546914,8.18644905090332,7.914437023298574,8.18644905090332,150800,0.0,0.0
2003-07-30,8.1715019462614,8.40689468383789,8.033254920111762,8.40689468383789,242800,0.03,0.0
2003-07-31,8.406897670999555,8.406897670999555,8.238759432514946,8.36953353881836,148400,0.0,0.0
2003-08-01,8.369532608949115,8.455469604555038,8.227549777628957,8.377005577087402,193400,0.0,0.0
2003-08-04,8.380735973896662,8.380735973896662,8.220070838928223,8.220070838928223,200200,0.0,0.0
2003-08-05,8.22380879235457,8.246226971837643,8.093034772158004,8.100507736206055,120200,0.0,0.0
2003-08-06,8.13787190411606,8.13787190411606,8.036989026702715,8.051934242248535,78600,0.0,0.0
2003-08-07,8.051935680415811,8.059408645854019,7.958525750421839,7.984681129455566,190600,0.0,0.0
2003-08-08,8.033254675129132,8.070618792894544,7.977208854811648,8.048200607299805,152400,0.0,0.0
2003-08-11,8.066882922037657,8.320958086930391,8.066882922037657,8.306012153625488,150000,0.0,0.0
2003-08-12,8.249967570317784,8.702072143554688,8.249967570317784,8.702072143554688,169200,0.0,0.0
2003-08-13,8.627339349047713,8.799213241458757,8.575030027472362,8.623602867126465,369400,0.0,0.0
2003-08-14,8.5937174496718,8.672181484308659,8.575035740280605,8.631081581115723,215000,0.0,0.0
2003-08-15,8.631080591472722,8.631080591472722,8.593716464312985,8.619871139526367,57400,0.0,0.0
2003-08-18,8.649762738252154,8.817900962684048,8.6348175142257,8.761855125427246,161600,0.0,0.0
2003-08-19,8.773062471831185,8.892627095697971,8.773062471831185,8.847790718078613,240000,0.0,0.0
2003-08-20,8.8179006757938,8.8179006757938,8.560088977606622,8.593716621398926,259000,0.0,0.0
2003-08-21,8.593713638327381,8.649759454305968,8.556349523454584,8.627341270446777,560800,0.0,0.0
2003-08-22,8.575032344798151,8.593714046791895,8.481622409506935,8.537668228149414,91000,0.0,0.0
2003-08-25,8.518985143296604,8.518985143296604,8.369529401120753,8.481621742248535,91400,0.0,0.0
2003-08-26,8.462942530280129,8.593716621398926,8.324696183721956,8.593716621398926,329400,0.0,0.0
2003-08-27,8.575035095214844,8.601189771459618,8.548879706308592,8.575035095214844,117400,0.0,0.0
2003-08-28,8.578767855411904,8.62360493656554,8.406893921755623,8.601186752319336,139600,0.0,0.0
2003-08-29,8.582507012366628,8.687126425881605,8.582507012366628,8.619871139526367,162200,0.0,0.0
2003-09-02,8.619872127884086,8.705809131342036,8.552616833817332,8.631081581115723,734800,0.0,0.0
2003-09-03,8.649759292602539,8.717014555584024,8.631077591845994,8.649759292602539,292200,0.0,0.0
2003-09-04,8.660966973677883,8.668439937520379,8.522719993235954,8.623602867126465,152600,0.0,0.0
2003-09-05,8.631077444614624,8.743169072564205,8.623604479375,8.67591381072998,232800,0.0,0.0
2003-09-08,8.675916708065122,8.780536118374075,8.631080326976589,8.687126159667969,200400,0.0,0.0
2003-09-09,8.735696781397372,8.735696781397372,8.522722244262695,8.522722244262695,76200,0.0,0.0
2003-09-10,8.593715942067732,8.593715942067732,8.466678345041645,8.530197143554688,166000,0.0,0.0
2003-09-11,8.556349793634375,8.601186875429775,8.507776941628828,8.567559242248535,121000,0.0,0.0
2003-09-12,8.560090249184105,8.642290772519583,8.470416756637702,8.54140853881836,98800,0.0,0.0
2003-09-15,8.575037222623559,8.59371893524421,8.474154264084069,8.485363006591797,72400,0.0,0.0
2003-09-16,8.518983511314707,8.634812312890208,8.500301814369525,8.623602867126465,156000,0.0,0.0
2003-09-17,8.589976631400859,8.593713113926254,8.4853572586733,8.545140266418457,93600,0.0,0.0
2003-09-18,8.54514093537321,8.62360493656554,8.5376679697374,8.601186752319336,187200,0.0,0.0
2003-09-19,8.556347617866123,8.67217570678057,8.556347617866123,8.623602867126465,221400,0.0,0.0
2003-09-22,8.627342760695944,8.627342760695944,8.354585886533773,8.50030517578125,132200,0.0,0.0
2003-09-23,8.500304809292887,8.616132939017207,8.500304809292887,8.604924201965332,146800,0.0,0.0
2003-09-24,8.604923834466783,8.631078503352557,8.41063099037065,8.425576210021973,137000,0.0,0.0
2003-09-25,8.444254731613,8.466672907083193,8.178970256682078,8.220070838928223,152400,0.0,0.0
2003-09-26,8.22007855747455,8.26491566317734,8.00336742401123,8.00336742401123,134200,0.0,0.0
2003-09-29,8.03326082864179,8.3134908575479,7.984687937202597,8.309754371643066,183800,0.0,0.0
2003-09-30,8.29106616973877,8.500304228116484,8.182710301237023,8.29106616973877,295400,0.0,0.0
2003-10-01,8.29480051944343,8.589975472515501,8.264909375934094,8.556347846984863,103600,0.0,0.0
2003-10-02,8.545143934840604,8.631080931833857,8.511516290336901,8.575035095214844,261000,0.0,0.0
2003-10-03,8.593716621398926,8.687126584675001,8.571298429757878,8.593716621398926,199200,0.0,0.0
2003-10-06,8.537669746614727,8.690862010725397,8.526460295828077,8.63855266571045,202600,0.0,0.0
2003-10-07,8.66097028042346,8.776798413560913,8.60866093887648,8.754380226135254,186000,0.0,0.0
2003-10-08,8.743167672083489,8.743167672083489,8.54887488294226,8.556347846984863,93800,0.0,0.0
2003-10-09,8.612395044763977,8.743169086013783,8.575031643830767,8.67965030670166,140800,0.0,0.0
2003-10-10,8.705806398738742,8.728225298165107,8.541405412246581,8.604924201965332,69000,0.0,0.0
2003-10-13,8.642286232603535,8.896361351013184,8.642286232603535,8.896361351013184,122600,0.0,0.0
2003-10-14,8.94867189954048,9.079445236094859,8.799215436059075,9.042081832885742,114000,0.0,0.0
2003-10-15,9.045824569118624,9.064506997771447,8.944942305040504,8.971096992492676,221200,0.0,0.0
2003-10-16,9.053292670051073,9.400777816772461,9.042083931551286,9.400777816772461,240200,0.0,0.0
2003-10-17,9.826727133596865,9.957501215160763,9.37088680267334,9.37088680267334,467400,0.0,0.0
2003-10-20,9.426930111252489,9.968707998747503,9.426930111252489,9.957498550415039,577400,0.0,0.0
2003-10-21,9.961238371917792,10.263886451721191,9.953765403858089,10.263886451721191,370600,0.0,0.0
2003-10-22,10.237732512432203,10.293778351587662,10.002339702914666,10.114431381225586,251000,0.0,0.0
2003-10-23,10.118164730738487,10.163001815768443,9.73705200229838,9.748261451721191,331200,0.0,0.0
2003-10-24,9.785623364094695,9.897714982404237,9.643639887397406,9.800568580627441,274200,0.0,0.0
2003-10-27,9.920137538443935,10.36476915079423,9.81551883859312,10.342350959777832,464600,0.0,0.0
2003-10-28,10.275093710403123,10.275093710403123,9.950026795812123,10.106955528259277,458200,0.0,0.0
2003-10-29,10.144318517267877,10.656205260449356,10.140582034452102,10.611368179321289,296800,0.0,0.0
2003-10-30,10.704778222539682,10.80939760448063,10.525431321493404,10.574004173278809,316600,0.0,0.0
2003-10-31,10.618844597274881,10.820609746294544,10.491806990881905,10.723464012145996,305000,0.0,0.0
2003-11-03,10.734671448722622,10.985010147094727,10.734671448722622,10.985010147094727,292200,0.0,0.0
2003-11-04,11.022368625475995,11.321280031949923,11.018632143812445,11.201715469360352,295600,0.0,0.0
2003-11-05,11.227875459565341,11.227875459565341,10.947645615689389,11.07841968536377,120200,0.0,0.0
2003-11-06,11.078423748864036,11.078423748864036,10.723466244021656,10.83555793762207,156000,0.0,0.0
2003-11-07,10.835554483187273,10.947646141052246,10.816872777763573,10.947646141052246,202000,0.0,0.0
2003-11-10,10.947650783860908,11.003697349223662,10.798194939104159,10.816877365112305,180000,0.0,0.0
2003-11-11,10.79819043865282,10.854236267995207,10.727198674733058,10.749617576599121,142600,0.0,0.0
2003-11-12,10.708515189459607,11.138200759887695,10.708515189459607,11.138200759887695,269800,0.0,0.0
2003-11-13,11.138200441557009,11.34370272600066,11.138200441557009,11.254029273986816,153600,0.0,0.0
2003-11-14,11.29138993405336,11.302599380079194,10.955114392550161,10.962587356567383,120000,0.0,0.0
2003-11-17,10.962586344181208,11.201715469360352,10.947640417527008,11.201715469360352,149800,0.0,0.0
2003-11-18,11.164353570969775,11.257763493029186,11.063471396768085,11.153144836425781,187800,0.0,0.0
2003-11-19,11.11578325257954,11.459531872426268,11.089628582481634,11.414694786071777,153600,0.0,0.0
2003-11-20,11.414696300447163,11.579098022009546,11.358650469564493,11.515579223632812,189000,0.0,0.0
2003-11-21,11.515577330725849,11.515577330725849,11.130728832640424,11.306339263916016,190400,0.0,0.0
2003-11-24,11.23534572034628,11.29886449816577,11.115781129782807,11.268973350524902,168200,0.0,0.0
2003-11-25,11.190508538627428,11.265236045946033,11.141934981842267,11.239081382751465,302400,0.0,0.0
2003-11-26,11.097098063016071,11.201716710543497,10.899068788871737,11.149407386779785,444600,0.0,0.0
2003-11-28,11.115782153673555,11.190510385989638,11.014899253845215,11.014899253845215,99800,0.0,0.0
2003-12-01,11.097100445962177,11.67624175178628,11.097100445962177,11.500631332397461,308000,0.0,0.0
2003-12-02,11.590307473250643,11.608989179324398,11.50063400130609,11.515579223632812,285000,0.0,0.0
2003-12-03,11.54178685604931,11.743946294405186,11.493119239807129,11.493119239807129,185000,0.03,0.0
2003-12-04,11.586711187473345,11.994773114808117,11.500605846492796,11.931130409240723,261600,0.0,0.0
2003-12-05,11.848765235563759,11.953588693441997,11.680299805534299,11.867484092712402,209200,0.0,0.0
2003-12-08,11.904922852517855,12.092107178589215,11.886204705531334,11.994771957397461,232600,0.0,0.0
2003-12-09,12.035948888795014,12.26056943701065,12.013486262732403,12.148259162902832,173000,0.0,0.0
2003-12-10,12.110823186455775,12.144516416321549,11.287212725646029,11.290956497192383,391600,0.0,0.0
2003-12-11,11.156183802642946,11.815072613005084,11.156183802642946,11.523065567016602,607000,0.0,0.0
2003-12-12,11.579224569038315,11.845026016235352,11.519325631245978,11.845026016235352,330200,0.0,0.0
2003-12-15,11.957333785435987,12.05841276899624,11.721481157675306,11.762661933898926,198400,0.0,0.0
2003-12-16,11.725226508409866,11.9236421585083,11.538042175353382,11.9236421585083,200600,0.0,0.0
2003-12-17,11.923638920691273,12.005999747812805,11.845021150849082,11.942357063293457,181200,0.0,0.0
2003-12-18,11.848768186810048,12.736022243210755,11.848768186810048,12.541350364685059,485400,0.0,0.0
2003-12-19,12.541352553678447,12.56755825073637,12.185701971759427,12.346680641174316,241400,0.0,0.0
2003-12-22,12.339186552019383,12.597501754760742,12.312980868857597,12.597501754760742,181000,0.0,0.0
2003-12-23,12.601251358895118,12.687355995178223,12.391604356573188,12.687355995178223,231400,0.0,0.0
2003-12-24,12.642428623426717,12.642428623426717,12.440269223409,12.44775676727295,69200,0.0,0.0
2003-12-26,12.436523170708268,12.597501754760742,12.436523170708268,12.597501754760742,101000,0.0,0.0
2003-12-29,12.597501651617806,13.102898597717285,12.597501651617806,13.102898597717285,150400,0.0,0.0
2003-12-30,13.102904482753235,13.102904482753235,12.855821198202591,12.98310661315918,227400,0.0,0.0
2003-12-31,12.953151372715377,12.956895857985822,12.354162258686793,12.432779312133789,234400,0.0,0.0
2004-01-02,12.84084715691132,13.140341855373025,12.84084715691132,12.908233642578125,338400,0.0,0.0
2004-01-05,13.136597739210076,13.136597739210076,12.765972097870431,12.79592227935791,196400,0.0,0.0
2004-01-06,12.904485280723048,12.990589881890832,12.503911018371582,12.503911018371582,273800,0.0,0.0
2004-01-07,12.503914674488795,12.623712539672852,12.31673033162581,12.623712539672852,228200,0.0,0.0
2004-01-08,12.709817813309318,12.76971674895191,12.604993604857329,12.676124572753906,115600,0.0,0.0
2004-01-09,12.6761218057319,12.6761218057319,12.181955337524414,12.181955337524414,122400,0.0,0.0
2004-01-12,12.238110014435309,12.31672851218257,12.148262342871284,12.283035278320312,161000,0.0,0.0
2004-01-13,12.406573686060524,12.49642276763916,12.024717588531045,12.49642276763916,179600,0.0,0.0
2004-01-14,12.496426132750747,12.496426132750747,12.017233282129299,12.185699462890625,270000,0.0,0.0
2004-01-15,11.886206889507942,11.886206889507942,11.290960566106088,11.448195457458496,486200,0.0,0.0
2004-01-16,11.792608813840765,11.867482806215834,11.635374001094169,11.710247993469238,235400,0.0,0.0
2004-01-20,11.699018124513355,11.766404583158776,11.650350523297996,11.695274353027344,156400,0.0,0.0
2004-01-21,11.792609221093807,12.275544989083242,11.770147308226099,12.16323471069336,209000,0.0,0.0
2004-01-22,12.163235792059277,12.193184535844576,11.631631665867936,11.695274353027344,183800,0.0,0.0
2004-01-23,11.78886612842308,11.901177127328115,11.478140245339832,11.822559356689453,178200,0.0,0.0
2004-01-26,11.826302473767107,11.863739471330913,11.302186650027828,11.508089065551758,147400,0.0,0.0
2004-01-27,11.567992210388184,11.631634915327068,11.414501106838804,11.567992210388184,229400,0.0,0.0
2004-01-28,11.59793698125899,11.601680752275241,10.763095324020336,10.822994232177734,260400,0.0,0.0
2004-01-29,10.965257743423185,10.96900080143569,10.538477010794978,10.781816482543945,412800,0.0,0.0
2004-01-30,10.81925625167461,10.939054132105756,10.650790750087692,10.856693267822266,234000,0.0,0.0
2004-02-02,10.912845886453292,11.129979672538672,10.669506409400087,10.882896423339844,192600,0.0,0.0
2004-02-03,10.882893231935576,10.882893231935576,10.590886230723282,10.594629287719727,201400,0.0,0.0
2004-02-04,10.594633184497711,10.594633184497711,10.171596897223385,10.253957748413086,301400,0.0,0.0
2004-02-05,10.325087269676326,10.66950645394467,10.325087269676326,10.650788307189941,173800,0.0,0.0
2004-02-06,10.718173189524293,10.740635820659248,10.516014507669976,10.575913429260254,269600,0.0,0.0
2004-02-09,10.635812105917244,10.983975025925014,10.617093961120647,10.90161418914795,309600,0.0,0.0
2004-02-10,11.006438194104994,11.425731397313015,11.006438194104994,11.347113609313965,382400,0.0,0.0
2004-02-11,11.347110324165008,11.470651914638019,11.163669824011224,11.418240547180176,128800,0.0,0.0
2004-02-12,11.45942151801027,11.523064199928005,11.305930469982444,11.332136154174805,121800,0.0,0.0
2004-02-13,11.42572957112692,11.459422801448214,10.983974519404565,11.148696899414062,275600,0.0,0.0
2004-02-17,11.186131283713168,11.605424348553143,11.186131283713168,11.534294128417969,187800,0.0,0.0
2004-02-18,11.605425614283273,11.650350156650202,11.201107589186428,11.350854873657227,150800,0.0,0.0
2004-02-19,11.48562949361477,11.605427338994867,11.272239492275038,11.335882186889648,300000,0.0,0.0
2004-02-20,11.49311404840831,11.49311404840831,11.126232349783654,11.433215141296387,302400,0.0,0.0
2004-02-23,11.493118429326918,11.567991734731196,11.287215232849121,11.287215232849121,245000,0.0,0.0
2004-02-24,11.305934143376708,11.594197477203215,11.1561861038208,11.1561861038208,284000,0.0,0.0
2004-02-25,11.19361940738985,11.530550956726074,11.186131865080942,11.530550956726074,284800,0.0,0.0
2004-02-26,11.571735458470357,11.923642205951182,11.481887063931936,11.79261302947998,289200,0.0,0.0
2004-02-27,11.77389204874412,11.957332566044615,11.717736190874435,11.770148277282715,247200,0.0,0.0
2004-03-01,11.897435556652264,12.16698071859018,11.882460468407736,12.088363647460938,374800,0.0,0.0
2004-03-02,12.073389375336724,12.223137411698424,11.901180133192947,11.912410736083984,360400,0.0,0.0
2004-03-03,11.912408461191227,11.912408461191227,11.609170102165663,11.699018478393555,407400,0.0,0.0
2004-03-04,11.79260989979172,11.822559356689453,11.605425615668043,11.822559356689453,250400,0.0,0.0
2004-03-05,11.82255738162714,12.092102448676863,11.755170936351895,12.043434143066406,140400,0.0,0.0
2004-03-08,12.08087043048511,12.08087043048511,11.830043532582946,11.859992980957031,203400,0.0,0.0
2004-03-09,11.93487327226881,11.94984836229896,11.680303168220611,11.807588577270508,193000,0.0,0.0
2004-03-10,11.777577549467978,11.83383972020343,11.323728561401367,11.323728561401367,197000,0.03,0.0
2004-03-11,11.327483604900216,11.837594949991844,11.124938857789695,11.128689765930176,240200,0.0,0.0
2004-03-12,11.132436344546242,11.545026779174805,10.974901840975784,11.545026779174805,363200,0.0,0.0
2004-03-15,11.597537986992611,11.620042711564055,10.971150882357746,11.038665771484375,256600,0.0,0.0
2004-03-16,11.13243631573438,11.383741339460368,10.971150905899632,11.012410163879395,222600,0.0,0.0
2004-03-17,11.132438519166573,11.567533763465002,11.113683982094479,11.50752067565918,224200,0.0,0.0
2004-03-18,11.440005844020089,11.50752074707374,11.203704398744756,11.319979667663574,277000,0.0,0.0
2004-03-19,12.096400019073487,12.355206202059014,11.728819663061097,11.920111656188965,401000,0.0,0.0
2004-03-22,12.002629597981771,12.040137243145486,11.169947427170277,11.25246524810791,270400,0.0,0.0
2004-03-23,11.608796603677247,11.63130133967998,11.37249437170423,11.458763122558594,517200,0.0,0.0
2004-03-24,12.190168936162454,12.471480526996974,11.650050481444715,11.77382755279541,1339200,0.0,0.0
2004-03-25,11.796338472225345,12.096404022271654,11.777583928214511,12.040141105651855,338800,0.0,0.0
2004-03-26,12.043888250024056,12.749043103462652,12.017632613587633,12.64401912689209,328000,0.0,0.0
2004-03-29,12.7340401903781,13.071613291052252,12.7340401903781,13.030355453491211,384400,0.0,0.0
2004-03-30,13.03034968072177,13.547961825272056,13.03034968072177,13.484198570251465,463200,0.0,0.0
2004-03-31,13.502955603437329,13.502955603437329,12.94408264473221,13.184136390686035,471800,0.0,0.0
2004-04-01,13.390435131311698,13.46920205170866,12.640270714216646,12.966591835021973,1367600,0.0,0.0
2004-04-02,13.12787139777111,13.487949812712111,13.03410088778703,13.446690559387207,574800,0.0,0.0
2004-04-05,13.52170997214682,13.577972861778976,13.367926362086942,13.536713600158691,376600,0.0,0.0
2004-04-06,13.499203759598338,13.649235722776728,13.439190688162084,13.487950325012207,575600,0.0,0.0
2004-04-07,13.487948569413494,13.529207818935184,13.244146124422887,13.465444564819336,243400,0.0,0.0
2004-04-08,13.529211560838482,13.57047082177164,13.101618185394301,13.13912582397461,268400,0.0,0.0
2004-04-12,13.232894935507728,13.502954483032227,13.165380048626604,13.502954483032227,182600,0.0,0.0
2004-04-13,13.446691197139312,13.45044281897829,12.580252559520446,12.685275077819824,230200,0.0,0.0
2004-04-14,12.68527289734052,12.936578576848444,12.561496583595739,12.584000587463379,294000,0.0,0.0
2004-04-15,13.502960067930163,13.502960067930163,12.899077458182376,13.131628036499023,786200,0.0,0.0
2004-04-16,13.352930789793692,14.024328524714354,13.240406373469,13.84053897857666,1145600,0.0,0.0
2004-04-19,14.15935105510231,14.346892128679825,13.724255821635472,13.799272537231445,911200,0.0,0.0
2004-04-20,13.844285810487122,14.031826935761034,13.77302069798012,13.908050537109375,730400,0.0,0.0
2004-04-21,13.911800762051831,13.938056405184554,13.082869329832482,13.431695938110352,785800,0.0,0.0
2004-04-22,13.615482437137672,13.968060591430486,13.49545625762414,13.82177734375,647000,0.0,0.0
2004-04-23,13.859287017867583,13.915548487106161,13.698001563898686,13.893044471740723,452600,0.0,0.0
2004-04-26,13.919295996123715,14.223111560358952,13.626732436245467,13.68299388885498,334600,0.0,0.0
2004-04-27,13.731758910503098,13.836781463588025,13.356676728542675,13.577975273132324,432400,0.0,0.0
2004-04-28,13.577973771573413,13.577973771573413,12.681527684756041,12.872818946838379,776400,0.0,0.0
2004-04-29,12.640270478749901,12.797804316609238,12.501490464803574,12.606513023376465,662600,0.0,0.0
2004-04-30,12.51648915227434,12.659020749492116,12.227675766438821,12.385210990905762,455000,0.0,0.0
2004-05-03,12.452723053596406,13.191633642438282,12.2651820480628,13.082860946655273,790800,0.0,0.0
2004-05-04,13.082867183789036,13.4804533893382,12.726538817234124,13.165384292602539,410200,0.0,0.0
2004-05-05,13.319428996166073,13.462204655864209,13.210468586573423,13.21798324584961,356800,0.03,0.0
2004-05-06,13.221744183864464,13.221744183864464,12.864807067772146,13.022610664367676,353400,0.0,0.0
2004-05-07,12.985038148817338,13.244287516132816,12.049483591504785,12.056998252868652,390600,0.0,0.0
2004-05-10,12.056995636237874,12.601796284046307,12.03069504380969,12.282429695129395,692000,0.0,0.0
2004-05-11,12.492835998535156,12.583010483000086,12.33878905558346,12.492835998535156,799000,0.0,0.0
2004-05-12,12.579257428454666,12.77463436126709,12.312493349014296,12.77463436126709,597800,0.0,0.0
2004-05-13,12.680700640023979,12.729545221584058,12.24861693379461,12.413936614990234,479000,0.0,0.0
2004-05-14,12.28994589535532,12.58676854227863,12.21104410818076,12.297460556030273,429000,0.0,0.0
2004-05-17,12.259891033430089,12.376364713006595,11.933010397853993,12.00815486907959,254600,0.0,0.0
2004-05-18,12.041964113994906,12.770870208740234,12.041964113994906,12.770870208740234,373000,0.0,0.0
2004-05-19,12.887350100787742,13.093998289733092,12.590527400939303,12.78966236114502,632200,0.0,0.0
2004-05-20,12.718273284252142,12.985038758736815,12.57549901145772,12.868563652038574,495200,0.0,0.0
2004-05-21,12.992551091213274,13.124054064494821,12.827231429630858,13.041394233703613,317400,0.0,0.0
2004-05-24,13.11278367359792,13.244286655734932,12.977522644385564,13.063939094543457,407400,0.0,0.0
2004-05-25,13.338215292316594,13.837929398282304,13.274342836635125,13.713939666748047,523400,0.0,0.0
2004-05-26,13.728968864838466,13.800355979373027,13.42463160824953,13.522320747375488,282800,0.0,0.0
2004-05-27,13.638793979103436,13.713939137746024,13.304399528082346,13.42087459564209,471200,0.0,0.0
2004-05-28,13.402094385407274,13.78909165735953,13.248047372929332,13.747761726379395,262200,0.0,0.0
2004-06-01,13.702670872853794,13.713942147477693,13.394576944750542,13.612496376037598,334400,0.0,0.0
2004-06-02,13.676372284476637,13.713944160922503,13.473480711808444,13.608741760253906,286000,0.0,0.0
2004-06-03,13.601227651617977,13.601227651617977,13.19920253753662,13.199202537536621,237600,0.0,0.0
2004-06-04,13.338220729658191,13.37579260910766,13.180417116040026,13.255560874938965,272000,0.0,0.0
2004-06-07,13.274345614523297,13.90180476315871,13.244286970306609,13.83041763305664,318400,0.0,0.0
2004-06-08,13.74024741287521,13.751518691329215,13.552385127839152,13.695160865783691,317400,0.0,0.0
2004-06-09,13.638797338294268,13.638797338294268,13.293131529986582,13.383304595947266,372600,0.0,0.0
2004-06-10,13.375785736761795,13.65382237497152,13.375785736761795,13.45844554901123,398200,0.0,0.0
2004-06-14,13.458446572179811,13.458446572179811,13.075207549807768,13.101508140563965,268000,0.0,0.0
2004-06-15,13.439666785263059,13.740246126525685,13.405851519791304,13.631285667419434,394200,0.0,0.0
2004-06-16,13.695157712216265,13.852961307337074,13.473480209588107,13.804118156433105,288400,0.0,0.0
2004-06-17,13.751508858040777,14.281280065688058,13.574919411007993,14.082146644592285,681000,0.0,0.0
2004-06-18,14.082146644592285,14.217407622421288,13.909313809932767,14.082146644592285,475200,0.0,0.0
2004-06-21,14.044577444686672,14.05584871721321,13.683880957815344,13.736483573913574,309400,0.0,0.0
2004-06-22,13.928101674365351,14.029547421838144,13.526076730644286,13.96191692352295,662400,0.0,0.0
2004-06-23,13.96191954946747,14.649495933899106,13.96191954946747,14.596893310546875,420200,0.0,0.0
2004-06-24,14.581863188339714,14.991402805394312,14.386486345652916,14.728395462036133,1124200,0.0,0.0
2004-06-25,14.837356974492241,15.152965523310575,14.7096106229878,14.859899520874023,846800,0.0,0.0
2004-06-28,14.953829687859507,15.066546712570247,14.683309115208676,14.799782752990723,370600,0.0,0.0
2004-06-29,14.826089591466184,15.254415325812063,14.826089591466184,14.991409301757812,455600,0.0,0.0
2004-06-30,15.141690549064649,15.258165609933657,14.871170000075546,15.149205207824707,349800,0.0,0.0
2004-07-01,15.156721555608252,15.17550748796455,14.750938536993345,14.863656997680664,288400,0.0,0.0
2004-07-02,14.878691102078673,15.013952164815356,14.765974027556558,14.88244915008545,205200,0.0,0.0
2004-07-06,14.942558394023788,15.438514448662305,14.912499756397342,15.036489486694336,441200,0.0,0.0
2004-07-07,15.194291171364597,15.787936292224678,15.040244255604314,15.547472953796387,541000,0.0,0.0
2004-07-08,15.404697826974191,15.547473476443523,15.25816556477325,15.269436836242676,525600,0.0,0.0
2004-07-09,15.269443045593926,15.641410921367113,15.205570570260502,15.52117919921875,330200,0.0,0.0
2004-07-12,15.554990150962054,15.630133881528948,15.352098638571945,15.42348575592041,334200,0.0,0.0
2004-07-13,15.517421043977686,15.742856596397504,15.479849168545304,15.73909854888916,426000,0.0,0.0
2004-07-14,15.739101057948401,15.836790242886062,15.517423517698056,15.637655258178711,603600,0.0,0.0
2004-07-15,15.960779131580926,16.065981549698336,15.145457524620102,15.404706954956055,952000,0.0,0.0
2004-07-16,15.517416441689942,15.633891514225436,15.344583572720952,15.4009428024292,755600,0.0,0.0
2004-07-19,15.374641039127336,15.400943064506917,15.104120458438654,15.115391731262207,518000,0.0,0.0
2004-07-20,15.141698395830236,15.352104650325288,14.886205598684585,15.333318710327148,895800,0.0,0.0
2004-07-21,15.33331333834216,15.33331333834216,14.431574201599933,14.47666072845459,847200,0.0,0.0
2004-07-22,14.476658297080162,14.578104040421325,14.033303463192677,14.360184669494629,873400,0.0,0.0
2004-07-23,14.360185162049774,14.360185162049774,13.890529723032182,13.965673446655273,841400,0.0,0.0
2004-07-26,14.127236336069906,14.258740731095495,14.040819899308696,14.187352180480957,592800,0.0,0.0
2004-07-27,14.100938154950153,14.70961279612824,14.100938154950153,14.653253555297852,604600,0.0,0.0
2004-07-28,14.623193869322177,14.788513532897923,14.514234875835808,14.65700912475586,418800,0.0,0.0
2004-07-29,14.660764484004417,14.897471228646983,14.514232215079145,14.807296752929688,269400,0.0,0.0
2004-07-30,14.765974457596384,15.036496590948358,14.765974457596384,14.96135139465332,268200,0.0,0.0
2004-08-02,14.871173348680912,15.291984301077779,14.844871320460863,15.224353790283203,449600,0.0,0.0
2004-08-03,15.028972348086493,15.085331567701614,14.664519309997559,14.664519309997559,556600,0.0,0.0
2004-08-04,14.724749524693632,14.724749524693632,14.491382213168992,14.52149486541748,449800,0.035,0.0
2004-08-05,14.55913078190213,14.596770152409706,14.250483349020177,14.254246711730957,354000,0.0,0.0
2004-08-06,14.15261910420161,14.160147265694322,13.663300093975222,13.715995788574219,555600,0.0,0.0
2004-08-09,13.708468500576762,13.885376717303012,13.610605266635696,13.674593925476074,385400,0.0,0.0
2004-08-10,13.731045857447727,14.397272769679933,13.731045857447727,14.382216453552246,453400,0.0,0.0
2004-08-11,14.2881275778803,14.649470826679382,14.069816570174766,14.49891185760498,634600,0.0,0.0
2004-08-12,14.404808484534623,14.404808484534623,13.911724641550078,13.953128814697266,277600,0.0,0.0
2004-08-13,14.013352664306877,14.303180440266928,14.013352664306877,14.114980697631836,245800,0.0,0.0
2004-08-16,14.114984382495994,14.536551514015079,14.114984382495994,14.449979782104492,219800,0.0,0.0
2004-08-17,14.544071844639246,14.57418448431164,14.303176470658837,14.35587215423584,199000,0.0,0.0
2004-08-18,14.280600649440451,14.491384947399741,14.182737382868622,14.438689231872559,231600,0.0,0.0
2004-08-19,14.438685049087768,14.491380749349378,14.190261436532927,14.23166561126709,321400,0.0,0.0
2004-08-20,14.220368147409438,14.404804475778638,14.19025694358673,14.35587215423584,378400,0.0,0.0
2004-08-23,14.449978084395287,14.46503441057178,14.043467328582066,14.13380241394043,370000,0.0,0.0
2004-08-24,14.171447054250613,14.393522899816038,14.032178153304875,14.197794914245605,248200,0.0,0.0
2004-08-25,14.12250779468385,14.333292007446289,13.956892550559779,14.333292007446289,235000,0.0,0.0
2004-08-26,14.333288570974451,14.340815294759633,14.077336886789219,14.205312728881836,185200,0.0,0.0
2004-08-27,14.1676801418411,14.434923502439426,14.145097085697868,14.427396774291992,178400,0.0,0.0
2004-08-30,14.370933964650604,14.465033845804236,14.231666542581296,14.242958068847656,245400,0.0,0.0
2004-08-31,14.28435597168229,14.31070381196362,14.084863334888443,14.276827812194824,284000,0.0,0.0
2004-09-01,14.303184674617585,14.416104266457621,14.152624261597195,14.299421310424805,256800,0.0,0.0
2004-09-02,14.337053594837448,14.784968376159666,14.288121269463657,14.784968376159668,383600,0.0,0.0
2004-09-03,14.78497124696143,14.871542955832528,14.619355991188469,14.623119354248047,246800,0.0,0.0
2004-09-07,14.623123618547917,15.086096381639532,14.623123618547917,14.976940155029297,282800,0.0,0.0
2004-09-08,15.010810435932191,15.161369354100199,14.78873470347318,14.815082550048828,264000,0.0,0.0
2004-09-09,15.07103189713041,15.413555284072023,14.939291249322268,15.334511756896973,463200,0.0,0.0
2004-09-10,15.293111098638665,15.293111098638665,15.101146561969323,15.168898582458496,362800,0.0,0.0
2004-09-13,15.214070727400403,15.458731035060627,15.206543999154368,15.311935424804688,212800,0.0,0.0
2004-09-14,15.255471158269524,15.255471158269524,14.762388736003606,14.826375961303711,348600,0.0,0.0
2004-09-15,14.826378762170785,14.886602635650837,14.491383376197353,14.570426940917969,532200,0.0,0.0
2004-09-16,14.630645107387455,14.80378993247269,14.5290170913102,14.54783821105957,427000,0.0,0.0
2004-09-17,14.638174476261597,14.709691291172133,14.438683225932126,14.585478782653809,431000,0.0,0.0
2004-09-20,14.156388197899942,14.570427154667994,14.14133187034645,14.40481185913086,369000,0.0,0.0
2004-09-21,14.374691300353865,14.472555939791993,14.133795935351754,14.389747619628906,369800,0.0,0.0
2004-09-22,14.321994135728193,14.321994135728193,14.002055281435572,14.032166481018066,444800,0.0,0.0
2004-09-23,14.032173076571754,14.04722940136468,13.77622129849264,13.8402099609375,322000,0.0,0.0
2004-09-24,13.840214516887228,14.16768179175384,13.840214516887228,13.994538307189941,191600,0.0,0.0
2004-09-27,13.979472925364801,14.42738911233688,13.979472925364801,14.26553726196289,495800,0.0,0.0
2004-09-28,14.30318126254341,15.037160588186067,14.30318126254341,15.022104263305664,595000,0.0,0.0
2004-09-29,14.991997575668671,14.991997575668671,14.525261414413842,14.653237342834473,341200,0.0,0.0
2004-09-30,14.66829689329734,15.071044460856589,14.645712394198823,14.943068504333496,337600,0.0,0.0
2004-10-01,15.055976349445576,15.172660683059705,14.980696180528389,15.165132522583008,367200,0.0,0.0
2004-10-04,15.165139114345159,15.518954195442397,15.13879125914911,15.413562774658203,415200,0.0,0.0
2004-10-05,15.470021848999556,15.57541470563417,15.32322624552145,15.413562774658203,386000,0.0,0.0
2004-10-06,15.3759148141301,15.771135330200195,15.3759148141301,15.771135330200195,313000,0.0,0.0
2004-10-07,15.771140486372527,15.771140486372527,15.138789176940918,15.138789176940918,345800,0.0,0.0
2004-10-08,15.074796407459631,15.3232199659671,14.928000864139285,14.96187686920166,439800,0.0,0.0
2004-10-11,15.05597964155371,15.10114717844034,14.81131939803842,14.86401653289795,301000,0.0,0.0
2004-10-12,14.864018428380744,14.864018428380744,14.480090726260054,14.724749565124512,251800,0.0,0.0
2004-10-13,14.72474795590769,14.728512754962791,13.320778001033387,13.576729774475098,1054200,0.0,0.0
2004-10-14,13.614367243982889,13.678355896310297,13.324540934720298,13.490156173706055,365000,0.0,0.0
2004-10-15,13.531563354826993,13.659539252122014,13.482631014018535,13.497687339782715,358200,0.0,0.0
2004-10-18,13.429935722132967,13.588022839961015,13.237971152369997,13.381003379821777,488800,0.0,0.0
2004-10-19,13.475102320489945,13.644482389041187,12.451296618297265,12.692192077636719,844800,0.0,0.0
2004-10-20,12.703483818221267,13.132579041900705,12.695955655508442,12.891683578491211,496000,0.0,0.0
2004-10-21,12.797580197560702,13.079879760742188,12.492696152418757,13.079879760742188,563000,0.0,0.0
2004-10-22,13.094938965772224,13.241734541217449,12.985782766033415,12.993310928344727,386800,0.0,0.0
2004-10-25,13.629429381679875,13.67459836818915,13.046010279848598,13.136346817016602,860400,0.0,0.0
2004-10-26,13.249259414273322,13.463806961406728,13.046003389878583,13.456278800964355,790800,0.0,0.0
2004-10-27,13.520268060452912,13.923016807997756,13.275609270312593,13.55038070678711,699800,0.0,0.0
2004-10-28,13.147631901226033,13.1513952636652,12.654548142403998,12.752412796020508,992800,0.0,0.0
2004-10-29,12.771235163410923,12.936850426680493,12.654550801381138,12.918030738830566,601800,0.0,0.0
2004-11-01,12.955672440402534,12.970728767725527,12.64702490953318,12.876628875732422,406600,0.0,0.0
2004-11-02,13.125053219207093,13.493924642798936,13.079885670727606,13.343365669250488,793400,0.0,0.0
2004-11-03,13.550384335203873,13.828920644979458,13.486397098384709,13.704708099365234,594000,0.0,0.0
2004-11-04,13.663298482223523,13.91548683700575,13.550378944853046,13.904193878173828,406600,0.0,0.0
2004-11-05,13.919260822508445,14.077349444159585,13.72729760605804,13.795049667358398,320800,0.0,0.0
2004-11-08,13.889140240216095,14.009587949008814,13.670827870623077,13.832679748535156,338800,0.0,0.0
2004-11-09,13.832678934202464,14.186493878470673,13.783746606682971,14.013350486755371,246600,0.0,0.0
2004-11-10,14.005830116859405,14.333298834129913,13.870326018106184,14.009594917297363,345200,0.0,0.0
2004-11-11,14.009589542497912,14.186496327243484,13.88914182000514,14.152620315551758,317200,0.0,0.0
2004-11-12,14.209081304741156,14.600537134297005,14.133801116618853,14.529020309448242,364600,0.0,0.0
2004-11-15,14.585480974605227,14.59300913708769,14.227901153864225,14.525257110595703,451400,0.0,0.0
2004-11-16,14.525263507804523,14.641947923897517,14.41234389253594,14.510207176208496,387000,0.0,0.0
2004-11-17,14.660768453896608,14.943068226041534,14.480096772025965,14.683351516723633,282800,0.0,0.0
2004-11-18,14.68334157384483,14.709690855718664,14.385987106453527,14.562893867492676,391800,0.0,0.0
2004-11-19,14.529026340414012,14.705934640558132,14.404815198925085,14.468802452087402,359600,0.0,0.0
2004-11-22,14.453750109182817,15.071045432497217,14.442457140980034,15.059752464294434,440200,0.0,0.0
2004-11-23,15.06351065548579,15.06351065548579,14.630650584502424,14.886602401733398,464600,0.0,0.0
2004-11-24,14.860247482022233,15.199007501369502,14.860247482022233,15.025862693786621,308800,0.0,0.0
2004-11-26,15.157600435156668,15.507651909459808,15.157600435156668,15.342035293579102,426800,0.0,0.0
2004-11-29,15.394737496838356,15.52271336243004,14.999516940612635,15.345805168151855,407200,0.0,0.0
2004-11-30,15.338279906543262,15.560355673053602,15.022104263305664,15.022104263305664,497800,0.0,0.0
2004-12-01,15.101149566621846,15.390977392858785,14.984466624890972,15.240418434143066,426200,0.0,0.0
2004-12-02,15.180193353940044,15.180193353940044,14.683344665800734,15.138789176940918,651200,0.0,0.0
2004-12-03,15.11244115923465,15.338280294756006,15.007048318254506,15.293112754821777,367600,0.0,0.0
2004-12-06,15.27428990728966,15.278053269901624,14.80755397166106,14.867777824401855,479800,0.0,0.0
2004-12-07,14.882834869896598,14.882834869896598,14.333292007446289,14.333292007446289,531000,0.0,0.0
2004-12-08,14.333287397162225,14.344601151999587,14.005217276757508,14.246556282043457,378800,0.035,0.0
2004-12-09,14.216395906698462,14.272958951900122,13.997681437467227,14.186227798461914,306600,0.0,0.0
2004-12-10,14.21639296056592,14.533150838933498,14.129661825101428,14.412481307983398,323400,0.0,0.0
2004-12-13,14.435103539280798,14.657588219593896,14.416249197931018,14.574628829956055,368200,0.0,0.0
2004-12-14,14.140977069226848,14.367232126936647,13.95620100258467,14.152289390563965,599800,0.0,0.0
2004-12-15,14.246562966569188,14.683990478515625,14.197541947084268,14.683990478515625,371200,0.0,0.0
2004-12-16,14.67267914777257,14.736785664612825,14.359692906830446,14.518071174621582,356800,0.0,0.0
2004-12-17,14.518066952979803,14.627424166175944,14.393625688619856,14.55577564239502,295200,0.0,0.0
2004-12-20,14.59348359109315,14.80088422889477,14.55200317583401,14.668902397155762,341800,0.0,0.0
2004-12-21,14.668914357229633,15.113884093454786,14.661372326624685,15.087486267089844,661000,0.0,0.0
2004-12-22,15.136497019263667,15.238312195802848,14.729237751601083,14.90647029876709,334000,0.0,0.0
2004-12-23,14.876305920870248,15.106332676662666,14.876305920870248,14.932868957519531,134600,0.0,0.0
2004-12-27,14.989434204130083,15.019602309357861,14.627425572363341,14.65382194519043,187400,0.0,0.0
2004-12-28,14.782033910156258,15.008288951428737,14.782033910156258,14.947954177856445,174400,0.0,0.0
2004-12-29,14.98188948954177,14.98188948954177,14.691528002050482,14.702841758728027,236400,0.0,0.0
2004-12-30,14.54068872780645,14.702838633608934,14.389851137782879,14.619877815246582,335200,0.0,0.0
2004-12-31,14.604797189208067,14.849907970781524,14.604797189208067,14.6915283203125,190600,0.0,0.0
2005-01-03,14.631196163097831,14.838596856015903,14.284271576906796,14.340834617614746,382200,0.0,0.0
2005-01-04,14.306892748292647,14.484126730885164,14.084408056408423,14.16736888885498,377000,0.0,0.0
2005-01-05,14.148521261468566,14.272961130703946,14.00145530760185,14.103270530700684,703200,0.0,0.0
2005-01-06,14.103268777597078,14.17868617333721,13.899638356711645,14.046704292297363,354400,0.0,0.0
2005-01-07,14.140974711631157,14.272956566875314,13.75634002685547,13.756340026855469,404800,0.0,0.0
2005-01-10,13.726178067613787,14.110811445750981,13.726178067613787,13.990141868591309,370800,0.0,0.0
2005-01-11,13.877011899359792,13.884553926428628,13.53385757944785,13.68469524383545,561000,0.0,0.0
2005-01-12,13.688470446671381,13.820453809962093,13.507466047596639,13.79782772064209,257000,0.0,0.0
2005-01-13,13.801592285411946,14.042932822460935,13.628129988137717,13.763883590698242,303600,0.0,0.0
2005-01-14,13.858155426207851,14.125890872876894,13.83552934847036,13.903406143188477,407400,0.0,0.0
2005-01-18,13.907170745084871,14.0768626448779,13.692228151511573,14.001443862915039,419000,0.0,0.0
2005-01-19,13.952428610666647,14.144745236957238,13.778966329934844,13.805362701416016,255600,0.0,0.0
2005-01-20,13.763876333549376,14.110800745178285,13.711083613387911,13.982590675354004,417000,0.0,0.0
2005-01-21,13.959970033206563,14.420023525127018,13.956198301161214,14.359688758850098,469000,0.0,0.0
2005-01-24,14.325750527985779,14.476586726168984,14.254102003241517,14.371001243591309,886400,0.0,0.0
2005-01-25,14.386076746065573,14.815961885095655,14.386076746065573,14.469036102294922,473800,0.0,0.0
2005-01-26,14.533151004143606,14.650048804427355,14.261643837172304,14.55577564239502,286200,0.0,0.0
2005-01-27,14.623658447511376,14.69907729584898,14.291817816417737,14.472822189331055,412800,0.0,0.0
2005-01-28,14.56708878390204,14.59348515307512,14.23147657142068,14.348374366760254,327200,0.0,0.0
2005-01-31,14.34836664005818,14.56330920957322,14.208842844064467,14.469036102294922,815400,0.0,0.0
2005-02-01,14.469050919325532,14.763184293416634,14.386091478141571,14.710390090942383,387800,0.0,0.0
2005-02-02,14.616105520737076,14.834819873988387,14.563312797812639,14.646273612976074,295400,0.0,0.0
2005-02-03,14.555772910151514,14.800883660823914,14.386082401141108,14.793341636657715,622200,0.0,0.0
2005-02-04,14.699071560164244,14.868763543085084,14.55200565446429,14.842367172241211,372600,0.0,0.0
2005-02-07,14.857451583022083,15.064852261165683,14.72169799340246,14.800887107849121,229000,0.0,0.0
2005-02-08,14.797116002180488,14.797116002180488,14.533150863348348,14.612339973449707,505400,0.0,0.0
2005-02-09,14.650050510000481,14.702844695220147,14.321980270712096,14.340834617614746,367400,0.0,0.0
2005-02-10,14.348376611447272,14.348376611447272,14.058015066624455,14.20508098602295,564800,0.0,0.0
2005-02-11,14.28049437375393,14.367225487076103,14.125886486789376,14.291808128356934,520400,0.0,0.0
2005-02-14,14.348374571624857,14.499212202048302,14.272955756413136,14.461502075195312,393800,0.0,0.0
2005-02-15,14.374774787770114,14.427567540997037,14.031620453300475,14.09572696685791,474600,0.0,0.0
2005-02-16,14.095719985067484,14.831050748567872,14.08440623034082,14.627420425415039,625200,0.0,0.0
2005-02-17,15.291105124073114,16.67126402601757,14.77071691689906,16.365819931030273,2519200,0.0,0.0
2005-02-18,16.497805985537443,16.757999436365605,16.316801658201175,16.592079162597656,819200,0.0,0.0
2005-02-22,16.309250073357862,16.761761345750923,16.139558166398757,16.290395736694336,822200,0.0,0.0
2005-02-23,16.294170747305053,16.742911857715097,16.290400454277968,16.614700317382812,569400,0.0,0.0
2005-02-24,16.610931237625802,16.83341596258763,16.550596470101965,16.765539169311523,637600,0.0,0.0
2005-02-25,16.773080251499234,17.48578510231102,16.773080251499234,17.459388732910156,704800,0.0,0.0
2005-02-28,17.346258896403924,17.421677701043624,17.108690165261798,17.233131408691406,889800,0.0,0.0
2005-03-01,17.37265906812525,17.44053586332151,17.123777965237085,17.263301849365234,1135000,0.0,0.0
2005-03-02,17.263296494451353,17.602680365158935,17.055895879460685,17.255754470825195,657000,0.0,0.0
2005-03-03,17.25952922077591,17.30100963872823,17.03327278789802,17.135087966918945,538600,0.0,0.0
2005-03-04,17.31609363951016,17.870420290270005,17.30101102690346,17.859107971191406,610000,0.0,0.0
2005-03-07,17.86288089697778,17.923215671778323,17.301013576365463,17.308555603027344,814400,0.0,0.0
2005-03-08,17.308545342896036,17.308545342896036,16.75798923089254,16.81078338623047,741400,0.0,0.0
2005-03-09,16.886360269164193,16.890139631013355,16.293127302416348,16.342248916625977,1004000,0.045,0.0
2005-03-10,16.32335661897805,16.35358430709729,15.877487048336482,16.06263542175293,859800,0.0,0.0
2005-03-11,16.512283925301027,16.87880274212351,16.247784814459227,16.844797134399414,670400,0.0,0.0
2005-03-14,16.83346129164261,16.882582907478003,16.304464486184543,16.606748580932617,585600,0.0,0.0
2005-03-15,16.606748537350512,16.88258286317201,16.478277617244203,16.538734436035156,488200,0.0,0.0
2005-03-16,16.568959744675652,16.568959744675652,15.953056442153233,16.08908462524414,587600,0.0,0.0
2005-03-17,16.089092882551615,16.474504343906165,15.998406900147442,16.432941436767578,395800,0.0,0.0
2005-03-18,16.52740267179439,16.53118059314053,15.794361969851069,16.05130386352539,776200,0.0,0.0
2005-03-21,16.077750833463217,16.23645088901302,15.956837191808274,16.153322219848633,508200,0.0,0.0
2005-03-22,16.209999771256566,16.667204530810952,16.104199262558254,16.12687110900879,414400,0.0,0.0
2005-03-23,16.130645583995022,16.130645583995022,15.609206199645998,15.609206199645996,335200,0.0,0.0
2005-03-24,15.680998995570443,15.953055343007916,15.66210651397705,15.66210651397705,306200,0.0,0.0
2005-03-28,15.65077608132628,15.756576614752628,15.401391477700175,15.465627670288086,394400,0.0,0.0
2005-03-29,15.397606100540203,15.733897144258677,14.728801932529874,14.774144172668457,552800,0.0,0.0
2005-03-30,14.766593516320228,14.963077106346853,14.536101432499215,14.770371437072754,848800,0.0,0.0
2005-03-31,14.944192478457717,15.201134466877138,14.830836058015054,15.118005752563477,531000,0.0,0.0
2005-04-01,15.159565950796544,15.435400360048932,14.981974802672493,15.095331192016602,449600,0.0,0.0
2005-04-04,15.09533155634583,15.276702071954762,14.755260938701124,15.220023155212402,416400,0.0,0.0
2005-04-05,15.983286101710968,16.485834568967718,15.677224093337491,16.35358428955078,1649600,0.0,0.0
2005-04-06,16.357362212046354,16.712545803885686,16.18732697713238,16.482053756713867,833800,0.0,0.0
2005-04-07,16.485833877675677,16.519840926224976,16.30446343254746,16.43671226501465,363400,0.0,0.0
2005-04-08,16.247789862653622,16.383818101430816,15.817034734128944,15.851041793823242,573400,0.0,0.0
2005-04-11,15.851040412250098,16.27046029812168,15.616770377777549,16.18355369567871,826400,0.0,0.0
2005-04-12,16.09664695470759,16.141990661621094,15.677228476292433,16.141990661621094,678000,0.0,0.0
2005-04-13,16.22889378044027,16.236451063300365,15.560089382067277,15.741459846496582,868400,0.0,0.0
2005-04-14,15.605437029952107,15.605437029952107,14.842168494203122,14.88751220703125,1007400,0.0,0.0
2005-04-15,14.879955634076914,14.93663311571881,14.188479115087665,14.502099990844727,1532600,0.0,0.0
2005-04-18,14.498318664650427,15.280479624950887,14.347177292659843,15.095331192016602,800600,0.0,0.0
2005-04-19,15.30314792129531,15.469403824250728,15.231355894397272,15.344712257385254,923000,0.0,0.0
2005-04-20,15.344712109103734,15.424061418288105,14.95552140475762,15.008420944213867,444000,0.0,0.0
2005-04-21,15.30314403905738,15.378715409012534,15.099101772599655,15.30692195892334,720000,0.0,0.0
2005-04-22,15.269144212829023,15.420287024189063,15.049988721902105,15.246472358703613,659800,0.0,0.0
2005-04-25,15.250246578869184,15.578980425101896,15.250246578869184,15.480738639831543,529200,0.0,0.0
2005-04-26,15.53363942809418,15.605431452305128,15.004641165410899,15.012198448181152,770600,0.0,0.0
2005-04-27,14.917738706189926,14.917738706189926,14.392519660167508,14.638126373291016,920400,0.0,0.0
2005-04-28,14.623008743468949,14.626786664407392,14.180917040642276,14.264045715332031,1071400,0.0,0.0
2005-04-29,14.396296866903432,14.50965469281033,13.83329286593351,14.256490707397461,1242400,0.0,0.0
2005-05-02,14.245147940008069,14.335832422912475,14.169576576651819,14.32449722290039,765400,0.0,0.0
2005-05-03,14.324504903393931,14.532325182999513,14.23759829342813,14.460533142089844,648000,0.0,0.0
2005-05-04,14.4529718935998,14.90261938916182,14.335836177648103,14.872391700744629,498600,0.0,0.0
2005-05-05,14.849718038689957,15.012195988114177,14.59277623222394,14.717469215393066,649000,0.0,0.0
2005-05-06,14.793039744117241,14.963073523954462,14.702353812320602,14.853496551513672,399800,0.0,0.0
2005-05-09,14.73636838877799,14.92529618863412,14.539883303959051,14.883731842041016,354600,0.0,0.0
2005-05-10,14.687245008136836,14.88373006955662,14.184697869897686,14.233818054199219,827200,0.0,0.0
2005-05-11,14.267904281616211,14.38910894489113,14.044437021602718,14.267904281616211,710200,0.045,0.0
2005-05-12,14.211090683360549,14.214877651704265,13.495233743325988,13.616436958312988,752200,0.0,0.0
2005-05-13,13.650529078598707,13.802032415145668,13.101326052081367,13.271768569946289,687000,0.0,0.0
2005-05-16,13.25661772587424,13.661891352191004,13.180865335612197,13.627802848815918,483400,0.0,0.0
2005-05-17,13.57855832142257,13.923230191059906,13.45356815400882,13.870203971862793,465400,0.0,0.0
2005-05-18,13.957318105533389,15.260254614261797,13.957318105533389,15.19207763671875,1477000,0.0,0.0
2005-05-19,15.245107539399642,15.245107539399642,14.813320873808577,15.101178169250488,1030200,0.0,0.0
2005-05-20,14.998913115409852,15.112542405335555,14.73756892726491,14.741355895996094,526200,0.0,0.0
2005-05-23,14.760291064290811,15.01784821373398,14.737564923508398,14.86634349822998,814000,0.0,0.0
2005-05-24,14.828471271586482,14.828471271586482,14.50273707370362,14.586063385009766,535600,0.0,0.0
2005-05-25,14.203516187424887,14.639091261781804,14.021711353608614,14.570914268493652,1092600,0.0,0.0
2005-05-26,14.646660872674001,14.908006418035585,14.48758223189387,14.839829444885254,423600,0.0,0.0
2005-05-27,15.15040951896639,15.282975024315089,14.858763962343609,14.87391471862793,594000,0.0,0.0
2005-05-31,14.67696733785778,14.79059518311507,14.578490257263184,14.578490257263184,763600,0.0,0.0
2005-06-01,14.578490249008016,14.839834437437434,14.355021527357431,14.714842796325684,649800,0.0,0.0
2005-06-02,14.714845319814305,15.078456509587415,14.533040447356095,14.862563133239746,485000,0.0,0.0
2005-06-03,14.900429996286487,15.15798711132017,14.820890681458518,14.889067649841309,462000,0.0,0.0
2005-06-06,14.93831115772764,15.006488152170554,14.722417823610542,14.942099571228027,643800,0.0,0.0
2005-06-07,14.866344753497264,15.051937973417768,14.805743151149867,14.964821815490723,433800,0.0,0.0
2005-06-08,14.964827424287368,15.184509218168225,14.926951950445632,15.014066696166992,849800,0.0,0.0
2005-06-09,14.961038902150934,14.961038902150934,14.635304659433382,14.896650314331055,360600,0.0,0.0
2005-06-10,14.896647745195946,15.093601888593119,14.646664485413345,14.995124816894531,511000,0.0,0.0
2005-06-13,14.97998238753462,15.20723962880802,14.78681510506649,15.15042495727539,532000,0.0,0.0
2005-06-14,15.15042495727539,15.15042495727539,14.889080646910953,15.15042495727539,559200,0.0,0.0
2005-06-15,15.150419507752428,15.260260395949217,15.021640884142268,15.248896598815918,719400,0.0,0.0
2005-06-16,15.195865888021306,15.548113153462749,15.192078919996161,15.510237693786621,590000,0.0,0.0
2005-06-17,15.623865517671177,15.73370637353059,15.381459108089146,15.510237693786621,414800,0.0,0.0
2005-06-20,15.339806133682567,15.343593104398161,15.029222520144732,15.173151969909668,789600,0.0,0.0
2005-06-21,15.029214631757425,15.036790014069718,14.62015265603222,14.961037635803223,670000,0.0,0.0
2005-06-22,15.03679284738606,15.195871571349402,14.885288062305696,15.014066696166992,504800,0.0,0.0
2005-06-23,14.919375809005894,14.919375809005894,14.267907289045406,14.332297325134277,627400,0.0,0.0
2005-06-24,14.203512553102087,14.2603271812569,13.93838002980631,14.142910957336426,557600,0.0,0.0
2005-06-27,14.158067389222934,14.298208364661091,14.089890386067811,14.222455978393555,346800,0.0,0.0
2005-06-28,14.419416887948758,14.642885714644724,14.355028275186472,14.559557914733887,442600,0.0,0.0
2005-06-29,14.574694639395176,14.703473185659895,14.461066850304125,14.521668434143066,160200,0.0,0.0
2005-06-30,14.525464288767283,14.578491971321398,13.998987436118348,14.040651321411133,783600,0.0,0.0
2005-07-01,14.165641146637471,14.434560714411322,14.05201185784836,14.211091995239258,180600,0.0,0.0
2005-07-05,14.305778521636093,14.30956548938056,14.05200833707478,14.252752304077148,343600,0.0,0.0
2005-07-06,14.309568058541487,14.521674411715212,14.15806475900853,14.317143440246582,480200,0.0,0.0
2005-07-07,13.805820021206994,14.260332893955619,13.805820021206994,14.222455978393555,394200,0.0,0.0
2005-07-08,14.298208541255754,14.69590676800148,14.298208541255754,14.62015438079834,507400,0.0,0.0
2005-07-11,14.612578211144285,15.014063345758903,14.612578211144285,14.93073558807373,432200,0.0,0.0
2005-07-12,14.919376906965496,15.093606402381791,14.699696552931199,14.923165321350098,381000,0.0,0.0
2005-07-13,14.923161650880886,15.017851759211712,14.673179822681758,14.93073558807373,216400,0.0,0.0
2005-07-14,15.150417547135845,15.169355280098483,14.586063857768215,14.695904731750488,322400,0.0,0.0
2005-07-15,14.661815224449917,14.75650532759649,14.544400421256205,14.665603637695312,275400,0.0,0.0
2005-07-18,14.669388454830784,14.843617872304366,14.536822907808732,14.597424507141113,415400,0.0,0.0
2005-07-19,14.612581252955112,15.157995870327968,14.57091736543961,15.112545013427734,457000,0.0,0.0
2005-07-20,15.03678722355416,15.58599005799505,15.03678722355416,15.510237693786621,597400,0.0,0.0
2005-07-21,16.28669477544743,16.75635823726676,16.192004689543666,16.70711898803711,1633600,0.0,0.0
2005-07-22,16.68439924934389,17.267690749094843,16.68439924934389,17.244964599609375,819800,0.0,0.0
2005-07-25,17.419194541657397,17.786591212747982,17.150273511555056,17.27147674560547,930400,0.0,0.0
2005-07-26,17.195725289262473,17.699475944678415,17.013918998814464,17.627511978149414,794000,0.0,0.0
2005-07-27,17.650233435721336,17.801738168287546,17.27147304916203,17.44191551208496,871200,0.0,0.0
2005-07-28,17.422986910437228,17.707057349194354,17.366172244743012,17.699481964111328,902600,0.0,0.0
2005-07-29,17.669178941408212,17.7828068091151,17.566913427014995,17.69569206237793,695600,0.0,0.0
2005-08-01,17.69568351837042,17.934301491885943,17.59341805335404,17.805522918701172,711200,0.0,0.0
2005-08-02,17.991120624869158,18.275190950524987,17.926732044584906,18.089597702026367,504800,0.0,0.0
2005-08-03,18.0820220813124,18.26761386767534,17.896428850093198,18.18428611755371,518200,0.0,0.0
2005-08-04,18.184292253261567,18.21080681940188,17.95324954562715,18.097177505493164,498800,0.0,0.0
2005-08-05,18.097175934274627,18.19944144099961,17.669177616509643,17.839618682861328,694600,0.0,0.0
2005-08-08,17.839613428455777,18.46078166910936,17.839613428455777,18.275188446044922,452600,0.0,0.0
2005-08-09,18.513804860829676,18.619857288159803,18.218370828493526,18.483503341674805,584600,0.0,0.0
2005-08-10,18.692256633019806,18.692256633019806,18.214039130821373,18.377239227294922,676600,0.05,0.0
2005-08-11,18.33169089318974,18.832681095401906,18.217829746836617,18.703638076782227,423800,0.0,0.0
2005-08-12,18.718822655368136,18.80232151708322,18.316511669077446,18.578393936157227,374400,0.0,0.0
2005-08-15,18.673278613633773,18.912388070734924,18.502486144275807,18.72641372680664,399800,0.0,0.0
2005-08-16,18.764369840763294,18.764369840763294,18.350673106180494,18.354469299316406,303200,0.0,0.0
2005-08-17,18.274769408155954,18.669488132985183,18.088795007329043,18.183679580688477,372200,0.0,0.0
2005-08-18,17.94836363589268,17.98252213525111,17.686481324870208,17.845888137817383,561400,0.0,0.0
2005-08-19,17.845885368797482,18.24819636017043,17.845885368797482,17.929384231567383,392200,0.0,0.0
2005-08-22,18.058427786591636,18.56700757160336,18.058427786591636,18.52146339416504,366600,0.0,0.0
2005-08-23,18.525263159639778,18.525263159639778,17.754799500340003,18.031862258911133,512200,0.0,0.0
2005-08-24,17.83829116821289,18.206443598179366,17.705453408855394,17.83829116821289,530000,0.0,0.0
2005-08-25,17.800340079211214,18.195058660743758,17.800340079211214,18.17987823486328,354000,0.0,0.0
2005-08-26,18.141926833517612,18.217834767948748,17.785161423861716,18.050838470458984,468400,0.0,0.0
2005-08-29,18.02805975703178,18.369644626294193,17.902811489027908,18.103967666625977,476000,0.0,0.0
2005-08-30,18.084996248217546,18.115358552086583,17.89902188865998,18.062223434448242,241800,0.0,0.0
2005-08-31,18.062221970058545,18.255785804022707,18.024268731343454,18.217832565307617,473200,0.0,0.0
2005-09-01,18.31272158902687,18.790939173791198,18.210246082043746,18.775758743286133,380000,0.0,0.0
2005-09-02,18.813712575267083,18.8592567638432,18.555626426963016,18.597375869750977,226600,0.0,0.0
2005-09-06,18.487304324525212,18.487304324525212,17.883838562886467,18.217832565307617,764400,0.0,0.0
2005-09-07,18.418984798558217,18.54043688309907,18.282350841493997,18.422780990600586,616400,0.0,0.0
2005-09-08,18.39621972033792,18.437969160124076,18.11156602851255,18.331697463989258,357400,0.0,0.0
2005-09-09,18.407601599946187,18.75677602812403,18.407601599946187,18.72641372680664,330800,0.0,0.0
2005-09-12,18.631527124000115,18.950339215637083,18.52905165370719,18.866840362548828,347800,0.0,0.0
2005-09-13,18.8668495141602,18.965530288007823,18.66189847416017,18.711238861083984,367400,0.0,0.0
2005-09-14,18.806112529697835,18.904793246291163,18.627730607556426,18.639116287231445,431200,0.0,0.0
2005-09-15,18.779553378507263,19.22361390615581,18.779553378507263,18.976913452148438,667600,0.0,0.0
2005-09-16,19.056616137907973,19.16668258338926,18.976913448900255,19.064207077026367,721200,0.0,0.0
2005-09-19,19.06420248077318,19.22360926818029,18.984499810981248,19.03384017944336,524000,0.0,0.0
2005-09-20,19.030050917847024,19.15150306304704,18.35067698525558,18.589786529541016,906400,0.0,0.0
2005-09-21,18.559414971867604,19.17426633163535,18.55182403559602,18.79852294921875,452400,0.0,0.0
2005-09-22,19.538622811234998,19.538622811234998,18.623935973386715,18.83268165588379,434800,0.0,0.0
2005-09-23,18.79472970706274,19.200835419198448,18.559416455129703,19.037633895874023,416200,0.0,0.0
2005-09-26,19.24259082863389,19.46651846875691,18.957937122434643,19.24638557434082,543000,0.0,0.0
2005-09-27,19.394400012341066,19.394400012341066,19.007272350940188,19.200836181640625,320400,0.0,0.0
2005-09-28,19.238791164850166,19.6069436884315,19.238791164850166,19.515853881835938,445200,0.0,0.0
2005-09-29,19.515848323480814,19.800501897261963,19.493076964185004,19.796707153320312,333200,0.0,0.0
2005-09-30,19.796714127787936,20.1914342366369,19.652489194203994,20.088958740234375,561000,0.0,0.0
2005-10-03,20.119318123793107,20.362223773221274,20.03961545410835,20.180044174194336,376200,0.0,0.0
2005-10-04,20.180045437027097,20.25974955952285,19.79291774638299,19.990276336669922,546200,0.0,0.0
2005-10-05,19.99027869617962,19.99027869617962,19.276747837049346,19.401994705200195,1064400,0.0,0.0
2005-10-06,19.466513867751484,19.603147846084795,18.597371076104913,19.170473098754883,635600,0.0,0.0
2005-10-07,19.1932479908008,19.773941013816042,19.136316677718607,19.424766540527344,445600,0.0,0.0
2005-10-10,19.720808252903204,20.04341665258897,19.280543915580548,19.318498611450195,654800,0.0,0.0
2005-10-11,19.371632036901406,19.68664802192939,19.341268282871805,19.43994903564453,412000,0.0,0.0
2005-10-12,19.439945842069534,19.439945842069534,18.46453284537238,18.927568435668945,680200,0.0,0.0
2005-10-13,18.912383977323536,18.97311001463797,18.449347037911636,18.89340591430664,644800,0.0,0.0
2005-10-14,19.033849588534256,19.208436888999202,18.59358514293955,18.954145431518555,387800,0.0,0.0
2005-10-17,19.105945498585363,19.250170363003456,18.976902503647647,19.13251304626465,413800,0.0,0.0
2005-10-18,19.132525947610947,19.136320693628516,18.567013234626614,18.654308319091797,524800,0.0,0.0
2005-10-19,18.593576113520363,19.356447219848633,17.90661148508975,19.356447219848633,962000,0.0,0.0
2005-10-20,20.343242157266893,20.464694236882224,18.468324411360097,18.768159866333008,1481800,0.0,0.0
2005-10-21,18.825095034611053,20.221795792746697,18.825095034611053,19.838462829589844,866200,0.0,0.0
2005-10-24,19.956117140039694,20.95050671346475,19.846050726204684,20.90496253967285,903800,0.0,0.0
2005-10-25,21.052983370915967,21.307273257321906,20.495061781342642,20.829055786132812,1140000,0.0,0.0
2005-10-26,21.034005303600562,21.481860473166872,20.772124479833113,20.829055786132812,657800,0.0,0.0
2005-10-27,20.832851189362074,20.832851189362074,20.286316712468427,20.403972625732422,385200,0.0,0.0
2005-10-28,20.476087054350543,21.163050299092273,20.362225879050797,21.003644943237305,409800,0.0,0.0
2005-10-31,21.44390585391449,21.97525985243279,21.204796409798938,21.641265869140625,861800,0.0,0.0
2005-11-01,21.31107041029685,21.971466064453125,21.31107041029685,21.971466064453125,595200,0.0,0.0
2005-11-02,21.990446935720378,22.58252716064453,21.918335185331458,22.58252716064453,695400,0.0,0.0
2005-11-03,22.715366790578184,23.144245477134568,22.692595419070372,22.977249145507812,733400,0.0,0.0
2005-11-04,22.977242479007593,23.00001384390864,22.567340536909157,22.867176055908203,657400,0.0,0.0
2005-11-07,22.86717447958702,23.068329244070835,22.63186122228301,22.962059020996094,800400,0.0,0.0
2005-11-08,22.867168469975248,23.30363782487984,22.810237180962364,22.9544620513916,479600,0.0,0.0
2005-11-09,23.01898797715785,23.246710274183897,22.745720062468145,22.893739700317383,707400,0.0,0.0
2005-11-10,22.84820067314629,22.90892672920965,22.354801286653554,22.897541046142578,903600,0.0,0.0
2005-11-11,22.700178797404668,23.497208386808985,22.700178797404668,23.352983474731445,438800,0.0,0.0
2005-11-14,23.53136220705593,23.53895314279696,22.92030563422103,23.235322952270508,473000,0.0,0.0
2005-11-15,23.208766078819814,23.474441712871354,22.867181052434088,22.96586036682129,474400,0.0,0.0
2005-11-16,23.113884645425692,23.394742196041058,22.726755378950838,23.3643798828125,312200,0.0,0.0
2005-11-17,23.523776102139927,23.895723342895508,23.4820266709021,23.895723342895508,265200,0.0,0.0
2005-11-18,23.910904123695172,23.910904123695172,23.239121405528763,23.637636184692383,812800,0.0,0.0
2005-11-21,23.607271795091307,24.411892219149674,23.565522369458787,24.332189559936523,403400,0.0,0.0
2005-11-22,24.332190236855528,24.332190236855528,23.800836265006193,24.013378143310547,479600,0.0,0.0
2005-11-23,24.29044598055574,24.552328277890588,23.960248135898116,24.085494995117188,523400,0.0,0.0
2005-11-25,24.096877789860653,24.639616012573242,24.03994648820938,24.639616012573242,154600,0.0,0.0
2005-11-28,24.6699804221919,24.6699804221919,23.759088258243235,23.770475387573242,682200,0.0,0.0
2005-11-29,23.774272600793182,24.6092554819882,23.774272600793182,24.468828201293945,840600,0.0,0.0
2005-11-30,24.48021259648357,24.734502481988006,24.20314989897534,24.4840087890625,857400,0.0,0.0
2005-12-01,24.651006536622262,25.341765989767648,24.57889624296732,25.29242706298828,790000,0.0,0.0
2005-12-02,25.292422776197782,25.394899701062858,24.768661157303455,25.049518585205078,517000,0.0,0.0
2005-12-05,25.429061055535445,25.52394561171282,25.121636020127756,25.29242706298828,719000,0.0,0.0
2005-12-06,25.258270620472878,25.46701491169806,25.057112924192968,25.13302230834961,795400,0.0,0.0
2005-12-07,24.897351541495134,25.349686031860458,24.878344769620906,25.228050231933594,381800,0.05,0.0
2005-12-08,25.011386962679005,25.387697274450396,24.58566020287944,24.82893180847168,664800,0.0,0.0
2005-12-09,24.847937086403764,25.125417385457027,24.688287748564033,24.939163208007812,326000,0.0,0.0
2005-12-12,25.011387186116472,25.08360654152958,24.90495332019604,24.946765899658203,396000,0.0,0.0
2005-12-13,24.593256425450022,24.779513478180693,24.330980998178994,24.703489303588867,481000,0.0,0.0
2005-12-14,24.498230592991288,24.855536995752463,24.498230592991288,24.745304107666016,379400,0.0,0.0
2005-12-15,24.745305365812836,24.79852084552218,24.27776750120678,24.319580078125,424800,0.0,0.0
2005-12-16,24.319575986500872,24.68828379817404,23.840635299682617,23.840635299682617,1064800,0.0,0.0
2005-12-19,23.84443143980152,24.262555612458243,23.490927077015296,23.532739639282227,598400,0.0,0.0
2005-12-20,23.5327516438721,23.87105134749696,23.5327516438721,23.77982521057129,646200,0.0,0.0
2005-12-21,23.757010899386056,23.943266502842906,23.707595910711728,23.939464569091797,578800,0.0,0.0
2005-12-22,24.034490588812194,24.034490588812194,23.620168295615308,23.871042251586914,314000,0.0,0.0
2005-12-23,23.924261415744187,24.019289466021235,23.760813053266634,23.966073989868164,331200,0.0,0.0
2005-12-27,24.06110201537726,24.06110201537726,23.243861653843705,23.262866973876953,517800,0.0,0.0
2005-12-28,23.186844419615237,23.78362046326659,23.183043935584948,23.707597732543945,369400,0.0,0.0
2005-12-29,23.7494043450338,23.7494043450338,23.369292236854616,23.570751190185547,306600,0.0,0.0
2005-12-30,23.490940321863043,23.490940321863043,23.099425109002894,23.232463836669922,369600,0.0,0.0
2006-01-03,23.56695320492699,24.163729162018473,23.308476827968704,23.947065353393555,635400,0.0,0.0
2006-01-04,23.6049667015373,24.07630646078475,23.6049667015373,23.9090576171875,732000,0.0,0.0
2006-01-05,23.94707348488498,23.96227832398968,23.669591696283938,23.928068161010742,523400,0.0,0.0
2006-01-06,23.928063125718772,24.228352109785675,23.863443298128686,23.9926815032959,559000,0.0,0.0
2006-01-09,23.94707319483846,25.31547679739536,23.94707319483846,25.174837112426758,909800,0.0,0.0
2006-01-10,24.783311364848434,25.828619791893853,24.616063988538574,25.490320205688477,922000,0.0,0.0
2006-01-11,25.490317234296835,25.638560725576934,24.844127805641293,24.89354133605957,524600,0.0,0.0
2006-01-12,24.859342455284697,25.015186974317825,24.49443503264156,24.559053421020508,467000,0.0,0.0
2006-01-13,26.315172575337453,26.315172575337453,24.60846646978312,24.631275177001953,326400,0.0,0.0
2006-01-17,24.665483379072136,25.13302271705968,24.646476606786173,24.992380142211914,440000,0.0,0.0
2006-01-18,25.087404086881648,26.493818004469233,24.992376041098005,25.509328842163086,2014200,0.0,0.0
2006-01-19,25.88564205739495,26.18973299875519,25.790614000723142,26.011079788208008,1305600,0.0,0.0
2006-01-20,26.018680422255436,28.386780840086008,26.018680422255436,27.626556396484375,1921800,0.0,0.0
2006-01-23,27.748181211497805,28.50840535427857,27.62274353193299,28.063674926757812,1112600,0.0,0.0
2006-01-24,28.234732031705455,29.447290803834775,28.21192622910327,29.30664825439453,1222800,0.0,0.0
2006-01-25,29.51571938870534,29.96045006431749,29.10139549174776,29.302854537963867,596200,0.0,0.0
2006-01-26,29.302853148897242,29.78179541532865,29.158411532048724,29.713375091552734,626000,0.0,0.0
2006-01-27,29.87681855283207,31.036161931101407,29.87681855283207,30.656049728393555,654600,0.0,0.0
2006-01-30,30.652256347896106,30.94874348473905,30.241734358408902,30.317758560180664,570400,0.0,0.0
2006-01-31,29.4586990764306,30.61804258719097,29.044378120142458,30.218923568725586,869600,0.0,0.0
2006-02-01,30.028868417129853,30.241730353850432,29.48910970614474,29.804603576660156,728000,0.0,0.0
2006-02-02,31.929425474989472,32.51860055745504,30.89551980512851,31.46949005126953,1980800,0.0,0.0
2006-02-03,30.97915054216216,31.54551702227524,30.834708921067147,31.00575828552246,755200,0.0,0.0
2006-02-06,31.100778199439684,31.910416092266008,30.827096968054516,31.5493106842041,967800,0.0,0.0
2006-02-07,31.169208393864675,31.29844518299716,29.922440522114357,29.941444396972656,788200,0.0,0.0
2006-02-08,29.941424324432397,29.97183398385125,28.903720071980462,29.75897216796875,891400,0.0,0.0
2006-02-09,29.835005473208422,30.021262537399274,28.8277075730883,28.888526916503906,660800,0.0,0.0
2006-02-10,28.812503137828646,29.739974844252846,28.20432135653491,29.52711296081543,810200,0.0,0.0
2006-02-13,29.52331352868183,29.52331352868183,28.46280015522643,28.80109977722168,649600,0.0,0.0
2006-02-14,28.92654357177181,29.91483490759595,28.892334859005825,29.70197296142578,572600,0.0,0.0
2006-02-15,29.762791542073717,29.987056386656395,28.827712817127395,29.713375091552734,510000,0.0,0.0
2006-02-16,30.42417734381852,31.59872251498801,29.89582167846695,31.214811325073242,1264400,0.0,0.0
2006-02-17,30.47359476459164,31.670948789786845,30.47359476459164,31.515104293823242,966800,0.0,0.0
2006-02-21,31.708975441022417,32.199320780835436,31.283251412678048,32.005462646484375,745200,0.0,0.0
2006-02-22,32.21450992253106,32.61362890459053,31.59112612771366,32.233516693115234,539600,0.0,0.0
2006-02-23,32.404576272299906,33.601930696970925,32.39317336635502,32.8873176574707,1038600,0.0,0.0
2006-02-24,33.145779414592894,33.366245164879665,32.556607302651464,33.29782485961914,762000,0.0,0.0
2006-02-27,33.43088266622909,33.453691381051236,32.69726565671301,32.87211990356445,858000,0.0,0.0
2006-02-28,32.95573854030651,32.99375209412317,31.199621394991997,31.317455291748047,1015600,0.0,0.0
2006-03-01,31.511301063053864,32.4501786343334,31.427675917430058,32.37795639038086,927200,0.0,0.0
2006-03-02,32.46157037558577,33.031738463330164,31.967423539530685,32.84168243408203,636400,0.0,0.0
2006-03-03,33.06975566404325,33.52588906491643,32.609820329822256,32.811279296875,792400,0.0,0.0
2006-03-06,32.0700718789707,33.44987831547454,32.06246800988425,32.54901123046875,702000,0.0,0.0
2006-03-07,32.54900550796898,32.54900550796898,30.69405908060547,31.21101188659668,545600,0.0,0.0
2006-03-08,30.978870637278533,31.33280624669631,29.943703998828127,31.00931739807129,1051400,0.05,0.0
2006-03-09,31.22245083519896,31.50788279357388,30.754341145895918,31.054996490478516,779600,0.0,0.0
2006-03-10,31.587781406584238,32.34132252975438,31.23384590841618,31.96835708618164,560800,0.0,0.0
2006-03-13,32.158657065872355,32.39080855034891,31.568763378386734,31.701967239379883,465400,0.0,0.0
2006-03-14,31.698146486864662,32.310873520480904,31.40129794209392,31.987384796142578,560000,0.0,0.0
2006-03-15,32.12057722236217,32.77516763744897,32.052073506747014,32.63435363769531,930600,0.0,0.0
2006-03-16,32.805624650287314,32.91979852335389,32.27282098547586,32.661006927490234,574000,0.0,0.0
2006-03-17,32.76757273370591,33.26232238884461,32.57728485150836,32.86271667480469,987800,0.0,0.0
2006-03-20,32.961645821572134,33.30796803284108,32.63815721222662,32.8817253112793,567400,0.0,0.0
2006-03-21,33.14814189264564,33.75706241362522,32.74853916179752,32.877933502197266,790800,0.0,0.0
2006-03-22,32.80563351540228,33.67715246487317,32.66862599212353,33.03398132324219,693000,0.0,0.0
2006-03-23,33.20142142162641,33.45260276346606,32.50116356600435,33.27753829956055,810000,0.0,0.0
2006-03-24,33.224272918522765,34.09959563275733,32.87794750076932,33.99684143066406,714800,0.0,0.0
2006-03-27,34.17569907406529,34.24420281631329,33.66191955542419,34.2099494934082,379800,0.0,0.0
2006-03-28,34.255621480541926,34.784621500760956,33.61244758253019,33.70378494262695,491800,0.0,0.0
2006-03-29,33.73803752393776,35.922541302639296,33.73803752393776,35.7208366394043,1007600,0.0,0.0
2006-03-30,35.81218323871175,36.227012382604606,35.115728807642526,35.625701904296875,666200,0.0,0.0
2006-03-31,35.72083780286217,35.9605994644779,34.63239099640447,35.74367141723633,1379800,0.0,0.0
2006-04-03,36.611387335859405,37.38776224285719,36.21178452579171,36.5124397277832,1248000,0.0,0.0
2006-04-04,36.51243320555413,37.17844067359379,35.50010046042402,35.701805114746094,2810600,0.0,0.0
2006-04-05,36.05954928774409,36.05954928774409,35.039606247156705,35.66755676269531,1102600,0.0,0.0
2006-04-06,35.66756511466348,35.94538382791883,35.36690987855374,35.86546325683594,860600,0.0,0.0
2006-04-07,36.07097020528867,36.17372728687418,35.12714394289748,35.19184112548828,958200,0.0,0.0
2006-04-10,35.25652936595242,35.97962371001379,34.89498364570268,35.644718170166016,800400,0.0,0.0
2006-04-11,35.92633878949604,36.34497138706406,34.75035862429297,34.864532470703125,614400,0.0,0.0
2006-04-12,35.05863471596309,35.207059007468445,34.67805901393659,35.051021575927734,822200,0.0,0.0
2006-04-13,35.05101636824546,35.4696489975641,34.32031182577347,35.382118225097656,580200,0.0,0.0
2006-04-17,35.58381869695684,35.95678406354009,35.13093280258319,35.61426544189453,990600,0.0,0.0
2006-04-18,35.77033183911541,36.379252763279524,35.62190745458678,35.945396423339844,1764200,0.0,0.0
2006-04-19,36.07859585690374,36.15470987416072,35.4201982837326,35.86927795410156,1150600,0.0,0.0
2006-04-20,35.94538077016696,36.80167626350823,34.87596377206751,35.39354705810547,1520800,0.0,0.0
2006-04-21,35.96441072033298,36.07858461420357,35.14997879450675,35.39354705810547,1418000,0.0,0.0
2006-04-24,35.54577274495927,36.05574281484777,35.401152113420146,35.78934097290039,734200,0.0,0.0
2006-04-25,35.96059859058957,35.96059859058957,34.404045305913705,34.7047004699707,950000,0.0,0.0
2006-04-26,34.860727661571524,35.191829510028256,34.297477346533526,34.41545486450195,1053600,0.0,0.0
2006-04-27,33.878846647936264,34.24800553182476,32.504971078244296,33.1138916015625,1319200,0.0,0.0
2006-04-28,33.49446422766911,34.464930406307076,33.49446422766911,33.852203369140625,963400,0.0,0.0
2006-05-01,34.346952577817326,34.63238431669115,34.061520838943494,34.255615234375,960600,0.0,0.0
2006-05-02,34.70849684514547,34.731333357729625,34.04629605143844,34.47254180908203,981800,0.0,0.0
2006-05-03,34.53725232010165,35.134756183491476,33.76087737406522,34.921634674072266,735600,0.0,0.0
2006-05-04,35.393550286040835,35.850240096048424,35.01678104760643,35.4392204284668,601800,0.0,0.0
2006-05-05,35.774110882390076,36.306917369861424,35.50009595148699,35.511512756347656,620000,0.0,0.0
2006-05-08,36.34497130963325,36.497202136668626,35.91492190905272,36.413475036621094,909800,0.0,0.0
2006-05-09,36.57333074345828,37.33448227986141,36.45154661377628,37.121360778808594,857400,0.0,0.0
2006-05-10,37.049055425543095,37.18225638157614,36.61139265266619,37.08711242675781,693200,0.0,0.0
2006-05-11,37.22030423244126,37.867281754254925,35.54196401927149,35.701805114746094,1550800,0.0,0.0
2006-05-12,35.70562260702543,35.70562260702543,34.21376611911379,34.67045593261719,1175000,0.0,0.0
2006-05-15,33.300361662889394,33.89405861025393,32.7447216909988,33.35744857788086,1379800,0.0,0.0
2006-05-16,33.437375373680055,33.76467065059963,31.812315793511193,32.98448944091797,1352800,0.0,0.0
2006-05-17,33.30036920788621,33.49065703193128,31.67150589863035,31.991188049316406,1287800,0.0,0.0
2006-05-18,33.129118034151624,33.642894682367135,31.9873908587561,32.08253479003906,1617000,0.0,0.0
2006-05-19,32.12058316536105,32.43265506011209,31.04355345530063,32.13199996948242,1766800,0.0,0.0
2006-05-22,31.37083860054162,31.393672201416337,29.494601268238963,30.430816650390625,1799800,0.0,0.0
2006-05-23,31.112056581329085,32.1586395244319,30.79998469261907,30.933185577392578,1177200,0.0,0.0
2006-05-24,30.933193592031703,31.398068361687482,29.378531285781232,30.449268341064453,1331200,0.05,0.0
2006-05-25,31.09322106553292,31.203724285438717,30.31208182481238,31.169431686401367,1192200,0.0,0.0
2006-05-26,31.626693597653233,32.10681048313455,31.29518383505966,31.79816246032715,675200,0.0,0.0
2006-05-30,31.80197716142395,31.805788420847097,29.87770396649204,29.934858322143555,1159800,0.0,0.0
2006-05-31,30.29303994505246,31.34472365525698,30.1863479424637,30.715999603271484,1164800,0.0,0.0
2006-06-01,30.78840468652378,31.550493882654173,30.54072511635349,31.523820877075195,1056200,0.0,0.0
2006-06-02,32.133479516813274,32.16777212226098,31.32947548596992,31.859127044677734,871400,0.0,0.0
2006-06-05,31.626692085130003,31.702899818865202,30.04916815827413,30.163482666015625,4673600,0.0,0.0
2006-06-06,30.205393488160098,30.632164335907945,29.47760007107759,30.22825813293457,1924800,0.0,0.0
2006-06-07,30.27398887548692,30.567394812226553,28.917471183537376,28.974628448486328,1406000,0.0,0.0
2006-06-08,28.974618971392477,28.97843022971295,27.282780762254205,28.673593521118164,2844200,0.0,0.0
2006-06-09,28.921275222436147,29.424253795559448,27.972475326868256,28.220151901245117,1267200,0.0,0.0
2006-06-12,27.84292539913818,27.95723992800766,26.37971570958859,26.452112197875977,1947800,0.0,0.0
2006-06-13,26.3873368273333,26.665500646315117,25.21753009798836,25.72812843322754,2033800,0.0,0.0
2006-06-14,25.91103299671913,26.528326299975934,25.663353423410804,26.4559268951416,1042400,0.0,0.0
2006-06-15,27.111320765570447,28.220158912829994,27.10369824644551,28.086793899536133,1273600,0.0,0.0
2006-06-16,28.09060443466093,28.109654917703466,27.122750937641214,27.595245361328125,1794600,0.0,0.0
2006-06-19,27.652399302886337,27.81243729548654,26.577853927066823,27.019866943359375,1857600,0.0,0.0
2006-06-20,27.057970022848558,27.64477888574025,26.61595701944751,26.768375396728516,1084000,0.0,0.0
2006-06-21,26.76837693698837,28.159189985604872,26.76837693698837,27.67145347595215,1105800,0.0,0.0
2006-06-22,27.168476981501346,27.720990404017865,27.05416245615489,27.358999252319336,1384400,0.0,0.0
2006-06-23,27.358990387852106,28.326840651736116,27.092257550846377,28.033437728881836,1040600,0.0,0.0
2006-06-26,28.26207548360457,28.26207548360457,27.68670026740437,27.941999435424805,1051000,0.0,0.0
2006-06-27,28.147750540423225,28.269684630690204,27.435196474312367,27.549510955810547,1071800,0.0,0.0
2006-06-28,28.006778894307043,28.0448827739598,27.522853517723735,27.835309982299805,1001600,0.0,0.0
2006-06-29,28.121088993626007,29.942481480124414,28.067742989119804,29.908185958862305,1565600,0.0,0.0
2006-06-30,30.666458162437003,31.607635498046875,29.610963423520882,31.607635498046875,4354200,0.0,0.0
2006-07-03,31.131337701005766,31.874376296997074,31.131337701005766,31.87437629699707,1462600,0.0,0.0
2006-07-05,31.874386926711377,32.042044603076974,30.58645409367241,31.68386459350586,1752800,0.0,0.0
2006-07-06,31.68386041220242,32.14492404885662,30.986548066980564,31.11991310119629,1789800,0.0,0.0
2006-07-07,31.11609456932431,31.554293408810246,30.788396074084194,30.906518936157227,1455600,0.0,0.0
2006-07-10,31.00177621978311,31.462839648514095,30.670266506683365,30.826496124267578,1142600,0.0,0.0
2006-07-11,30.826505655962524,30.84174778730356,30.011070525622614,30.776968002319336,1047600,0.0,0.0
2006-07-12,30.872229623067724,31.276138842039753,29.980586729292327,30.083467483520508,1490000,0.0,0.0
2006-07-13,30.083461712801785,30.216829611742455,29.123230864689447,29.18419647216797,1271400,0.0,0.0
2006-07-14,29.18039698927291,29.55381907981385,28.768868111944816,29.340435028076172,1016000,0.0,0.0
2006-07-17,29.09274748854698,29.290892259915893,28.42591960220178,28.845067977905273,1005200,0.0,0.0
2006-07-18,29.184193202972,29.65287915838959,28.848875131555285,29.37852668762207,1000000,0.0,0.0
2006-07-19,29.397597966065174,30.365451812744144,29.378544568999985,30.36545181274414,1104400,0.0,0.0
2006-07-20,30.193960763634458,30.605489458619804,27.15322774512119,27.21419334411621,1813500,0.0,2.0
2006-07-21,28.692658507118818,28.806970138708685,27.450452341960435,27.854358673095703,2154700,0.0,0.0
2006-07-24,27.854340916439558,28.31921548045159,27.496161210557236,27.96103286743164,1105700,0.0,0.0
2006-07-25,28.69266206229968,29.127052711871464,28.166818607557108,29.043222427368164,1049600,0.0,0.0
2006-07-26,28.814592995672125,28.86031648598742,27.747666978842695,28.189680099487305,1157000,0.0,0.0
2006-07-27,28.502130627435353,28.730756752942703,27.496173349491883,27.67145347595215,1059200,0.0,0.0
2006-07-28,27.86196373154903,28.197281710728678,26.947456716260028,27.46567726135254,1630400,0.0,0.0
2006-07-31,27.465694954556163,27.740047526592587,27.054166096501525,27.32089614868164,1336300,0.0,0.0
2006-08-01,26.67311853005659,26.939848552501473,25.606192625998645,25.99485969543457,1449800,0.0,0.0
2006-08-02,26.2920730513429,26.70360184899035,25.98723625890647,26.41400718688965,1103200,0.0,0.0
2006-08-03,25.83481168983312,26.596900495938662,25.78146570597678,26.391136169433594,968300,0.0,0.0
2006-08-04,26.97795552582983,27.16085528334355,25.316601041527516,25.453777313232422,1069600,0.0,0.0
2006-08-07,25.453771852794862,25.994854304478512,25.316595610517513,25.621429443359375,688800,0.0,0.0
2006-08-08,25.811957542257762,26.253970624919003,25.60619313210228,25.850061416625977,1400400,0.0,0.0
2006-08-09,26.063451762654044,26.170143787727245,24.958421818279394,25.027009963989258,1129000,0.0,0.0
2006-08-10,25.027002202196957,25.148936322627176,24.242050030054227,24.95841407775879,1076500,0.0,0.0
2006-08-11,24.958421236756198,25.209912067545933,24.501168880770695,24.81362533569336,1025100,0.0,0.0
2006-08-14,24.813622294787656,25.072732706662723,24.47830122816156,24.64596176147461,774400,0.0,0.0
2006-08-15,24.943169338027793,25.40804403198142,24.82123523036278,25.286109924316406,697600,0.0,0.0
2006-08-16,25.64430064354457,26.13965683870963,25.369948088861474,26.101552963256836,770400,0.0,0.0
2006-08-17,25.720501037013964,26.025337767715463,25.232764593602383,25.499494552612305,880400,0.0,0.0
2006-08-18,25.484251759095134,25.735742491419597,25.072725962687244,25.286109924316406,876200,0.0,0.0
2006-08-21,25.14894298336541,25.537607186694213,24.958420688036885,24.98890495300293,686500,0.0,0.0
2006-08-22,24.82886326582565,25.011763014405286,24.508784345102658,24.767894744873047,838000,0.0,0.0
2006-08-23,24.775528834875125,25.01221152427746,23.683725661938823,23.805885314941406,1211100,0.06,0.0
2006-08-24,23.99676041935768,24.034934765563307,23.164546857005043,23.454675674438477,807600,0.0,0.0
2006-08-25,23.347789342904854,23.836428027220734,23.217994510351183,23.24853515625,453000,0.0,0.0
2006-08-28,23.248534075647157,23.363058579928268,22.752258796665533,23.01184844970703,665200,0.0,0.0
2006-08-29,25.042756074321574,25.62301670103763,23.767713222873155,25.393964767456055,2538000,0.0,0.0
2006-08-30,25.645914257369117,25.729899556818935,24.775526449463005,24.882415771484375,1133800,0.0,0.0
2006-08-31,25.119095837362835,25.325237820293037,24.760250695752955,25.019840240478516,662600,0.0,0.0
2006-09-01,24.81370058926669,25.516117792555384,24.722081587210678,25.195449829101562,522900,0.0,0.0
2006-09-05,25.26416463277582,25.539024549544674,24.85187475762254,25.32524299621582,729700,0.0,0.0
2006-09-06,25.14200784658966,25.317612166116763,24.61519488800834,24.691543579101562,889900,0.0,0.0
2006-09-07,24.561753403985815,24.691549706071036,23.88987660060129,24.363245010375977,952100,0.0,0.0
2006-09-08,24.363235667152036,24.50829932560021,23.943312097946922,24.050201416015625,659700,0.0,0.0
2006-09-11,23.882239320339067,23.882239320339067,22.660641136704513,22.75989532470703,757300,0.0,0.0
2006-09-12,23.095828924125584,23.5004836410986,22.87441366684098,23.111099243164062,721500,0.0,0.0
2006-09-13,23.653179055211194,24.225802830341433,23.439400444500748,24.14181900024414,1003600,0.0,0.0
2006-09-14,23.97385493787953,24.21053908812191,23.27907135187987,23.454675674438477,962200,0.0,0.0
2006-09-15,23.69899789114985,23.790616910151062,23.28670793687025,23.36305809020996,849700,0.0,0.0
2006-09-18,23.225621628478027,24.14182030053642,23.1798121317524,23.70662498474121,765400,0.0,0.0
2006-09-19,23.660814777455155,23.767704085357494,22.72171211336506,23.18744659423828,656600,0.0,0.0
2006-09-20,23.439407054110156,23.5004868824308,22.9431318107147,23.14164161682129,815000,0.0,0.0
2006-09-21,23.141642333301313,23.74480693086776,22.996578646709754,23.09583282470703,767500,0.0,0.0
2006-09-22,23.095826315081123,23.393590221405354,22.33232792449993,22.40867805480957,722000,0.0,0.0
2006-09-25,21.91240724595171,22.370505174954847,21.706262304145614,22.309425354003906,751100,0.0,0.0
2006-09-26,23.668452628004378,25.36342016756321,23.25616275419025,25.241260528564453,2315700,0.0,0.0
2006-09-27,25.462673788253095,25.462673788253095,24.263982833535636,24.706811904907227,1279500,0.0,0.0
2006-09-28,24.706809842993362,24.798428839764668,24.24871049036375,24.554109573364258,823400,0.0,0.0
2006-09-29,24.554109658477344,24.98166983241783,24.44722034312107,24.53883934020996,563000,0.0,0.0
2006-10-02,24.729720801304463,24.98167675374915,24.50830549385602,24.775531768798828,952400,0.0,0.0
2006-10-03,24.431949218750002,24.439582921374125,23.62264130863105,23.859325408935547,1086200,0.0,0.0
2006-10-04,23.782978014677607,24.08074342032016,23.210354138932924,23.790613174438477,789300,0.0,0.0
2006-10-05,23.943313669239465,25.325244104268304,23.90513787009695,25.111465454101562,1084200,0.0,0.0
2006-10-06,25.042752286662676,25.37869351842994,24.828973621004145,25.126737594604492,718300,0.0,0.0
2006-10-09,25.218357544544883,26.28725673762182,25.203087223213384,25.66118812561035,924800,0.0,0.0
2006-10-10,25.577201000247918,26.004761229653266,25.424500710280594,25.645915985107422,695400,0.0,0.0
2006-10-11,25.195445380640717,25.974214041907782,25.119096711159948,25.69935417175293,735700,0.0,0.0
2006-10-12,25.798608483302957,26.14981700539372,25.73752722075766,26.142183303833008,888400,0.0,0.0
2006-10-13,26.142196824619937,26.821710203049857,25.920781502149215,26.546850204467773,668500,0.0,0.0
2006-10-16,27.10420789992434,27.23400130031026,26.768269470234156,27.119478225708008,641500,0.0,0.0
2006-10-17,27.096571059491243,27.188190091080397,26.493406367119928,27.081300735473633,625900,0.0,0.0
2006-10-18,27.18055038564653,27.478317301394796,26.210909677050388,26.59265899658203,873400,0.0,0.0
2006-10-19,25.50084829790047,27.279798095357883,25.41686300601124,27.172908782958984,2084200,0.0,0.0
2006-10-20,27.172919813713683,27.333253847399096,25.775715745126952,26.04294204711914,1873100,0.0,0.0
2006-10-23,26.050563240839605,26.646093942450353,25.233620228228624,26.43994903564453,1049100,0.0,0.0
2006-10-24,26.447590389062178,26.98203997845178,26.111652061810744,26.70718002319336,1180200,0.0,0.0
2006-10-25,26.714810989347544,26.905685594290677,26.38650643584413,26.875144958496094,872500,0.0,0.0
2006-10-26,26.9744036819727,26.9744036819727,26.302524179519843,26.646099090576172,901600,0.0,0.0
2006-10-27,26.653733134297944,26.730081821055624,26.042934902689403,26.134553909301758,915800,0.0,0.0
2006-10-30,26.134561265700203,26.302531918866592,25.95895690671558,26.18037223815918,829300,0.0,0.0
2006-10-31,26.096381946396782,26.478131240039197,25.913141003941394,26.22617530822754,697000,0.0,0.0
2006-11-01,26.27199060871316,26.630835935977085,25.676462544331713,25.78335189819336,734500,0.0,0.0
2006-11-02,25.592470611708745,25.68408961814542,25.27179972040682,25.416866302490234,493100,0.0,0.0
2006-11-03,25.577202018665798,25.79861730230881,25.386327376735455,25.546661376953125,395700,0.0,0.0
2006-11-06,25.722270674316746,26.37888003558882,25.722270674316746,26.203275680541992,498400,0.0,0.0
2006-11-07,26.27961807647833,26.455225301872552,25.958950091008727,26.126920700073242,486000,0.0,0.0
2006-11-08,25.97421646118164,26.21090201864132,25.82151619548234,25.97421646118164,366100,0.0,0.0
2006-11-09,26.12690721364411,26.54683060702968,25.813873093573314,25.95893669128418,552200,0.0,0.0
2006-11-10,25.88261043401418,26.09638916558763,25.271809065204117,25.53139877319336,513100,0.0,0.0
2006-11-13,25.42449602189011,26.012390136718746,25.279432375055215,26.01239013671875,637500,0.0,0.0
2006-11-14,26.088738895128127,26.378869102244675,25.88259689041704,26.279613494873047,895900,0.0,0.0
2006-11-15,26.41704664571471,26.41704664571471,25.85205939291034,25.936044692993164,582000,0.0,0.0
2006-11-16,26.104021760360336,26.340707426320222,24.9893142610331,25.04275894165039,1114100,0.0,0.0
2006-11-17,25.050393470586776,25.859700231001927,25.050393470586776,25.676462173461914,814500,0.0,0.0
2006-11-20,26.004764608628186,27.24926528915617,26.004764608628186,27.142375946044922,2075500,0.0,0.0
2006-11-21,28.783910362862585,29.20383419360044,28.37925394777283,29.09694480895996,2999900,0.0,0.0
2006-11-22,29.50922059610322,29.791714248632562,28.684640750861846,28.88315200805664,1665000,0.0,0.0
2006-11-24,29.01294088435305,29.043481521129756,28.638825365126973,28.738080978393555,502900,0.0,0.0
2006-11-27,28.631201878693886,28.74572785121525,27.760813807584228,27.82952880859375,1308600,0.0,0.0
2006-11-28,27.638646906083558,27.829521535390054,27.48594662013522,27.669187545776367,955600,0.0,0.0
2006-11-29,27.82189616764221,28.623572264860865,27.82189616764221,28.55485725402832,1108800,0.0,0.0
2006-11-30,28.554850344727665,29.478683001538293,28.463228410775738,29.38706398010254,1627500,0.0,0.0
2006-12-01,29.547397830075585,29.700098139956452,28.363975525402147,28.898422241210938,1454300,0.0,0.0
2006-12-04,28.631196155824664,30.127652642565288,28.631196155824664,30.036033630371094,1273000,0.0,0.0
2006-12-05,30.03603068277833,30.051301002064786,29.46340681585641,29.784074783325195,1320500,0.0,0.0
2006-12-06,29.784087096605948,30.564055822601897,29.39410127510639,30.212303161621094,1224300,0.06,0.0
2006-12-07,30.39581989468673,30.739924099536523,30.204651216103795,30.411113739013672,1108100,0.0,0.0
2006-12-08,30.36522014372093,30.961668167527776,29.959943639558382,30.908138275146484,1395000,0.0,0.0
2006-12-11,31.022865464582328,31.21403422042373,30.59464640137625,31.160507202148438,1567500,0.0,0.0
2006-12-12,30.059365105704625,31.160495682142834,29.363511208378597,29.61585235595703,3308800,0.0,0.0
2006-12-13,30.074655555258364,30.074655555258364,29.478207341313475,29.891132354736328,1395200,0.0,0.0
2006-12-14,30.013476094707055,30.739917500781875,29.944655268510452,30.602275848388672,1361400,0.0,0.0
2006-12-15,30.709342999374442,30.816397015628226,30.04407667193793,30.212303161621094,1010900,0.0,0.0
2006-12-18,30.242885679131145,30.288767214100446,29.325275398763786,29.569971084594727,767900,0.0,0.0
2006-12-19,29.4399725650639,29.91407000779264,29.07292910130596,29.84524917602539,540400,0.0,0.0
2006-12-20,29.88348677363366,29.95230469192999,29.577615746305895,29.822311401367188,1013400,0.0,0.0
2006-12-21,29.74584329933959,29.97524509742404,29.49349927954521,29.646434783935547,1608300,0.0,0.0
2006-12-22,29.837595665560222,29.837595665560222,29.118802774199708,29.638778686523438,595700,0.0,0.0
2006-12-26,29.68467045197203,30.227588767517062,29.585261928124986,30.051713943481445,598800,0.0,0.0
2006-12-27,30.319347081581267,30.648157371520377,30.128178444035363,30.602275848388672,639600,0.0,0.0
2006-12-28,30.663463200766607,31.3210841003078,30.20465941443725,30.26583480834961,578400,0.0,0.0
2006-12-29,30.12816882090016,30.525796893028936,29.822297931723117,30.11287498474121,376200,0.0,0.0
2007-01-03,30.418748369493894,30.434042208374162,29.585253111029058,29.96759033203125,1501800,0.0,0.0
2007-01-04,29.967604865860658,30.19700964332098,29.439980295108338,29.982898712158203,808100,0.0,0.0
2007-01-05,29.654076242975467,29.92171406877593,29.134097348450737,29.332914352416992,568300,0.0,0.0
2007-01-08,29.340556934310666,29.71524868685632,29.111155189711962,29.631134033203125,586500,0.0,0.0
2007-01-09,29.638796935984686,29.692326860994022,29.134111634067096,29.585269927978516,788700,0.0,0.0
2007-01-10,29.363515123525886,30.013487572954258,29.225873418493496,29.937021255493164,754200,0.0,0.0
2007-01-11,29.937014461952003,30.212294892544968,29.6770249577789,29.745845794677734,900800,0.0,0.0
2007-01-12,29.669383324994538,30.128189980996282,29.646444013145512,29.998193740844727,632000,0.0,0.0
2007-01-16,29.937020055512345,30.08230721966601,29.271750868854443,29.363513946533203,813300,0.0,0.0
2007-01-17,29.325273714623425,29.61585091873592,29.2182197228458,29.401742935180664,831000,0.0,0.0
2007-01-18,29.478206869117397,29.837604884339793,28.89705542461101,28.942934036254883,509700,0.0,0.0
2007-01-19,28.874113406177717,29.768784260595726,28.82058641421279,29.692317962646484,664500,0.0,0.0
2007-01-22,29.745845235674185,29.822311534345943,29.317626378906333,29.462913513183594,460200,0.0,0.0
2007-01-23,29.56997163148013,30.739926000312508,29.524093012664988,30.655811309814453,847100,0.0,0.0
2007-01-24,30.617580589206558,31.08403269759453,30.495232734301755,31.06109046936035,775800,0.0,0.0
2007-01-25,31.519880863490222,32.15455912204833,31.068722834177237,31.672813415527344,1521800,0.0,0.0
2007-01-26,31.695770635414902,32.03987487438619,31.37460570670742,31.71870994567871,839600,0.0,0.0
2007-01-29,31.734004242182415,31.88693978578628,31.175791987480753,31.25225830078125,1125300,0.0,0.0
2007-01-30,31.420484513306608,32.14692608421735,31.27519736592549,31.909875869750977,1043000,0.0,0.0
2007-01-31,31.802812238439635,32.22338262563241,31.405181152565937,31.841045379638672,932000,0.0,0.0
2007-02-01,32.00928248674147,32.88865661621094,31.971049336243215,32.88865661621094,1048600,0.0,0.0
2007-02-02,32.812187794954056,32.94218399706617,32.399262800483356,32.72807312011719,723200,0.0,0.0
2007-02-05,32.69749677165709,32.980428579111766,32.43750719429532,32.659263610839844,829600,0.0,0.0
2007-02-06,32.73572746604119,32.94983546500999,32.3839748601604,32.62102508544922,691200,0.0,0.0
2007-02-07,32.72807112120816,33.11805678672345,32.621017147773216,32.90394592285156,701400,0.0,0.0
2007-02-08,32.78161330197073,32.84278869628906,32.231049338122546,32.84278869628906,1053600,0.0,0.0
2007-02-09,32.758663438104556,32.758663438104556,32.03987028836224,32.46808624267578,972300,0.0,0.0
2007-02-12,31.711069318916287,32.643970721664154,31.22932331086409,32.162227630615234,941800,0.0,0.0
2007-02-13,32.84277246326069,32.988059577451374,32.345732839605226,32.72042465209961,938600,0.0,0.0
2007-02-14,32.77394969283235,33.13334764298482,32.529254085026935,32.95746994018555,969100,0.0,0.0
2007-02-15,33.55392235810029,34.40271163318177,33.31687218132011,34.081546783447266,2643800,0.0,0.0
2007-02-16,34.112146620683305,34.84623380017673,34.05861961282461,34.62447738647461,1000400,0.0,0.0
2007-02-20,34.624448972637225,35.327950796756575,34.36445961196279,35.22854232788086,926800,0.0,0.0
2007-02-21,35.022088338574946,35.66441497696809,34.87680124687942,35.641475677490234,748900,0.0,0.0
2007-02-22,35.679715139990265,35.81735679525785,35.00680070501561,35.373844146728516,1037400,0.0,0.0
2007-02-23,35.320321057240925,35.71030676252568,35.21326707288897,35.38149642944336,930900,0.0,0.0
2007-02-26,35.5344467210196,35.86325719084768,35.419744308938725,35.595619201660156,651100,0.0,0.0
2007-02-27,34.70858286931087,34.84622454352776,33.416283724721595,33.607452392578125,1313800,0.0,0.0
2007-02-28,33.83685917826942,35.0679860467303,33.309234627644535,34.9150505065918,1429600,0.0,0.0
2007-03-01,33.79862140793971,35.06033287856383,33.61509820142948,34.303306579589844,1523200,0.0,0.0
2007-03-02,34.24979768486397,34.45626030741821,33.049258037310935,33.41630172729492,1256900,0.0,0.0
2007-03-05,32.231035013781764,33.248050697806285,32.11633265891339,32.33808898925781,1059100,0.0,0.0
2007-03-06,32.613370924369754,33.530978056397345,32.613370924369754,33.33980941772461,799400,0.0,0.0
2007-03-07,33.362794828427674,33.96033942004554,33.1559528069866,33.60028076171875,812900,0.08,0.0
2007-03-08,33.74584383203492,34.68046293264326,33.74584383203492,34.243797302246094,1115800,0.0,0.0
2007-03-09,34.47362084819611,34.764732242509766,34.190171895039825,34.54256820678711,545200,0.0,0.0
2007-03-12,34.557889588179236,34.9485893320772,33.47771626991429,34.35104751586914,1097400,0.0,0.0
2007-03-13,34.09057354826532,34.47361370049302,33.00274091867359,33.10232925415039,768100,0.0,0.0
2007-03-14,33.15595090796353,33.68454812882538,32.50478389145049,33.40109634399414,832000,0.0,0.0
2007-03-15,33.32449129414215,33.92969540062158,33.32449129414215,33.67688751220703,700800,0.0,0.0
2007-03-16,33.50068769354645,33.738173613965046,33.056362685262386,33.32448959350586,566100,0.0,0.0
2007-03-19,33.40109775895514,33.81478179566812,33.362794330895994,33.669227600097656,674900,0.0,0.0
2007-03-20,33.906723333397565,35.392921447753906,33.60795239109118,35.392921447753906,1937600,0.0,0.0
2007-03-21,35.3929153168144,35.82958091413852,35.20905473366301,35.52314758300781,1290400,0.0,0.0
2007-03-22,35.821919645694074,35.93683287921939,35.23969980433262,35.607418060302734,878100,0.0,0.0
2007-03-23,35.760614319538725,35.88318700156707,35.27798310551818,35.561431884765625,766800,0.0,0.0
2007-03-26,35.668688040490856,35.83722366362427,35.28564801698957,35.65336608886719,862800,0.0,0.0
2007-03-27,35.49250052734261,35.622732771298494,35.216711160889744,35.27799606323242,738000,0.0,0.0
2007-03-28,35.23968554796411,35.54611876515277,34.94857428387125,35.170738220214844,971100,0.0,0.0
2007-03-29,35.62272423522423,36.733540951763096,35.51547349005121,36.60330581665039,1906600,0.0,0.0
2007-03-30,37.00934168559046,37.537936059685826,36.92507238195978,37.07828903198242,2435700,0.0,0.0
2007-04-02,37.024660946869105,38.85559232929042,36.86378186875929,38.64875030517578,2366600,0.0,0.0
2007-04-03,38.955185536845654,38.99349189313051,38.403609659192874,38.510860443115234,1745100,0.0,0.0
2007-04-04,38.57214826779228,38.932207003053655,38.12782314048443,38.87092208862305,1116600,0.0,0.0
2007-04-05,38.916874670136686,39.43780945457807,38.62576336768671,39.03178787231445,1213400,0.0,0.0
2007-04-09,39.27693709268094,39.62933332716913,38.939862814783254,39.07009506225586,811800,0.0,0.0
2007-04-10,39.162023769291544,39.22331159548116,38.77132410560816,39.14670181274414,1027300,0.0,0.0
2007-04-11,39.077754974365234,39.29991896362644,38.99348859581236,39.077754974365234,939500,0.0,0.0
2007-04-12,39.460795114588784,40.22687541745093,39.223312091014755,39.813194274902344,1868700,0.0,0.0
2007-04-13,39.667627378751845,39.96639815571641,39.3382126958515,39.8668098449707,1180800,0.0,0.0
2007-04-16,40.05832973326419,40.6022459110831,40.00470435924619,40.45669174194336,1470900,0.0,0.0
2007-04-17,40.59459545138517,40.59459545138517,39.92810350157564,39.9893913269043,827000,0.0,0.0
2007-04-18,39.843843879689196,40.058348398071224,39.20799861048246,39.7136116027832,1268900,0.0,0.0
2007-04-19,40.41839478216559,43.589969635009766,39.070094758686544,43.589969635009766,5155700,0.0,0.0
2007-04-20,43.86575909326412,46.34020116938972,43.589972624954356,45.22172164916992,4408900,0.0,0.0
2007-04-23,45.28300025631892,47.86468966455093,44.79270940491908,47.12925338745117,3757700,0.0,0.0
2007-04-24,46.63132035609243,47.642546407010755,45.71202314915797,46.1793327331543,2020300,0.0,0.0
2007-04-25,46.79984989333015,47.23651547019031,46.286574526095144,46.907100677490234,1415100,0.0,0.0
2007-04-26,46.91476306099672,46.93008209668848,46.148682692362556,46.3095588684082,1028800,0.0,0.0
2007-04-27,46.06442204466958,46.56237262448118,45.65839738574999,45.872901916503906,953100,0.0,0.0
2007-04-30,45.88054660816092,46.85346889549832,45.47452500282423,45.50516891479492,1354600,0.0,0.0
2007-05-01,45.39025229589748,45.68136359301919,44.52458084313151,45.51282501220703,1618200,0.0,0.0
2007-05-02,45.96481811287475,47.03733170445427,45.75031656350462,46.125694274902344,899200,0.0,0.0
2007-05-03,46.77685562672407,47.43568210960985,46.51638825540127,47.037322998046875,937700,0.0,0.0
2007-05-04,47.634893799651955,47.64255332010984,46.24828680751971,46.501094818115234,852900,0.0,0.0
2007-05-07,47.48165680433667,48.01025116107805,46.922418534123906,47.15990447998047,948200,0.0,0.0
2007-05-08,47.4969790314689,48.48522332881371,47.228852092978975,47.979610443115234,1380500,0.0,0.0
2007-05-09,47.97961104007151,49.128728592443004,47.88001978066567,48.845279693603516,1623500,0.0,0.0
2007-05-10,48.531191090074685,48.538853530428305,46.94540493118553,47.58125305175781,1232100,0.0,0.0
2007-05-11,47.63488077434151,48.04090246199743,47.30546595977977,47.749794006347656,757200,0.0,0.0
2007-05-14,47.9949215527206,48.462227979564744,47.00667747872647,47.359073638916016,672700,0.0,0.0
2007-05-15,47.175238998718505,47.78044037792924,46.62366009881484,46.98371887207031,934500,0.0,0.0
2007-05-16,47.03733974733214,47.32078868923288,46.27891883294756,46.86880111694336,685200,0.0,0.0
2007-05-17,46.63131288757192,47.10628483720796,46.355523477425784,46.96072769165039,788100,0.0,0.0
2007-05-18,47.11392681917341,47.34375026796493,46.776852622436756,47.05263900756836,529600,0.0,0.0
2007-05-21,47.297800627820536,47.803413526243524,46.96072341396219,47.32844161987305,678800,0.0,0.0
2007-05-22,46.83815162815174,47.044993671113005,46.21762842163254,46.25593185424805,1110600,0.0,0.0
2007-05-23,47.075640545084106,48.17879525451822,46.73090378514695,47.25183868408203,1296700,0.0,0.0
2007-05-24,47.32844111479206,47.496979719922614,45.206398283073064,45.35195541381836,1044300,0.0,0.0
2007-05-25,45.811583118520126,46.21760750309481,45.6124036056513,45.94181823730469,657600,0.0,0.0
2007-05-29,46.156345359464794,46.493419692611184,45.46687181170525,45.857574462890625,628500,0.0,0.0
2007-05-30,45.25921735769942,46.356178283691406,45.25921735769942,46.356178283691406,993000,0.08,0.0
2007-05-31,46.716729075179664,47.33808269666195,46.5096102259271,47.077266693115234,1163200,0.0,0.0
2007-06-01,47.15398500858037,48.841615089208965,47.15398500858037,47.867393493652344,1472100,0.0,0.0
2007-06-04,47.95176994325163,48.220258659995814,47.48383798361727,47.59123229980469,587900,0.0,0.0
2007-06-05,47.29972164213679,47.736971511874174,47.00055098666121,47.4071159362793,784600,0.0,0.0
2007-06-06,47.22301625718909,47.43780486361798,46.25646167570852,46.770423889160156,1046300,0.0,0.0
2007-06-07,46.770422995168424,46.90082952478608,44.24664521276853,44.683895111083984,1717300,0.0,0.0
2007-06-08,44.65320654676602,45.197850701818574,44.03185301893354,44.89101028442383,1748500,0.0,0.0
2007-06-11,44.200633590202,44.67624127389855,43.778726002509366,44.37706756591797,1451400,0.0,0.0
2007-06-12,44.10855580466493,44.37704149557481,42.881188465827556,43.049949645996094,1331200,0.0,0.0
2007-06-13,43.17270255294492,44.123914791586486,42.87353183492216,43.70200729370117,1326100,0.0,0.0
2007-06-14,43.82474308067445,45.41265141441639,43.79405815483509,45.0904655456543,1207000,0.0,0.0
2007-06-15,45.52771291157933,45.964962837996104,45.266896909306574,45.420318603515625,588200,0.0,0.0
2007-06-18,45.97264052194739,45.99565275438006,44.99074625447707,45.1441650390625,811600,0.0,0.0
2007-06-19,45.00608889669904,45.09047098980765,44.46144456553107,44.84499740600586,622600,0.0,0.0
2007-06-20,44.84496557148069,45.435636877659476,44.23895181142109,44.469085693359375,802700,0.0,0.0
2007-06-21,44.51514092605461,44.68390510922736,43.60995600476133,44.484458923339844,1098900,0.0,0.0
2007-06-22,44.48445184949878,44.48445184949878,43.456530301977054,43.77871322631836,864000,0.0,0.0
2007-06-25,44.60719426985548,44.77595552129243,43.4181781832805,43.74036407470703,989600,0.0,0.0
2007-06-26,43.50254795418651,43.99349495803604,42.8428368204106,42.89653396606445,1385400,0.0,0.0
2007-06-27,43.11135033282183,43.11135033282183,40.66428074301656,42.60506057739258,1794700,0.0,0.0
2007-06-28,42.57436564393403,43.533247753031645,42.57436564393403,42.95024871826172,632500,0.0,0.0
2007-06-29,43.01927995759834,43.755700571463194,42.735448801739174,43.15735626220703,989400,0.0,0.0
2007-07-02,43.51022517786728,44.12390899658203,43.33379126287899,44.12390899658203,1252000,0.0,0.0
2007-07-03,44.49212161738887,44.49212161738887,43.67131891820459,43.77871322631836,329500,0.0,0.0
2007-07-05,44.10857230830619,44.8680081451757,43.84775628543213,44.35404586791992,946600,0.0,0.0
2007-07-06,44.25432021108265,45.01375602892466,44.07021650912286,44.88334655761719,594500,0.0,0.0
2007-07-09,45.83455332274292,46.386870215508736,45.45100057527227,46.26413345336914,1281400,0.0,0.0
2007-07-10,46.409883984968545,46.609330132714696,45.40497469976878,45.61976623535156,967000,0.0,0.0
2007-07-11,46.10302989715358,47.6679254975965,46.07234790743336,46.70137405395508,1307800,0.0,0.0
2007-07-12,47.36877877702425,48.588477003475596,47.29206937461644,48.46574020385742,1193100,0.0,0.0
2007-07-13,48.465737423112905,48.596143984979264,47.47617038693799,48.128211975097656,756600,0.0,0.0
2007-07-16,48.174222852244974,48.46572374972701,47.59889375068247,47.944091796875,758200,0.0,0.0
2007-07-17,47.836702802744234,48.4043592738369,47.614241489838115,48.2892951965332,798800,0.0,0.0
2007-07-18,47.98245512702893,48.16656176024886,46.486598608297314,46.80878448486328,1631400,0.0,0.0
2007-07-19,45.39730334244356,46.21810598644099,43.57926414208502,43.886104583740234,3684200,0.0,0.0
2007-07-20,43.24941002903275,44.78362106875165,43.24941002903275,43.9781608581543,1491600,0.0,0.0
2007-07-23,44.03185982559615,44.03185982559615,42.81216188168822,43.85542297363281,1652600,0.0,0.0
2007-07-24,43.57926939019794,44.49979375229465,43.26475621701727,43.43351745605469,2989200,0.0,0.0
2007-07-25,43.88610419175512,43.90144665264213,41.761221642445314,42.819828033447266,1865100,0.0,0.0
2007-07-26,42.19079755001355,42.36723144316062,39.93550869807179,40.380428314208984,2936400,0.0,0.0
2007-07-27,39.88949450623226,41.35466620662168,39.544296372365466,39.75141525268555,1836600,0.0,0.0
2007-07-30,40.00455650537883,41.26260916755221,39.88948949977313,41.01713562011719,1283900,0.0,0.0
2007-07-31,41.78423222845476,41.80724445413164,40.211663811637244,40.30371856689453,1259000,0.0,0.0
2007-08-01,40.55686626968423,40.82535494584209,39.007312835121645,40.14263153076172,1575200,0.0,0.0
2007-08-02,40.17331461358809,40.68727682534238,39.88948639513364,40.1196174621582,1089300,0.0,0.0
2007-08-03,40.25001542161861,40.26535787854064,38.033081606188844,38.50868606567383,1569000,0.0,0.0
2007-08-06,38.807880052641764,39.12239329343994,37.20462891631053,38.12515640258789,1400700,0.0,0.0
2007-08-07,37.99473868241406,38.815541424127474,37.13558124671204,38.28623962402344,1369600,0.0,0.0
2007-08-08,38.85388915559722,39.690034147351966,38.25554496181389,38.69279479980469,1812100,0.0,0.0
2007-08-09,37.66487561843401,38.99964036043009,36.9361277975498,37.5037841796875,2080900,0.0,0.0
2007-08-10,36.736692902632484,38.646787455873316,35.81616544235107,37.856666564941406,1920900,0.0,0.0
2007-08-13,38.646766936801875,39.46756939713553,37.47309380442443,37.68788528442383,999900,0.0,0.0
2007-08-14,38.43965110084653,38.43965110084653,36.529557415056125,36.65229415893555,863800,0.0,0.0
2007-08-15,36.13067371055827,37.404068929018365,35.63972657952918,35.80849075317383,1110000,0.0,0.0
2007-08-16,34.558113124940476,34.558113124940476,30.61519007548859,33.23869323730469,3678900,0.0,0.0
2007-08-17,34.51975235414823,35.48630413250309,33.06225052868504,35.36356735229492,2042000,0.0,0.0
2007-08-20,35.30986274225182,36.11532580155543,34.65015159050127,35.5706787109375,972400,0.0,0.0
2007-08-21,35.57068410288467,37.787618709627296,35.348225713797106,37.5114631652832,1791600,0.0,0.0
2007-08-22,37.96478728751614,39.40162420101809,37.80343188178453,39.140380859375,1219200,0.08,0.0
2007-08-23,39.34784388978985,39.5399345195167,38.41812594536882,39.04050064086914,659100,0.0,0.0
2007-08-24,39.37857791224977,40.446601312508314,39.17880495300002,40.36976623535156,788300,0.0,0.0
2007-08-27,40.29292669420408,41.06897442688644,39.73202244530218,40.56185531616211,639900,0.0,0.0
2007-08-28,40.21609013262387,40.36976320647786,38.76388559339733,38.833038330078125,929400,0.0,0.0
2007-08-29,39.3862597142635,40.01631964891343,38.97902853491989,39.95484924316406,814400,0.0,0.0
2007-08-30,39.555290833029005,40.25450040844607,39.47845577549421,39.80116653442383,901100,0.0,0.0
2007-08-31,40.431236146531745,41.03824325827663,39.88569944507163,40.700164794921875,1098400,0.0,0.0
2007-09-04,40.53112514711596,41.46084314371609,40.231464216895304,41.191917419433594,884500,0.0,0.0
2007-09-05,40.83845955848936,41.699024558907226,40.454278388347674,40.746253967285156,966100,0.0,0.0
2007-09-06,41.107403437296554,42.405935313120914,40.93068037237875,41.49158477783203,898500,0.0,0.0
2007-09-07,40.953729036104875,41.67599180964467,40.485027346315235,40.72322082519531,1260600,0.0,0.0
2007-09-10,40.98445509090379,41.476206612617645,39.762758621802696,39.95484924316406,782500,0.0,0.0
2007-09-11,40.24682502809532,40.99213459436389,40.07010202037927,40.71552658081055,710800,0.0,0.0
2007-09-12,40.108526303315294,40.861521261984514,40.08547343333841,40.26219940185547,496200,0.0,0.0
2007-09-13,40.43891202830876,41.11506879809613,40.43891202830876,40.68478775024414,700500,0.0,0.0
2007-09-14,40.33903684415952,41.26107255824018,40.070111104293424,41.115081787109375,465900,0.0,0.0
2007-09-17,40.9998179319595,41.44546659761823,40.561851600592334,40.631004333496094,495100,0.0,0.0
2007-09-18,40.838464880358025,42.8208384524661,40.546486332301605,42.475074768066406,921100,0.0,0.0
2007-09-19,42.99756404026281,44.56502421614977,42.65180033513035,42.87462615966797,983300,0.0,0.0
2007-09-20,43.07439756230828,43.79665716921185,42.728633893179456,42.897674560546875,631400,0.0,0.0
2007-09-21,43.0283031771009,43.42785205833102,42.697907043219665,42.774742126464844,676600,0.0,0.0
2007-09-24,41.875757762326856,42.91304600235999,41.22265078616828,42.037113189697266,1546100,0.0,0.0
2007-09-25,41.48389021502292,42.11394719333206,41.29948193624139,42.06784439086914,608900,0.0,0.0
2007-09-26,42.259941162210154,43.10513881302612,42.14468560479408,42.49813461303711,663000,0.0,0.0
2007-09-27,43.02829711716262,44.14242325373176,42.71326863051192,43.95033264160156,594900,0.0,0.0
2007-09-28,43.95033738471024,44.495874078577316,43.22039239362602,43.44321823120117,942800,0.0,0.0
2007-10-01,43.41247073269599,44.31145323299062,43.30490047772771,44.05021286010742,623800,0.0,0.0
2007-10-02,43.75824134580504,44.419033510180085,43.443212864076244,44.25767517089844,584900,0.0,0.0
2007-10-03,43.95032476496768,44.7110018112779,43.619928736830644,43.64297866821289,546100,0.0,0.0
2007-10-04,43.75825261256959,43.81203776248858,42.85926680622073,43.4278564453125,343200,0.0,0.0
2007-10-05,43.60458323519105,44.63418937067453,43.20503427936914,44.18853759765625,560200,0.0,0.0
2007-10-08,44.18083803310344,45.15665863356299,44.00411503269942,44.541969299316406,747100,0.0,0.0
2007-10-09,44.603467583056386,44.68798797448475,43.881207482701996,44.58041763305664,585000,0.0,0.0
2007-10-10,44.4881891564921,44.72637965150626,43.42784810404789,43.904232025146484,735000,0.0,0.0
2007-10-11,44.188523246650696,44.48818706449932,42.090894108131195,42.889991760253906,873500,0.0,0.0
2007-10-12,41.61452704713769,42.551930554145216,41.59915944017856,42.0448112487793,986800,0.0,0.0
2007-10-15,42.198467625049126,42.382875917044764,41.13812947205292,41.445472717285156,845900,0.0,0.0
2007-10-16,40.99213717296767,40.99213717296767,40.28524509763651,40.60795593261719,807800,0.0,0.0
2007-10-17,40.92298730141588,41.19191594715692,39.24027440589752,39.49383544921875,1979100,0.0,0.0
2007-10-18,37.572919220811976,42.45201885834809,37.4269285017946,41.798912048339844,2973000,0.0,0.0
2007-10-19,41.39938078412483,41.491583482274464,40.49271261428575,40.72322082519531,1791700,0.0,0.0
2007-10-22,40.193053818992915,41.27644510677719,39.870339961423625,40.677120208740234,1312100,0.0,0.0
2007-10-23,40.85382692914734,41.46083392159204,39.8395888073493,41.21495819091797,1011000,0.0,0.0
2007-10-24,41.053619032515314,42.920740616041094,41.053619032515314,42.843902587890625,1806600,0.0,0.0
2007-10-25,43.074399258412,43.704456222047085,42.467392229936465,43.29722213745117,1659500,0.0,0.0
2007-10-26,44.01182409575079,44.71871945773976,43.42786960634401,44.411373138427734,1311900,0.0,0.0
2007-10-29,44.46514235643901,46.01723514324301,44.07327872438312,45.36412811279297,1858700,0.0,0.0
2007-10-30,44.56502515047998,44.910788862861565,43.9196005310578,44.426719665527344,1328300,0.0,0.0
2007-10-31,44.54965295210024,45.218127439685055,43.96569880005133,44.833946228027344,915100,0.0,0.0
2007-11-01,43.973385947976226,44.08864149651752,43.051350352856936,43.60457229614258,974600,0.0,0.0
2007-11-02,43.61226516534008,44.88774711848692,42.78243498105073,44.01181411743164,1025400,0.0,0.0
2007-11-05,43.01294129600524,43.68141598858741,42.71328032798809,43.266502380371094,893000,0.0,0.0
2007-11-06,43.26649267530665,44.56502422246561,43.26649267530665,44.242313385009766,1057800,0.0,0.0
2007-11-07,43.68140356502859,43.904229376205066,42.2599342226933,42.475074768066406,848600,0.0,0.0
2007-11-08,42.84389689658886,43.17429304606899,41.2072866838476,41.82965850830078,1398700,0.0,0.0
2007-11-09,41.17653775005456,41.5684012521871,40.400493079487504,40.7769889831543,831100,0.0,0.0
2007-11-12,40.8000493721185,40.8000493721185,38.272138863544505,38.395076751708984,1795800,0.0,0.0
2007-11-13,38.99439523073641,39.63981982076382,38.62558159801649,39.4323616027832,963700,0.0,0.0
2007-11-14,40.09315472502987,40.59259151299753,39.34784217620528,39.95484924316406,969100,0.0,0.0
2007-11-15,39.86263926690577,39.87032160068269,37.76501041743631,38.37969970703125,1160100,0.0,0.0
2007-11-16,38.57948815997338,38.794631696255564,37.273271061752986,38.34897994995117,858700,0.0,0.0
2007-11-19,38.04933110573013,38.04933110573013,36.351249802597245,36.48955535888672,1234000,0.0,0.0
2007-11-20,36.55869355909072,37.80344013827589,35.88253365697194,36.704681396484375,1379500,0.0,0.0
2007-11-21,36.343543820318914,36.80456305557666,35.40614361099483,36.3742790222168,1864100,0.0,0.0
2007-11-23,36.543320152023206,38.60253180744082,36.543320152023206,38.37202072143555,601700,0.0,0.0
2007-11-26,38.279821917414985,38.579482842246215,37.28863352676513,37.3424186706543,1071700,0.0,0.0
2007-11-27,37.580606928471326,38.041623221335215,36.743091749281504,37.67280960083008,1057900,0.0,0.0
2007-11-28,37.672812330482714,39.37857801359968,37.672812330482714,39.071231842041016,1332000,0.0,0.0
2007-11-29,38.986713229863874,39.355526865744686,38.310553431880614,38.51032638549805,2165200,0.0,0.0
2007-11-30,39.30942400100496,40.13925687874955,38.971345568073964,39.63982009887695,1206800,0.0,0.0
2007-12-03,39.209544632910294,39.954857332634816,39.086606727591175,39.37090301513672,550300,0.0,0.0
2007-12-04,38.95598048290243,39.53993471042047,38.44117606859234,39.009765625,602400,0.0,0.0
2007-12-05,39.294515661341286,40.341135597669094,39.294515661341286,40.08717727661133,1142100,0.08,0.0
2007-12-06,40.2487752750508,41.55705347147722,40.217991567912314,41.41083526611328,939000,0.0,0.0
2007-12-07,41.41853412406654,42.92690070570323,41.280010362926824,42.634464263916016,588500,0.0,0.0
2007-12-10,42.66524531294171,43.26551592697196,42.603680827426125,43.01155471801758,519500,0.0,0.0
2007-12-11,43.02693676123218,43.0808067746596,41.172261187771596,41.20304489135742,666900,0.0,0.0
2007-12-12,42.44207083648817,42.44207083648817,41.356969988844114,41.64940643310547,855500,0.0,0.0
2007-12-13,41.380051109244526,41.51087745961736,40.26416669101751,41.395442962646484,795700,0.0,0.0
2007-12-14,41.04142756315426,42.82684095435018,41.04142756315426,42.24196243286133,1530700,0.0,0.0
2007-12-17,41.9418569078262,42.51134396305199,41.287719029414134,41.42624282836914,1362400,0.0,0.0
2007-12-18,41.72638746164198,42.057305184593595,40.73363429278713,41.24924850463867,830100,0.0,0.0
2007-12-19,41.01834948276558,42.10345018332209,40.2102962692781,40.54890823364258,1472700,0.0,0.0
2007-12-20,40.90292936977644,41.34158706665039,39.93326282406791,41.34158706665039,576000,0.0,0.0
2007-12-21,41.864885317591934,42.75759228851416,41.618621528075174,42.31123733520508,1502700,0.0,0.0
2007-12-24,42.38049895549641,42.59597903610818,42.026495127149644,42.141929626464844,367200,0.0,0.0
2007-12-26,42.642151169071504,43.09620054221192,41.98031619103337,42.84223937988281,417300,0.0,0.0
2007-12-27,42.33432944951864,43.09621017103439,41.61092983564125,41.71866989135742,544400,0.0,0.0
2007-12-28,42.2265952896261,42.50364286340508,41.62632750356948,41.80332946777344,326700,0.0,0.0
2007-12-31,41.66480007898562,42.018803959797154,41.30309880232807,41.710975646972656,397200,0.0,0.0
2008-01-02,41.46470838583012,42.057281581917536,40.6797414092869,41.049137115478516,657600,0.0,0.0
2008-01-03,41.04142001089384,41.487771808709624,40.25645346746489,40.41036605834961,952100,0.0,0.0
2008-01-04,39.94094682582085,39.94094682582085,38.394099309777204,38.50953674316406,1143600,0.0,0.0
2008-01-07,38.40180922000617,38.43259000133808,35.09263303183692,36.47787094116211,2536200,0.0,0.0
2008-01-08,36.53942568953615,37.88618212536565,35.85450431473995,35.892982482910156,1974400,0.0,0.0
2008-01-09,35.792940182849385,35.823723894489866,34.19222534159646,34.84636306762695,1910400,0.0,0.0
2008-01-10,34.5308323319771,36.739514881423624,34.299960399700375,36.30855178833008,1714200,0.0,0.0
2008-01-11,36.0161076517891,37.301299365509095,36.0161076517891,36.608680725097656,1580100,0.0,0.0
2008-01-14,36.9396061185322,38.50954008313689,36.59329672403173,38.31714630126953,1095800,0.0,0.0
2008-01-15,37.486005395605325,38.009316740050785,36.854953998308666,36.8780403137207,1280600,0.0,0.0
2008-01-16,36.00072792652957,36.631779373377164,34.43849116612596,35.2850227355957,1811700,0.0,0.0
2008-01-17,35.369680630196186,36.34704162858837,33.59196353856123,34.24610137939453,1812200,0.0,0.0
2008-01-18,34.530839575631255,35.65442163694858,34.09987932782958,34.92332458496094,1596700,0.0,0.0
2008-01-22,33.58425252786251,34.7155287172034,32.82237492190711,34.32304382324219,1214400,0.0,0.0
2008-01-23,33.645832021019295,34.738627504288054,31.660326398926998,34.53084182739258,1466800,0.0,0.0
2008-01-24,34.82326686174677,36.547116059979025,34.77709130740015,36.077674865722656,1075700,0.0,0.0
2008-01-25,36.40859870600786,37.13199823656393,35.59284805059237,36.2085075378418,939300,0.0,0.0
2008-01-28,35.608239809765756,36.939604364796786,35.30810599401314,36.893428802490234,819300,0.0,0.0
2008-01-29,36.90881950529252,38.070879500343274,36.762601299426755,37.84770202636719,888900,0.0,0.0
2008-01-30,37.70149324018967,38.28636914547942,37.116614399203286,37.26283264160156,1047900,0.0,0.0
2008-01-31,36.78569895672485,38.12476127785244,36.50095691614193,37.87080001831055,1418400,0.0,0.0
2008-02-01,38.063187370107435,39.263725697408816,37.94775285552034,38.925113677978516,754100,0.0,0.0
2008-02-04,38.86353893678342,39.10210825245375,38.017007579765455,38.29405212402344,601300,0.0,0.0
2008-02-05,37.670712901577204,37.83232301592786,37.185879622828324,37.3936653137207,804700,0.0,0.0
2008-02-06,37.516776898841,38.294046266987976,36.60867826930574,36.65485382080078,847700,0.0,0.0
2008-02-07,36.37011699349238,38.02470458997087,36.185420618259776,37.70917892456055,581300,0.0,0.0
2008-02-08,37.662999411799376,39.13288754314804,37.555259381600365,38.725013732910156,707700,0.0,0.0
2008-02-11,38.63269561528644,38.63269561528644,36.37014147781921,37.63224792480469,1467800,0.0,0.0
2008-02-12,37.75536721104717,39.24834231276009,37.70919163382832,38.286373138427734,764700,0.0,0.0
2008-02-13,38.67884063720703,38.863539940511664,37.72456922127126,38.67884063720703,828400,0.0,0.0
2008-02-14,38.786589447165554,39.533075360112335,38.10936248072336,38.58649826049805,856300,0.0,0.0
2008-02-15,38.30175870839387,38.478760655123864,37.42444343516848,38.00931930541992,750300,0.0,0.0
2008-02-19,38.78661000440003,39.82553585235628,38.78661000440003,39.502315521240234,925600,0.0,0.0
2008-02-20,38.80198131952235,40.01791158052651,38.75580868500596,39.76395034790039,1108700,0.0,0.0
2008-02-21,41.01836286075996,41.66480622952433,39.810129875855814,40.61048889160156,1360300,0.0,0.0
2008-02-22,40.64894351813824,41.33386466789246,39.256011976757165,41.110687255859375,883200,0.0,0.0
2008-02-25,41.249216399736845,43.95042613486051,41.095303757345405,43.711856842041016,1761000,0.0,0.0
2008-02-26,43.634911985567406,45.17406229944494,43.504082682325766,44.212093353271484,1461200,0.0,0.0
2008-02-27,43.75033778949679,44.958570310544864,43.3732476816438,44.011993408203125,1172600,0.0,0.0
2008-02-28,43.62722057692265,44.52762516066457,43.3655648702289,43.96583557128906,1065500,0.0,0.0
2008-02-29,42.96537844030907,43.850388027375296,42.3881971260805,42.680633544921875,1356900,0.0,0.0
2008-03-03,42.60366864006568,43.86577105690393,42.218881174654236,43.12697982788086,1068200,0.0,0.0
2008-03-04,42.91151469895943,44.712320903513515,42.91151469895943,44.13513946533203,1694400,0.0,0.0
2008-03-05,44.19681292912104,45.59217523409834,44.19681292912104,45.445701599121094,1100700,0.1,0.0
2008-03-06,45.114204104166525,45.40715430260552,44.12742820309727,44.21222686767578,648700,0.0,0.0
2008-03-07,44.03490503395109,44.489747491497454,42.82456209351512,43.194602966308594,760200,0.0,0.0
2008-03-10,43.17148418892304,43.17148418892304,41.2056404077708,41.34440612792969,701500,0.0,0.0
2008-03-11,42.66267824405255,43.33337727551855,41.64506490637171,43.06355667114258,1052500,0.0,0.0
2008-03-12,42.99416952250833,44.05032813537614,42.99416952250833,43.356502532958984,702600,0.0,0.0
2008-03-13,42.78602713936011,44.41266756059557,42.169292201191816,44.21222686767578,867300,0.0,0.0
2008-03-14,44.21995363516527,44.51290393911517,42.69353301062403,43.487579345703125,683000,0.0,0.0
2008-03-17,42.477660597491266,43.06356102744007,41.33670016227303,42.20783996582031,915200,0.0,0.0
2008-03-18,43.00189346793371,45.22985059586003,43.00189346793371,45.16817855834961,1243500,0.0,0.0
2008-03-19,45.44567653362953,46.632892522819944,42.647239685058594,42.647239685058594,1697700,0.0,0.0
2008-03-20,42.400565383156035,43.61861940030405,42.03823233790902,43.240867614746094,1222400,0.0,0.0
2008-03-24,44.050331881651076,46.16265222785341,43.84218330097674,45.39944076538086,1194400,0.0,0.0
2008-03-25,45.499660330516775,46.67145809388632,45.48424159063803,46.37080001831055,810000,0.0,0.0
2008-03-26,46.26285698931534,47.25734340058579,46.13951004270356,47.08003234863281,996500,0.0,0.0
2008-03-27,47.18796712158661,47.20338585966021,45.34547056373334,45.53820037841797,1379400,0.0,0.0
2008-03-28,45.71551225791297,46.370795403843346,45.46111042728957,45.954498291015625,487200,0.0,0.0
2008-03-31,46.13180568915564,46.424755812672736,45.09106593096703,46.14722442626953,652200,0.0,0.0
2008-04-01,46.09326119908112,46.53268492235633,45.08335595496568,46.432464599609375,1226900,0.0,0.0
2008-04-02,46.35537897308861,47.38070012703079,46.201194522792946,46.87960433959961,1000800,0.0,0.0
2008-04-03,46.64061398767246,47.88950233217625,46.1009699318818,47.588844299316406,1089400,0.0,0.0
2008-04-04,47.46550728707971,48.40602989741843,47.288196177738236,48.336647033691406,675000,0.0,0.0
2008-04-07,48.55251220406788,49.138412700458034,47.581154879075854,48.12079620361328,906000,0.0,0.0
2008-04-08,47.68136935016216,48.984225172302295,47.68136935016216,48.922550201416016,546800,0.0,0.0
2008-04-09,48.645008917984484,48.80690421354639,47.280484281393875,47.62739562988281,655100,0.0,0.0
2008-04-10,47.62740262395403,48.79920053947559,46.77939240628053,48.61418151855469,496300,0.0,0.0
2008-04-11,48.197889165783614,48.32894407373659,47.365294665289596,47.59657287597656,301000,0.0,0.0
2008-04-14,47.280490798821525,48.28268548545519,46.63291834978027,47.8895149230957,672800,0.0,0.0
2008-04-15,48.19786554219506,48.421432801173935,46.671445980269674,47.80469512939453,760400,0.0,0.0
2008-04-16,48.30581162232848,49.546989440917976,48.30581162232848,49.54698944091797,874400,0.0,0.0
2008-04-17,47.71991614348141,49.30030046133691,46.06243811449615,48.028282165527344,1743200,0.0,0.0
2008-04-18,47.87408996511948,48.48311695113855,47.19568306150665,47.83554458618164,809400,0.0,0.0
2008-04-21,47.64282243235164,48.537088895686296,47.095470317040004,48.028282165527344,960100,0.0,0.0
2008-04-22,48.190168767766,48.328934490331726,46.60207673968443,47.11859130859375,800900,0.0,0.0
2008-04-23,47.095452829714375,47.095452829714375,45.90823658656853,46.494136810302734,901300,0.0,0.0
2008-04-24,46.58666633336533,46.58666633336533,44.975444436069466,46.085567474365234,997100,0.0,0.0
2008-04-25,46.3014080339798,47.47320556640625,45.684670323674986,47.47320556640625,828300,0.0,0.0
2008-04-28,47.434662462526276,48.1670363683151,46.45559462185628,47.78928756713867,1625800,0.0,0.0
2008-04-29,47.611976612452594,47.82012518482575,46.95669635710382,47.002952575683594,980900,0.0,0.0
2008-04-30,47.04150159258138,47.80471014282388,46.710006019179374,46.85647964477539,621300,0.0,0.0
2008-05-01,46.47102002569816,47.0492095699097,45.56904574832373,46.81022644042969,773000,0.0,0.0
2008-05-02,47.01837805788539,47.5734380563217,46.61749959517766,47.08776092529297,692100,0.0,0.0
2008-05-05,46.540399599150234,48.56791828097728,46.540399599150234,48.513954162597656,693300,0.0,0.0
2008-05-06,48.50623708598885,48.56791203667833,47.766155322656154,48.089942932128906,656800,0.0,0.0
2008-05-07,48.06682892546191,48.56021986833099,46.87190430660552,47.21881866455078,993300,0.0,0.0
2008-05-08,47.56572005583089,48.40602218674999,47.56572005583089,48.38289260864258,1031900,0.0,0.0
2008-05-09,48.04370419737439,48.151632459521686,47.180275159371426,47.9974479675293,813400,0.0,0.0
2008-05-12,48.15163009077679,49.03047782882789,47.12630870999198,49.022769927978516,1032000,0.0,0.0
2008-05-13,48.65273072855979,50.71108440789943,48.65273072855979,50.687957763671875,1295400,0.0,0.0
2008-05-14,50.88068151780267,52.40710455126204,50.20997950767458,51.06570053100586,1225700,0.0,0.0
2008-05-15,51.25072606712761,52.17582702636719,50.87297131331531,52.17582702636719,769500,0.0,0.0
2008-05-16,52.2066780011712,52.738614425110676,51.71328991118239,52.53817367553711,606600,0.0,0.0
2008-05-19,51.6593072555336,52.515028203988514,51.24301010101651,51.53595733642578,870300,0.0,0.0
2008-05-20,51.189036048334565,51.9984976792201,50.186838735832396,51.93682861328125,558000,0.0,0.0
2008-05-21,51.90601791793174,52.5690092423988,51.04258585122703,51.09654998779297,798000,0.0,0.0
2008-05-22,51.30469044007263,52.414810420204184,51.11196058249408,51.628475189208984,1131900,0.0,0.0
2008-05-23,51.75181230674177,51.90599970113821,50.06350298004657,51.11195373535156,723500,0.0,0.0
2008-05-27,51.11966265404202,51.505122347422876,50.078922658243336,50.61085891723633,772900,0.0,0.0
2008-05-28,50.695654549624585,52.48418708100119,50.31019490164129,52.376258850097656,935300,0.0,0.0
2008-05-29,52.45345106798243,52.45345106798243,50.70088183408624,51.56558609008789,752400,0.1,0.0
2008-05-30,51.75090062421831,53.21008565144136,51.75090062421831,52.47663497924805,2035900,0.0,0.0
2008-06-02,52.43801346972951,53.49573173262078,51.95162057586561,53.22551345825195,875300,0.0,0.0
2008-06-03,53.64242624101481,53.64242624101481,51.79720791861636,52.90896987915039,984000,0.0,0.0
2008-06-04,52.499808613589586,53.271864622612966,51.90532807838234,51.9825325012207,619700,0.0,0.0
2008-06-05,52.52296201952334,54.067073822021484,52.51523981122151,54.067073822021484,943300,0.0,0.0
2008-06-06,53.57295457946055,54.043909115838346,52.21413464383025,52.36854934692383,655800,0.0,0.0
2008-06-09,52.584724577309295,54.28324509643338,52.584724577309295,54.19831848144531,818600,0.0,0.0
2008-06-10,53.80455340314632,54.19829749436567,52.5383827667533,53.16374588012695,745900,0.0,0.0
2008-06-11,53.403088337435996,53.66559032356674,51.750889704029596,51.95162582397461,918700,0.0,0.0
2008-06-12,52.12920388814958,52.83949968531122,50.85531655816748,51.326271057128906,850400,0.0,0.0
2008-06-13,51.66596324465854,53.2177967672775,51.50383226323824,53.20235824584961,662500,0.0,0.0
2008-06-16,52.91670515769424,54.13655473350008,52.538399465563465,53.79684829711914,615000,0.0,0.0
2008-06-17,55.88138916879391,57.664841832379224,55.15566081980321,55.41043472290039,1145100,0.0,0.0
2008-06-18,55.24058707183369,56.583962325484414,54.51485283706816,56.44499206542969,1135800,0.0,0.0
2008-06-19,56.64573199979638,57.518152869108704,56.32146411100681,56.93138885498047,1043200,0.0,0.0
2008-06-20,56.707490293212125,56.92367084273746,55.024408587544144,55.155662536621094,1172100,0.0,0.0
2008-06-23,55.38727078103145,57.03946940376879,55.14021320820111,56.73065185546875,850400,0.0,0.0
2008-06-24,60.16630430393005,60.45968336583523,56.60712685650876,56.93138885498047,2239400,0.0,0.0
2008-06-25,57.232528336000335,58.93877196086145,55.61893358269759,58.3597297668457,1626100,0.0,0.0
2008-06-26,59.641289904939796,60.42878395660567,58.39055782137089,59.14717483520508,1879900,0.0,0.0
2008-06-27,59.147190509333704,60.5600539223539,58.907855115658016,59.363365173339844,1168000,0.0,0.0
2008-06-30,59.55637781671818,60.48284232532448,58.98505823275489,59.51777267456055,926500,0.0,0.0
2008-07-01,58.985071534345096,60.4056515532689,58.25161490017375,60.3052864074707,2272200,0.0,0.0
2008-07-02,60.336152768464444,60.41335715865484,52.569268596709094,52.83949279785156,2796700,0.0,0.0
2008-07-03,52.515207018450056,54.9935100973805,51.920726937447796,53.35675048828125,962300,0.0,0.0
2008-07-07,53.433975247117786,55.734703866061544,52.74684613303731,53.85860824584961,1332400,0.0,0.0
2008-07-08,53.78912098306025,53.78912098306025,51.4806760130548,53.125152587890625,2386200,0.0,0.0
2008-07-09,55.456760261585124,56.94682794222725,53.735073523516164,53.95124816894531,1775700,0.0,0.0
2008-07-10,54.09793523494462,57.09350881909397,53.50345501931522,56.91593933105469,1561600,0.0,0.0
2008-07-11,56.58396528240356,57.22477295338259,55.070736755129154,56.98543167114258,924400,0.0,0.0
2008-07-14,57.904185559260355,57.904185559260355,55.24059537966172,56.3060302734375,968300,0.0,0.0
2008-07-15,55.79644838425731,56.16703761593655,53.4648433663726,54.93947219848633,1721400,0.0,0.0
2008-07-16,55.232874106394995,56.035812866567554,52.75457562938393,55.42588806152344,1540400,0.0,0.0
2008-07-17,50.72406131822765,54.64610601144313,50.05237657362192,51.05604553222656,3162700,0.0,0.0
2008-07-18,50.46156522187346,53.10971672882527,50.12185880070662,50.22994613647461,1378700,0.0,0.0
2008-07-21,50.492457847744355,51.06377757361651,49.179962207665696,50.76267623901367,1474700,0.0,0.0
2008-07-22,50.5464805674794,51.71228616107529,48.71670669331763,49.218544006347656,1389800,0.0,0.0
2008-07-23,48.79392241824496,49.5196537396248,47.543192968153285,47.59723663330078,1703700,0.0,0.0
2008-07-24,47.71304363545245,47.852013902786965,43.89136717407121,44.169307708740234,2737100,0.0,0.0
2008-07-25,47.8983424955777,49.3806882165625,46.70937585781335,48.485103607177734,2798100,0.0,0.0
2008-07-28,48.407897098076646,49.836202031706875,47.85973821127172,48.20716094970703,1409400,0.0,0.0
2008-07-29,49.4192765695267,51.13324080400869,48.87111489997125,50.44610595703125,1859300,0.0,0.0
2008-07-30,50.61595884720594,51.388014380032466,49.44243702904877,50.90934371948242,1135100,0.0,0.0
2008-07-31,50.50017483299522,50.50017483299522,47.99870969457585,48.76304626464844,1519300,0.0,0.0
2008-08-01,48.083635697841196,48.22260598154727,46.3233493644433,46.87923049926758,1354800,0.0,0.0
2008-08-04,46.3233557501038,46.89467843355865,44.192482681469265,44.79468536376953,1276100,0.0,0.0
2008-08-05,45.11893633327524,46.423712417271226,44.509014537699876,45.63621520996094,1436300,0.0,0.0
2008-08-06,45.67481905546209,47.072241053914325,44.833278151670896,46.470035552978516,872300,0.0,0.0
2008-08-07,46.25386050556933,46.717092783924116,45.1729812625295,45.25790786743164,786000,0.0,0.0
2008-08-08,44.91047921597874,45.02628875048799,43.04210581233048,43.80644226074219,1086600,0.0,0.0
2008-08-11,43.65974576682352,43.92996700738547,41.544314966686244,42.10019302368164,1246400,0.0,0.0
2008-08-12,41.82997724187539,42.957177834947665,41.420788671345015,41.8531379699707,1346300,0.0,0.0
2008-08-13,41.8840215013038,45.68253411134031,41.714168305760154,45.427757263183594,2641000,0.0,0.0
2008-08-14,44.40863821166559,45.026282099104655,42.988055797976536,43.25827407836914,1871900,0.0,0.0
2008-08-15,42.926297947952406,43.13475335108414,41.25093840653059,41.536598205566406,1029100,0.0,0.0
2008-08-18,41.69101628237828,42.57115948822521,41.41307570260359,41.829986572265625,1057100,0.0,0.0
2008-08-19,41.53659658950421,44.810114094240106,41.53659658950421,43.80644226074219,1747500,0.0,0.0
2008-08-20,43.88378235257876,45.16765739406987,43.71362927889105,44.80414962768555,1568700,0.1,0.0
2008-08-21,45.05936913632233,45.50795336835409,44.47157226197377,44.74226760864258,1091100,0.0,0.0
2008-08-22,44.75001047041126,44.83508700710427,43.597615205825136,44.32463073730469,782000,0.0,0.0
2008-08-25,43.78323343079381,44.293689658880275,41.63313037163539,42.77005386352539,1088700,0.0,0.0
2008-08-26,42.78553452036548,43.009826715786325,41.934774886481016,42.476165771484375,909400,0.0,0.0
2008-08-27,42.77005055883755,43.43519106684532,41.92702411618831,43.00981140136719,1010400,0.0,0.0
2008-08-28,43.26505606755277,44.16222195365766,43.2263857091712,44.038475036621094,923300,0.0,0.0
2008-08-29,44.04620234989113,44.59532900351658,43.73683364202286,44.09260559082031,603000,0.0,0.0
2008-09-02,43.22638893328655,43.22638893328655,40.4111441479554,40.65863800048828,1476400,0.0,0.0
2008-09-03,40.697292538502694,41.401103461191305,39.908405083891566,41.215484619140625,2386100,0.0,0.0
2008-09-04,40.96800210982839,41.447521025520224,38.11408433899553,38.22236251831055,2913100,0.0,0.0
2008-09-05,38.04447671670665,39.134997307538775,36.667791943270686,38.7250862121582,2085200,0.0,0.0
2008-09-08,40.03216077693638,40.32606078365002,37.124107024816986,37.40253829956055,2527700,0.0,0.0
2008-09-09,37.01581934685071,37.09316003648343,34.432600778318,34.517677307128906,2336600,0.0,0.0
2008-09-10,35.004941918354845,36.98489557956225,34.711044828687875,36.35842514038086,1643200,0.0,0.0
2008-09-11,35.86343359220781,38.02900592366423,33.93762218204981,37.13957595825195,2350900,0.0,0.0
2008-09-12,37.665501873018705,40.001227357955,37.21691748468807,39.057655334472656,2492400,0.0,0.0
2008-09-15,35.762880965812876,37.36385739310703,34.57954838233076,34.81930923461914,1855800,0.0,0.0
2008-09-16,32.86257495708301,37.41027660111041,32.86257495708301,37.271060943603516,2406600,0.0,0.0
2008-09-17,35.66235898282541,36.48218142817585,33.40397343537768,34.10005187988281,1769200,0.0,0.0
2008-09-18,34.734238812431514,35.600467057854125,32.800691777781886,35.43031692504883,1836500,0.0,0.0
2008-09-19,37.309732481529785,37.588160832954685,35.76289453860393,36.899818420410156,1289400,0.0,0.0
2008-09-22,36.9075498671621,36.92301859879237,34.703304290771484,34.703304290771484,1131500,0.0,0.0
2008-09-23,35.08228483051362,35.159625547103744,33.442637445857436,33.976295471191406,1297800,0.0,0.0
2008-09-24,34.5718200555875,34.80384509951255,33.34981696703254,33.75199508666992,1026700,0.0,0.0
2008-09-25,34.030431177181555,34.80385006757205,33.45036700938869,34.2160530090332,1130100,0.0,0.0
2008-09-26,33.481308486948286,33.628257031609984,32.661483302721614,33.187408447265625,1535600,0.0,0.0
2008-09-29,32.30570174129466,32.34437208896209,27.340351801406694,28.04416275024414,1830300,0.0,0.0
2008-09-30,28.747977041488582,29.722486438016965,28.028700230243587,29.366714477539062,1817700,0.0,0.0
2008-10-01,29.428584696522204,29.474990886567078,27.92815328937423,28.44634246826172,1418300,0.0,0.0
2008-10-02,28.222057325293434,28.601030939008986,23.84450493733666,24.00692367553711,2117900,0.0,0.0
2008-10-03,24.486434138686644,25.96366362996793,23.581534266655474,23.782623291015625,1930600,0.0,0.0
2008-10-06,22.970542612824072,23.00147860266372,19.350941815634386,21.880022048950195,2479500,0.0,0.0
2008-10-07,22.119777223917367,22.99373978916144,19.57522875023622,19.62936782836914,3112100,0.0,0.0
2008-10-08,18.886889380315505,21.57838676739254,18.005192316488763,20.325448989868164,3762400,0.0,0.0
2008-10-09,20.61934278766601,21.686661438591486,17.881441308468517,17.981985092163086,2350400,0.0,0.0
2008-10-10,16.3810104904243,18.879152871116766,15.77774329276728,17.23177146911621,2868500,0.0,0.0
2008-10-13,18.190813789514333,21.354097366333008,17.63395120961969,21.354097366333008,2054200,0.0,0.0
2008-10-14,22.05017184195906,22.583831267594594,20.61934665810752,20.73535919189453,4824200,0.0,0.0
2008-10-15,20.49559873746811,20.49559873746811,17.309112548828125,17.309112548828125,1745500,0.0,0.0
2008-10-16,18.36869649519112,20.8436372446149,18.11346835026511,19.84592628479004,4334100,0.0,0.0
2008-10-17,19.072507408065242,21.021523129736842,17.030682256892682,19.490154266357422,2385300,0.0,0.0
2008-10-20,20.00061006635472,21.34635856273141,19.482419426211464,20.766294479370117,2500200,0.0,0.0
2008-10-21,20.402790069580078,21.369563701055583,19.490157000617973,20.402790069580078,3624300,0.0,0.0
2008-10-22,19.62163586304932,19.985142172763883,16.24952937865804,17.09255599975586,4075400,0.0,0.0
2008-10-23,17.293647246032503,17.95105213735039,14.74136396583904,15.398770332336426,3768600,0.0,0.0
2008-10-24,13.527093058922798,15.661728875235672,12.84648524330001,15.104867935180664,3437600,0.0,0.0
2008-10-27,14.741359079710735,15.081663699309376,13.240927958421148,13.27186393737793,2110200,0.0,0.0
2008-10-28,13.759123158870112,16.33460807800293,13.186791865569925,16.33460807800293,3475400,0.0,0.0
2008-10-29,16.388744424411883,19.32000084481564,15.84735068625367,18.260417938232422,3575700,0.0,0.0
2008-10-30,18.8172805819625,19.753118158573795,17.73449448582051,18.778610229492188,1923500,0.0,0.0
2008-10-31,18.507913880060798,19.8691312745289,17.927849724898905,19.366409301757812,2040500,0.0,0.0
2008-11-03,19.281331425356893,21.46237226248927,18.941026731387932,20.44145965576172,2226700,0.0,0.0
2008-11-04,21.052457481037617,21.764002777779314,20.51879961486572,21.091129302978516,2154600,0.0,0.0
2008-11-05,20.743095840518468,21.036995865317305,18.39190301802558,18.500181198120117,1701700,0.0,0.0
2008-11-06,18.252687722645383,18.50018155343169,16.44288724104601,16.628507614135742,1499500,0.0,0.0
2008-11-07,16.999747056794973,18.128939417146885,16.543429788080232,17.324583053588867,1340100,0.0,0.0
2008-11-10,17.904651226586154,18.469246795255057,16.4815600157085,17.084827423095703,1408700,0.0,0.0
2008-11-11,16.814128479454546,17.01521759165015,15.49158272928069,15.862823486328125,1213600,0.0,0.0
2008-11-12,15.383297298202544,15.723601935431386,14.207702008539503,14.292777061462402,2046200,0.0,0.0
2008-11-13,14.524808937072105,16.226329803466797,13.326008636133043,16.226329803466797,1847600,0.0,0.0
2008-11-14,16.009770330929314,16.009770330929314,14.300513953821792,14.694957733154297,1498400,0.0,0.0
2008-11-17,14.517073451483967,14.70269381486657,13.70498270210812,13.890603065490723,1461100,0.0,0.0
2008-11-18,13.998880699739386,14.346918277732167,13.179057177486511,13.658576011657715,1468400,0.0,0.0
2008-11-19,13.302807594087982,13.828731283002792,11.95705795288086,11.95705795288086,1616800,0.0,0.0
2008-11-20,11.670888124710434,12.026660750839609,9.729607040014509,9.768278121948242,2070600,0.0,0.0
2008-11-21,10.541702054489377,11.407931327819822,10.046713582190593,11.407931327819824,2113700,0.0,0.0
2008-11-24,11.65542315979688,12.653134297917244,11.462068425294134,12.336031913757324,1883400,0.0,0.0
2008-11-25,12.568056272199478,14.331451775609581,12.281891387127851,14.16903305053711,1866300,0.0,0.0
2008-11-26,13.96793785188196,16.048434053008812,13.666305105593448,16.009763717651367,1565600,0.0,0.0
2008-11-28,15.777742926823656,15.971097623169975,15.267286646483718,15.947896003723145,455900,0.0,0.0
2008-12-01,15.228618301193743,15.305960484945446,13.124917984008789,13.124917984008789,2042700,0.0,0.0
2008-12-02,13.534828365538914,14.548006532994789,13.225461155076726,13.697245597839355,2193100,0.0,0.0
2008-12-03,13.510575878729389,13.63502550305893,12.507199113571343,13.043889045715332,2584500,0.1,0.0
2008-12-04,12.794984380959349,13.697244517201495,12.763871246268833,13.30056095123291,2270300,0.0,0.0
2008-12-05,13.168337562123444,14.070598004378986,12.522754633896525,14.047263145446777,1301600,0.0,0.0
2008-12-08,14.591728073651659,16.49736328928992,14.591728073651659,16.279577255249023,1641000,0.0,0.0
2008-12-09,15.999565088029295,17.002941554621582,15.252867564240146,16.10068130493164,2020200,0.0,0.0
2008-12-10,16.44291538054905,18.301883697509766,16.240684449335266,18.301883697509766,2189400,0.0,0.0
2008-12-11,18.192993336907655,18.737461466377713,16.746266321371046,17.049612045288086,1552200,0.0,0.0
2008-12-12,15.8128939630507,17.97520858381337,15.8128939630507,17.78853416442871,1172700,0.0,0.0
2008-12-15,18.052984770667756,18.59745282802567,16.707372680137844,17.07294464111328,1595300,0.0,0.0
2008-12-16,17.2362899438624,18.714130401611328,16.886274434909698,18.714130401611328,1432400,0.0,0.0
2008-12-17,18.25521869738421,19.67861238297506,17.81186678469209,18.605234146118164,1486600,0.0,0.0
2008-12-18,18.667458284523814,18.86968926063291,16.365139141539565,16.691818237304688,1598000,0.0,0.0
2008-12-19,16.7618221011139,17.080724409564425,16.100684109752216,16.404029846191406,2143700,0.0,0.0
2008-12-22,16.45069963229017,16.47403449251094,14.389501119930365,14.848409652709961,1200500,0.0,0.0
2008-12-23,15.050640408528615,15.315096219100363,14.420614028546028,14.996193885803223,1434400,0.0,0.0
2008-12-24,15.143978540268579,15.143978540268579,14.607290057258288,14.786186218261719,240000,0.0,0.0
2008-12-26,14.848408926232159,15.307317436559059,14.661734504268809,15.229536056518555,565800,0.0,0.0
2008-12-29,15.548436084040175,15.548436084040175,14.731735423076952,14.887296676635742,879100,0.0,0.0
2008-12-30,15.08953368478484,15.322877883911133,14.537288565610545,15.322877883911133,976900,0.0,0.0
2008-12-31,15.423987573788335,15.906230905955079,15.369541057031316,15.509547233581543,773500,0.0,0.0
2009-01-02,15.587330707550976,16.901830023237597,15.478436175810284,16.847383499145508,1101400,0.0,0.0
2009-01-05,16.847378858097123,17.788530532681374,16.49736346598808,17.50851821899414,1674700,0.0,0.0
2009-01-06,17.835202938274215,19.414158006366225,17.7029750350962,19.071922302246094,2614400,0.0,0.0
2009-01-07,18.753018914241025,19.227482494725752,18.239663903515662,18.683015823364258,2777300,0.0,0.0
2009-01-08,18.644126801248245,19.52305395197823,18.410784123890785,19.4374942779541,2200800,0.0,0.0
2009-01-09,19.530826444740907,19.72527911270191,18.052984981392402,18.200769424438477,2279000,0.0,0.0
2009-01-12,18.052986161891187,18.052986161891187,15.85178187597644,16.11623764038086,1882700,0.0,0.0
2009-01-13,16.35736595292056,16.785161411821303,15.610666617415577,16.62959861755371,851200,0.0,0.0
2009-01-14,16.01512655541567,16.27958238019483,15.050641217097308,15.206202507019043,1270600,0.0,0.0
2009-01-15,14.848406619847042,16.015122688560705,14.195045502682895,15.828448295593262,1621300,0.0,0.0
2009-01-16,16.139564032922003,16.380684815126763,14.871733872497826,15.758437156677246,984800,0.0,0.0
2009-01-20,15.431766183996324,15.882896382611774,14.412834465039355,14.560617446899414,1072300,0.0,0.0
2009-01-21,14.793964522421959,16.124020525587635,14.739517993668741,16.09290885925293,1249300,0.0,0.0
2009-01-22,15.4862117886043,16.225132588552384,15.050638187521812,15.618439674377441,1275700,0.0,0.0
2009-01-23,14.980638034548917,16.62181949979904,14.7861853105546,15.9995698928833,772500,0.0,0.0
2009-01-26,16.18625276184781,16.971842354051347,15.19843353687181,15.540669441223145,1110300,0.0,0.0
2009-01-27,15.766228459754018,16.80849526116961,15.750671884555178,16.598485946655273,1599300,0.0,0.0
2009-01-28,17.07295031998435,18.644127253877905,16.847384440646984,18.192996978759766,2137200,0.0,0.0
2009-01-29,17.920761270774207,17.936316359034116,17.15850557089752,17.54741096496582,2261200,0.0,0.0
2009-01-30,17.998542709041484,18.2552202318361,17.041835713493963,17.212953567504883,2340300,0.0,0.0
2009-02-02,17.010718826201014,17.749638021333272,16.621813518166345,17.28295135498047,1767500,0.0,0.0
2009-02-03,17.47740847037894,18.379668896650934,17.010723168453445,18.23188591003418,1929400,0.0,0.0
2009-02-04,18.23966882667285,19.82640251986428,18.16188742875361,19.219709396362305,2364200,0.0,0.0
2009-02-05,18.721902864914526,19.70194450155685,18.714124580073378,19.523048400878906,1747000,0.0,0.0
2009-02-06,19.5074927699928,21.133117291121884,19.5074927699928,20.891996383666992,2213000,0.0,0.0
2009-02-09,20.77532230724249,21.428683389470727,19.00969321183525,19.7097225189209,2673300,0.0,0.0
2009-02-10,19.484159685579826,20.433089798344625,18.40300316280036,18.605234146118164,1989600,0.0,0.0
2009-02-11,18.823020557906684,19.46082512925161,18.09965633016701,18.651901245117188,1755700,0.0,0.0
2009-02-12,18.084101605843262,19.017475185373865,17.67963962247624,18.916358947753906,1956700,0.0,0.0
2009-02-13,18.8230160015128,19.22747636211805,18.47300065876645,18.86968421936035,1624400,0.0,0.0
2009-02-17,18.26299972794927,18.543012129017914,17.119618229513275,17.16628646850586,1963700,0.0,0.0
2009-02-18,17.244065380714137,17.259621952664254,15.750668595299082,16.310691833496094,2326800,0.0,0.0
2009-02-19,17.111844225604298,20.611994180841542,17.111844225604298,19.554170608520508,4719400,0.0,0.0
2009-02-20,19.18081868943171,20.510876239546196,18.78413491075043,20.215307235717773,3591200,0.0,0.0
2009-02-23,20.45642329535467,20.596429475688705,18.177438914389263,18.33300018310547,3158000,0.0,0.0
2009-02-24,18.69857292391637,19.445270602963074,18.037433426704343,19.274152755737305,1881100,0.0,0.0
2009-02-25,19.118594549055857,20.028633489269804,18.50412462316467,18.799692153930664,1921900,0.0,0.0
2009-02-26,19.033036610429672,19.647508076282918,18.263003818572354,18.457456588745117,1713200,0.0,0.0
2009-02-27,18.006318090032657,19.344153494160892,17.788532035262932,18.504117965698242,1776400,0.0,0.0
2009-03-02,18.01409508207214,18.154101240690522,15.361760803754033,15.416207313537598,2826800,0.0,0.0
2009-03-03,15.812892047007296,17.75741886775859,15.812892047007296,17.174060821533203,3033700,0.0,0.0
2009-03-04,18.127308964199607,18.963352689278363,17.846022667797072,18.228883743286133,2098500,0.1,0.0
2009-03-05,17.54910280296484,17.92415156199004,16.916210350711953,17.158428192138672,1630000,0.0,0.0
2009-03-06,17.541300995620233,18.142939119451324,16.580239752012773,17.53348731994629,1892800,0.0,0.0
2009-03-09,17.33815430694997,18.041368903016526,16.877157757130497,17.2365779876709,1749300,0.0,0.0
2009-03-10,17.666315675218637,19.400911323594396,17.588180413874255,19.31496238708496,2166000,0.0,0.0
2009-03-11,18.15856540030669,19.510299915779427,17.760076906264995,18.267953872680664,2799600,0.0,0.0
2009-03-12,18.127304684609193,18.127304684609193,16.916212353479537,17.87727165222168,2854500,0.0,0.0
2009-03-13,18.166372938191067,18.72113027816115,17.603801925647446,18.564861297607422,2525200,0.0,0.0
2009-03-16,18.81490223478432,19.143069194880237,18.494548951155732,18.54142951965332,2587200,0.0,0.0
2009-03-17,17.846025699275103,17.86946672472584,16.595865991052708,17.54129981994629,2388800,0.0,0.0
2009-03-18,17.392843283727434,18.869593636489988,17.041235347209597,18.572681427001953,2082300,0.0,0.0
2009-03-19,19.1274411303211,20.752648517401198,19.096187915920932,19.518115997314453,2162500,0.0,0.0
2009-03-20,19.525926974686946,19.744705406474733,18.166378804298745,18.416410446166992,1274600,0.0,0.0
2009-03-23,19.174321978540497,20.471362335962336,19.02586512115667,20.46354866027832,1225700,0.0,0.0
2009-03-24,19.97129016464728,21.291771062506683,19.596242811861813,20.619810104370117,1300700,0.0,0.0
2009-03-25,20.71357151770655,22.323150766889178,20.510420507179717,21.455852508544922,1449400,0.0,0.0
2009-03-26,21.940295080119583,22.956048888614404,21.846532479343363,22.713830947875977,1447100,0.0,0.0
2009-03-27,22.260649936945025,22.99511897861946,21.627757177895763,21.729331970214844,1332600,0.0,0.0
2009-03-30,21.09643047247707,21.09643047247707,19.85408500320676,20.27601432800293,1109500,0.0,0.0
2009-03-31,20.744829558212032,21.291774828836648,20.471358413205696,20.572933197021484,1589600,0.0,0.0
2009-04-01,19.85409592465553,22.205958720260448,19.518115312382502,21.916858673095703,2190700,0.0,0.0
2009-04-02,22.291897406092975,24.745333878739185,21.70588539585157,23.62800407409668,1960200,0.0,0.0
2009-04-03,23.61238202299426,24.62813729597848,23.252961958150113,24.60469627380371,1915400,0.0,0.0
2009-04-06,23.635819402275736,24.23745879927976,23.268585719973576,24.057748794555664,1146200,0.0,0.0
2009-04-07,23.854605484619825,24.19839825952495,23.48737019326698,23.9327392578125,1437700,0.0,0.0
2009-04-08,24.120260404639343,24.917235784604262,23.776466197605764,24.60469627380371,1224000,0.0,0.0
2009-04-09,25.6595123649968,26.761214811744917,24.846908338578153,26.581504821777344,1196200,0.0,0.0
2009-04-13,26.190837638812628,27.87073740636573,25.448554959841704,27.542572021484375,1269400,0.0,0.0
2009-04-14,27.261289774681114,27.58945818919299,26.003316316841808,26.386178970336914,1639400,0.0,0.0
2009-04-15,26.417429961901785,26.815916930034064,25.6048256959948,26.698713302612305,899100,0.0,0.0
2009-04-16,26.99562271763596,28.07388578586817,26.120512174163522,27.8707332611084,1156000,0.0,0.0
2009-04-17,28.019190847798647,29.214654513843406,27.13626516327991,28.94899559020996,1516700,0.0,0.0
2009-04-20,28.30047963718769,28.863049246264616,27.167522274336502,27.558197021484375,1673000,0.0,0.0
2009-04-21,27.308168732719107,29.378743355281184,27.1753377526657,29.300609588623047,1940300,0.0,0.0
2009-04-22,28.925558240950984,30.1444645084043,28.214530330089485,28.534883499145508,2455200,0.0,0.0
2009-04-23,26.82373309492012,26.82373309492012,24.299972764051233,25.96424674987793,3825500,0.0,0.0
2009-04-24,25.972044681969127,28.409852972427213,25.800146930896183,27.9097900390625,1969200,0.0,0.0
2009-04-27,26.95655515525761,27.71446505109967,25.706397267838096,26.33147621154785,1212000,0.0,0.0
2009-04-28,24.81566498341645,25.870487305601824,24.237466423103665,25.33135414123535,1906300,0.0,0.0
2009-04-29,25.565755252756798,26.85498007176407,25.378230071124147,26.58932113647461,1606900,0.0,0.0
2009-04-30,27.18314860779421,27.894176501853075,26.61276385591065,27.526941299438477,971100,0.0,0.0
2009-05-01,27.440993409315304,29.33186073571992,27.237843852236352,28.34735870361328,1035100,0.0,0.0
2009-05-04,28.573962204766367,30.042900676560997,28.573962204766367,29.917884826660156,1271000,0.0,0.0
2009-05-05,29.660034581624235,30.01164255086681,28.316115093404193,29.07402229309082,1525300,0.0,0.0
2009-05-06,29.714724716312862,29.92568946869917,28.527072951367103,29.550642013549805,892300,0.0,0.0
2009-05-07,29.902257708414616,30.074155621112343,27.847306865156042,28.409879684448242,1133700,0.0,0.0
2009-05-08,28.68334105153895,29.92568694601127,28.370803022233716,29.50375747680664,714300,0.0,0.0
2009-05-11,28.60521343245621,28.73804145279862,27.691032719522,28.042640686035156,1334100,0.0,0.0
2009-05-12,28.73022493015128,28.73022493015128,27.02688257671722,28.230161666870117,897200,0.0,0.0
2009-05-13,27.65195693783269,27.65195693783269,25.503245920864366,25.690771102905273,1336600,0.0,0.0
2009-05-14,25.823597713161895,26.597134949780465,24.82347141019861,26.18301773071289,1251300,0.0,0.0
2009-05-15,26.292413884864505,26.80810447521295,25.534503857908444,25.8157901763916,978200,0.0,0.0
2009-05-18,26.276778689720242,27.972305297851566,26.10488088406227,27.972305297851562,1026600,0.0,0.0
2009-05-19,28.089517769702713,29.56626798704864,27.82385879542907,28.83180046081543,971400,0.0,0.0
2009-05-20,29.378743153972255,30.925817952589377,29.378743153972255,29.6912841796875,1582000,0.0,0.0
2009-05-21,28.964626202381442,29.12089670107101,27.855111324848014,28.198904037475586,846300,0.0,0.0
2009-05-22,28.58958485199916,28.89431074967843,27.9723178907136,27.980133056640625,660600,0.0,0.0
2009-05-26,27.581643189334766,29.464695804471514,27.237850402139934,29.206851959228516,900500,0.0,0.0
2009-05-27,29.097469595075346,30.519526077253637,29.097469595075346,29.363128662109375,1510400,0.0,0.0
2009-05-28,29.919347489983746,30.428580855291845,29.02623308559079,29.746994018554688,1085100,0.1,0.0
2009-05-29,30.13087874564646,30.201387943495355,29.057574723781556,29.762666702270508,1001800,0.0,0.0
2009-06-01,30.185716481643954,31.44704592620805,30.185716481643954,30.765459060668945,1820900,0.0,0.0
2009-06-02,30.264071455561172,31.509732260680607,30.264071455561172,31.37654685974121,1513700,0.0,0.0
2009-06-03,30.53826197230124,30.90647696906083,29.214259370932623,29.72348976135254,1085600,0.0,0.0
2009-06-04,29.927196660882792,30.875151630444808,29.46497021471007,30.459932327270508,1196600,0.0,0.0
2009-06-05,31.01616268919999,31.611571415983033,29.958527626251538,31.274694442749023,1026600,0.0,0.0
2009-06-08,30.57744502870003,30.655790265305818,29.35528922330172,30.256237030029297,566300,0.0,0.0
2009-06-09,31.36870564404793,33.79735043446281,31.196349166131586,33.50748062133789,2094800,0.0,0.0
2009-06-10,33.687669208243555,33.687669208243555,32.3166594148848,33.319454193115234,1445900,0.0,0.0
2009-06-11,33.499642556919575,34.3144147808813,33.25677988587081,33.76601028442383,1106000,0.0,0.0
2009-06-12,33.1157644147501,33.46047439126093,32.34799924759122,33.2802848815918,665700,0.0,0.0
2009-06-15,32.22265218211591,32.22265218211591,31.149345086437798,31.78392791748047,911300,0.0,0.0
2009-06-16,32.206985432374324,33.280289615942515,30.820306324806126,31.14934730529785,1303600,0.0,0.0
2009-06-17,31.00833590848068,31.603744755215317,29.41796199696992,30.890819549560547,1248800,0.0,0.0
2009-06-18,30.804638140965473,31.909280445529475,29.974196661143832,31.337373733520508,638600,0.0,0.0
2009-06-19,31.705579069641832,32.31665671296471,31.15717460043631,31.298192977905273,768100,0.0,0.0
2009-06-22,30.835967132710213,30.835967132710213,29.22992780049905,29.261262893676758,866700,0.0,0.0
2009-06-23,29.49630157885751,30.18572158744745,28.642358101600703,29.5511417388916,688300,0.0,0.0
2009-06-24,29.989858994640855,30.788962204626994,29.30043907856841,29.809669494628906,897000,0.0,0.0
2009-06-25,29.355285800395613,30.710626855704714,29.018408793684497,30.640117645263672,771900,0.0,0.0
2009-06-26,30.538268181730487,31.227691191835802,29.43362595540583,29.598146438598633,1389100,0.0,0.0
2009-06-29,29.69216089828143,30.577439497549886,29.433626147096454,30.18572235107422,1099700,0.0,0.0
2009-06-30,30.248379494135133,30.373728782584188,29.34742942877063,30.07602310180664,815900,0.0,0.0
2009-07-01,30.350257703990547,31.42356226866242,29.966373435211036,30.06038475036621,508500,0.0,0.0
2009-07-02,29.276940723304754,30.381583033511827,28.987070851587045,29.833181381225586,919300,0.0,0.0
2009-07-06,28.940064820648775,29.237770720811405,27.49854544692049,28.43866729736328,1136000,0.0,0.0
2009-07-07,28.634520555242997,28.775538955956932,27.592554581706032,27.694398880004883,1069300,0.0,0.0
2009-07-08,27.710068686705444,28.34465150740172,25.735814010881523,26.581924438476562,1241100,0.0,0.0
2009-07-09,27.02065365871689,27.639564560836302,26.409572797031252,26.94230842590332,739400,0.0,0.0
2009-07-10,26.66026952592185,27.098993830428963,26.39390173185768,27.051986694335938,966600,0.0,0.0
2009-07-13,27.09899833023936,27.482882533997966,26.23722161205559,27.443708419799805,873400,0.0,0.0
2009-07-14,27.86675539585849,28.485669156453998,27.592554610057654,28.203632354736328,648000,0.0,0.0
2009-07-15,28.79119197935684,30.052520868051083,28.79119197935684,29.88800048828125,891800,0.0,0.0
2009-07-16,29.699999952571652,30.671459987915508,29.566817530257353,30.459932327270508,754800,0.0,0.0
2009-07-17,30.475592599089584,30.741960355579348,29.75483155682605,30.3424072265625,752700,0.0,0.0
2009-07-20,30.79681359618445,31.2903752166835,30.452100477475142,31.01617431640625,641900,0.0,0.0
2009-07-21,31.33737501561325,31.33737501561325,30.0525431181435,30.98482894897461,866200,0.0,0.0
2009-07-22,30.18572687984053,31.29036927908889,30.03687541773086,31.1258487701416,849600,0.0,0.0
2009-07-23,28.470005567157592,29.848848764786748,27.85109168799732,28.422998428344727,3352100,0.0,0.0
2009-07-24,28.172298608060956,28.86955470384863,27.670901100463745,28.15662956237793,1053700,0.0,0.0
2009-07-27,28.352471905144306,29.073232650756836,28.203620539291897,29.073232650756836,1064100,0.0,0.0
2009-07-28,28.399496889613502,29.598150560613615,28.36032576747877,29.284778594970703,1490200,0.0,0.0
2009-07-29,27.7179083120324,27.835421672123683,26.284222008112582,26.613265991210938,4044100,0.0,0.0
2009-07-30,27.138163960886956,27.38102967233918,26.37823172550798,26.4879150390625,2081400,0.0,0.0
2009-07-31,26.597588565471522,26.934465471011315,26.080522173711554,26.409563064575195,1592900,0.0,0.0
2009-08-03,27.232170412076556,27.843251096403048,26.738609037144318,27.670894622802734,1641000,0.0,0.0
2009-08-04,27.3105160109829,27.576883751901153,26.957970032037533,27.341854095458984,853100,0.0,0.0
2009-08-05,27.114658877819195,27.545547101828564,26.652432567701847,27.067651748657227,1189300,0.0,0.0
2009-08-06,27.341861526901123,27.788418892083566,26.6367693773683,26.809125900268555,1311200,0.0,0.0
2009-08-07,27.498545163301582,28.21930633701431,26.934474449705693,27.960771560668945,760600,0.0,0.0
2009-08-10,27.87458679196179,28.03910723617538,27.404524537483613,27.81191062927246,1050500,0.0,0.0
2009-08-11,27.51420873130687,27.631725058714835,26.801283716823946,27.04414939880371,1003700,0.0,0.0
2009-08-12,26.981477319571407,28.125293715658938,26.699443470431476,27.764911651611328,1082700,0.0,0.0
2009-08-13,28.078288403583848,29.159428688818902,28.007779189577974,28.971403121948242,983100,0.0,0.0
2009-08-14,29.39445121929218,29.425789304202894,28.399489437608924,28.775537490844727,891500,0.0,0.0
2009-08-17,27.77274082119878,28.30547627472595,27.06764890077633,27.349685668945312,855800,0.0,0.0
2009-08-18,27.482873603793333,27.54554678672797,26.95797112746452,27.19300079345703,1484400,0.0,0.0
2009-08-19,26.62730126554191,27.21657468864077,26.548732674675243,27.067293167114258,1198500,0.1,0.0
2009-08-20,27.05943529147502,28.12798494245075,27.028009652540213,27.95513343811035,722300,0.0,0.0
2009-08-21,28.622973358108492,28.75654055601921,28.253694403791474,28.599403381347656,684100,0.0,0.0
2009-08-24,28.63868267875498,29.04724585546258,28.120122300087434,28.285118103027344,821000,0.0,0.0
2009-08-25,28.638683985247628,29.227957305943264,28.37940228548598,28.450115203857422,1203500,0.0,0.0
2009-08-26,28.316550249271423,28.835110692362438,27.648705301660698,28.465831756591797,817600,0.0,0.0
2009-08-27,28.324399633852046,29.345805977637813,27.687986456664845,28.952957153320312,893900,0.0,0.0
2009-08-28,29.3065398996086,29.605106030772163,28.95297513865182,29.589391708374023,1042300,0.0,0.0
2009-08-31,29.03154411440799,29.13368570212057,28.520839173045363,29.023685455322266,975300,0.0,0.0
2009-09-01,28.599399611257866,29.982226347594267,28.497258063426482,28.79582405090332,1495200,0.0,0.0
2009-09-02,27.994415927888664,28.85082672548232,27.994415927888664,28.520832061767578,918000,0.0,0.0
2009-09-03,28.87439256149392,29.322240043079937,28.20655066711451,29.2200984954834,649200,0.0,0.0
2009-09-04,29.17295522874987,30.2493601938343,28.85081930501517,30.170791625976562,873200,0.0,0.0
2009-09-08,30.728644091376864,31.07435007424142,30.12365637346426,30.956497192382812,882300,0.0,0.0
2009-09-09,30.909343858453763,31.262908379661503,30.46935212126208,30.980056762695312,1086200,0.0,0.0
2009-09-10,31.03506104028501,32.15075040358401,30.602927878404397,32.14289474487305,1052700,0.0,0.0
2009-09-11,32.080038592393976,32.49645741510472,31.451478033405614,31.820756912231445,970900,0.0,0.0
2009-09-14,31.56147811418435,32.36289020259848,30.87792189064256,32.166465759277344,842400,0.0,0.0
2009-09-15,31.836460309541167,33.10143365482092,31.702890187536315,32.48073196411133,1097400,0.0,0.0
2009-09-16,32.99146513981401,33.97358778273631,32.99146513981401,33.32145690917969,1063100,0.0,0.0
2009-09-17,33.24288322387741,34.8614191742221,32.991460105431635,33.5493049621582,1137200,0.0,0.0
2009-09-18,33.36073640199388,33.855726981823,32.79503587938919,33.470733642578125,1336800,0.0,0.0
2009-09-21,33.180021034175134,34.02071752400864,32.9207422929328,33.45501708984375,1272300,0.0,0.0
2009-09-22,33.981433354232884,34.86141414176246,33.737865932123995,34.41356658935547,1080500,0.0,0.0
2009-09-23,34.64928109574877,35.167841663263374,33.66715858172868,34.04429626464844,985300,0.0,0.0
2009-09-24,34.07570944791077,34.38213108069417,32.716452745164474,33.15644454956055,906400,0.0,0.0
2009-09-25,32.88144528052707,33.85571168016578,32.535739395338446,32.795021057128906,750400,0.0,0.0
2009-09-28,32.99145460745489,33.52572639721657,32.480749797295104,33.203590393066406,660900,0.0,0.0
2009-09-29,33.675018310546875,34.76713810129543,33.32145359482248,33.675018310546875,2063200,0.0,0.0
2009-09-30,34.14642678184207,34.20928404654684,32.80288421937054,33.439300537109375,1269100,0.0,0.0
2009-10-01,33.290006495532985,33.68285529580144,32.41002602214723,32.449310302734375,1106500,0.0,0.0
2009-10-02,31.498633407495642,32.41004298113782,31.09007008176638,31.5457763671875,1437900,0.0,0.0
2009-10-05,31.50649425572684,33.1407478276894,31.50649425572684,32.952178955078125,1269900,0.0,0.0
2009-10-06,33.36071994310725,33.67500018732284,31.860037621514955,32.41002655029297,1482300,0.0,0.0
2009-10-07,32.41004497473561,32.96788987800301,32.05648024829845,32.37861633300781,1150300,0.0,0.0
2009-10-08,33.38430561416957,33.42358991034672,32.276471677655664,32.97574234008789,1167900,0.0,0.0
2009-10-09,32.78715977505533,33.180008566508945,32.37074101521799,32.88930130004883,605900,0.0,0.0
2009-10-12,33.11717081201416,33.52573112106969,32.88145902198993,33.37644958496094,997100,0.0,0.0
2009-10-13,33.29001906499861,33.462873561485715,32.49646550759801,33.337162017822266,1038700,0.0,0.0
2009-10-14,33.94213895194702,34.64926503597172,33.58857441133534,34.40570068359375,1529200,0.0,0.0
2009-10-15,34.044289673838094,35.32497502620174,33.65929640410704,35.17569351196289,1485800,0.0,0.0
2009-10-16,34.60998734545607,34.72784321384166,33.96571539193315,34.484275817871094,1066600,0.0,0.0
2009-10-19,34.562851650101535,35.14426641279699,33.9892895503728,34.37428283691406,1109100,0.0,0.0
2009-10-20,34.40570851880742,34.50784707820075,33.0935915908842,33.934288024902344,869200,0.0,0.0
2009-10-21,33.65144841008157,35.29355443237902,33.494308203023394,34.311431884765625,1353300,0.0,0.0
2009-10-22,32.96002077651436,33.525721110945696,31.310053724992173,33.18787384033203,2929800,0.0,0.0
2009-10-23,33.29002901981464,33.950015570705396,32.6693297732916,33.13288879394531,1271700,0.0,0.0
2009-10-26,33.242883932948224,33.83215744134972,31.663629252000195,31.74220085144043,1322200,0.0,0.0
2009-10-27,31.805043054085512,31.891470282044267,30.618640826539757,30.744352340698242,1632400,0.0,0.0
2009-10-28,30.351501589283387,30.602924601902565,29.180810751551387,29.455806732177734,1741700,0.0,0.0
2009-10-29,29.777948264242664,31.13720511890798,29.68366236884905,30.42222023010254,1176000,0.0,0.0
2009-10-30,30.2965051201343,30.2965051201343,28.410829395872398,28.66225242614746,1547300,0.0,0.0
2009-11-02,28.79582927417331,29.652240106259654,28.04155701124615,28.615116119384766,1373100,0.0,0.0
2009-11-03,28.23012183312289,29.817231728510727,27.9079858591263,29.408668518066406,1334200,0.0,0.0
2009-11-04,29.958657570479886,30.35936212459303,29.29081265069237,29.408668518066406,958100,0.0,0.0
2009-11-05,29.6915163238513,30.697208404541012,29.502947560122568,30.697208404541016,996700,0.0,0.0
2009-11-06,30.02937123678488,31.73433404466423,30.021512580258648,30.547931671142578,709400,0.0,0.0
2009-11-09,31.145057652911404,31.93861404157967,31.137201994349883,31.467193603515625,704200,0.0,0.0
2009-11-10,31.25506220918423,31.553628257146993,30.728646042944334,31.129350662231445,822400,0.0,0.0
2009-11-11,31.608631257388737,32.05647889287299,31.325779488198663,31.482919692993164,727300,0.0,0.0
2009-11-12,31.45147876730116,31.663617511329996,30.46150095903222,30.563642501831055,548000,0.0,0.0
2009-11-13,30.64221216609959,31.05863101335571,30.202220348312657,30.78363800048828,887100,0.0,0.0
2009-11-16,31.404335059241827,32.449311342909816,31.270764904325695,32.048606872558594,928100,0.0,0.0
2009-11-17,31.734338187918315,32.65360630355401,31.56934234571693,32.58289337158203,750000,0.0,0.0
2009-11-18,32.72432257205802,32.76360687222569,31.710771442852483,31.836483001708984,1036600,0.0,0.0
2009-11-19,31.294353991420508,31.294353991420508,30.32008711489629,31.160783767700195,1057100,0.0,0.0
2009-11-20,30.563651751596844,31.184350860271138,30.24151570884695,31.113637924194336,800600,0.0,0.0
2009-11-23,32.05647399256075,32.29218276512082,30.893641450358018,31.042922973632812,752800,0.0,0.0
2009-11-24,31.993615956102094,32.52789070958037,31.77361853001149,32.441463470458984,1801600,0.0,0.0
2009-11-25,32.60646307553395,32.724318960229,32.33932566779822,32.54360580444336,784400,0.0,0.0
2009-11-27,31.13720901250055,32.064332786076065,30.86221294568088,31.702909469604492,326200,0.0,0.0
2009-11-30,32.04862604076159,32.37861780227707,31.73434560362271,32.11933898925781,966000,0.0,0.0
2009-12-01,32.56717451459047,32.78716894019701,32.05646974406184,32.15861129760742,799600,0.0,0.0
2009-12-02,32.15862336788006,33.26917080868881,32.15074546150032,33.2219123840332,1308800,0.1,0.0
2009-12-03,33.23765718289059,33.922887650300005,32.938359907942704,33.371551513671875,1687400,0.0,0.0
2009-12-04,33.63934358548816,34.26944074728819,32.300385238825434,33.190399169921875,1386200,0.0,0.0
2009-12-07,33.08800757249484,34.13554654930105,33.07225777236055,33.75748825073242,959100,0.0,0.0
2009-12-08,33.26128450078875,33.26128450078875,32.134984536255345,32.36339569091797,838600,0.0,0.0
2009-12-09,32.29250362570132,33.08012566535257,31.756920398375296,32.828086853027344,794700,0.0,0.0
2009-12-10,32.99349389541167,33.48969672897149,31.741174461358973,32.804466247558594,2006600,0.0,0.0
2009-12-11,33.10377402614646,33.52121601078663,32.820229434176994,33.26129913330078,769900,0.0,0.0
2009-12-14,33.623586688449684,34.98617257391674,33.34792015263319,34.92316436767578,1378600,0.0,0.0
2009-12-15,34.8522796411618,35.44299624524928,34.45059367237992,34.883785247802734,899900,0.0,0.0
2009-12-16,34.891665768943206,35.041315922329304,34.04891018502336,34.332454681396484,624300,0.0,0.0
2009-12-17,34.6475018233364,34.6475018233364,33.607837757459734,33.87562942504883,598300,0.0,0.0
2009-12-18,34.23794704528804,34.671138768881995,33.03288271767591,33.83625793457031,1043800,0.0,0.0
2009-12-21,34.088294938578315,35.01768956808292,34.048914421302534,34.7183952331543,838300,0.0,0.0
2009-12-22,34.907404434008434,35.17519601604213,34.17491578328505,35.04130172729492,766800,0.0,0.0
2009-12-23,35.19882836296319,35.789544900968295,35.14369505977922,35.56901168823242,838900,0.0,0.0
2009-12-24,35.66350664526611,36.06519536136368,35.51385961635926,35.773773193359375,189800,0.0,0.0
2009-12-28,35.954964257338105,36.30151703647944,35.198844459466294,35.37999725341797,725500,0.0,0.0
2009-12-29,35.54537828093138,35.69502536489743,34.474211983277605,34.80501174926758,673800,0.0,0.0
2009-12-30,34.54511358337978,34.82865808410069,34.22218856967888,34.686885833740234,596000,0.0,0.0
2009-12-31,34.70264139929428,35.175213601713004,34.017407799884104,34.041038513183594,520300,0.0,0.0
2010-01-04,34.71838809779602,36.02584083261269,34.60811846572934,35.93132400512695,990200,0.0,0.0
2010-01-05,35.82104772714644,36.183353121279886,35.45086443057476,35.647769927978516,742700,0.0,0.0
2010-01-06,35.63990950237673,36.97099012370378,35.51389005304719,36.8764762878418,1075200,0.0,0.0
2010-01-07,36.632304569030346,36.78982959862478,35.97070184836576,36.671688079833984,793300,0.0,0.0
2010-01-08,36.616553605253905,38.27843375121172,36.616553605253905,38.136661529541016,1102900,0.0,0.0
2010-01-11,38.617114516465996,38.632867320607765,36.750450791498864,37.37267303466797,759500,0.0,0.0
2010-01-12,36.93947011539193,37.04973670604946,36.3093701609959,36.68743133544922,849200,0.0,0.0
2010-01-13,36.95523260787122,37.13638835995515,35.62415215615991,36.970985412597656,662300,0.0,0.0
2010-01-14,36.97885081644282,37.01035641524516,35.899809596046445,36.17547607421875,482500,0.0,0.0
2010-01-15,36.07309102510206,36.293627252802295,34.9625440013388,35.017677307128906,605900,0.0,0.0
2010-01-19,35.16733477126144,35.78955406720289,35.01768462040046,35.765926361083984,642900,0.0,0.0
2010-01-20,36.46690475975915,37.09700187566613,35.35635765405435,36.90797424316406,1715100,0.0,0.0
2010-01-21,36.860715428667895,37.0339932603452,35.49025459216197,35.83680725097656,1280900,0.0,0.0
2010-01-22,35.33271999152836,36.15972241082431,33.978009320789596,34.08827590942383,1249500,0.0,0.0
2010-01-25,34.71838421275097,34.86803133271388,34.261561944643226,34.474220275878906,598000,0.0,0.0
2010-01-26,33.875632628628644,34.37971340699747,32.80446886151379,33.284915924072266,635400,0.0,0.0
2010-01-27,33.26127277742207,33.69446422543401,31.827801146814338,33.048614501953125,1128400,0.0,0.0
2010-01-28,33.1510261635453,33.30855124078214,31.961717689262038,32.450042724609375,811100,0.0,0.0
2010-01-29,32.623310750515856,34.25369150211156,31.772680319441015,32.087730407714844,1501100,0.0,0.0
2010-02-01,32.292523780432774,33.64723549560178,32.292523780432774,33.26129913330078,750800,0.0,0.0
2010-02-02,34.01740024471195,34.182803182909666,33.088005849102416,33.94651412963867,490700,0.0,0.0
2010-02-03,33.63933775708312,34.143415399185855,33.151012916863564,33.23765182495117,441300,0.0,0.0
2010-02-04,32.772953639897054,32.89897304640298,31.024431745655157,31.079565048217773,823100,0.0,0.0
2010-02-05,31.11108360122623,32.457917132240134,30.53611963192569,32.3949089050293,939900,0.0,0.0
2010-02-08,32.41065132486043,32.75720397479689,31.55214309692383,31.552143096923828,547400,0.0,0.0
2010-02-09,32.103469607371956,32.99348325900085,32.056214212912984,32.678436279296875,674300,0.0,0.0
2010-02-10,32.489410275401376,32.835962903371346,31.63877700055724,32.22161865234375,449900,0.0,0.0
2010-02-11,32.22161965261215,33.75748333239931,32.174361245473825,33.31641387939453,786100,0.0,0.0
2010-02-12,32.77296555098565,33.84413239786339,32.15862109655784,33.71811294555664,700500,0.0,0.0
2010-02-16,34.127674737618754,34.76564685970025,33.387307873616265,34.686885833740234,919600,0.0,0.0
2010-02-17,35.05705832417535,35.167327941910756,34.03315019580845,35.072811126708984,899900,0.0,0.0
2010-02-18,34.49784759772262,35.10431697911091,33.80473930405887,34.655372619628906,1348100,0.0,0.0
2010-02-19,34.67112731933594,34.78926883882496,34.38758286529819,34.67112731933594,1060800,0.0,0.0
2010-02-22,34.85227014635437,35.01767002934936,34.20642040886416,34.80501174926758,777300,0.0,0.0
2010-02-23,34.71839366272804,34.77352698532845,33.45032123383721,33.71811294555664,851600,0.0,0.0
2010-02-24,33.93075868493906,34.73413051605132,33.8126141779604,34.32456970214844,920500,0.0,0.0
2010-02-25,33.77324101356801,35.03343534056894,33.16677155477998,34.94679641723633,1098200,0.0,0.0
2010-02-26,34.7183839417178,35.01767817930717,34.28518937894917,34.92316436767578,914000,0.0,0.0
2010-03-01,35.15157549488265,36.01008371213878,34.96254486710721,35.84468078613281,1026800,0.0,0.0
2010-03-02,36.07309161039088,36.62442768177723,35.765919471850744,36.35663604736328,897000,0.0,0.0
2010-03-03,36.4750459098031,37.05915315347706,36.222459807420805,36.33296585083008,1247900,0.1,0.0
2010-03-04,36.759211196931304,37.09862438431121,36.28561294113177,36.65659713745117,1138600,0.0,0.0
2010-03-05,37.08281835994361,37.39855237595892,36.972312357657074,37.2801513671875,561900,0.0,0.0
2010-03-08,37.33540485913399,37.54063287556064,36.92495183734344,37.343299865722656,436000,0.0,0.0
2010-03-09,37.01968552929874,37.611684745581364,36.767099437903255,37.09861755371094,442100,0.0,0.0
2010-03-10,37.10649784506686,37.7616448830391,36.83023283571879,37.343299865722656,735100,0.0,0.0
2010-03-11,37.0117872467613,37.61957341638427,36.60922914016086,37.382774353027344,469900,0.0,0.0
2010-03-12,37.516964672326665,37.761658778550746,37.0670454852201,37.430137634277344,525700,0.0,0.0
2010-03-15,37.34329937481565,37.390657369474035,36.585538338591455,37.2801513671875,524800,0.0,0.0
2010-03-16,37.37489026802537,38.31419780972569,37.35121125808816,38.164222717285156,559200,0.0,0.0
2010-03-17,38.424680148734005,38.69305313624036,38.12473316009455,38.25102615356445,813700,0.0,0.0
2010-03-18,38.08527317246543,38.32207219619563,37.19332707164995,37.20911407470703,594300,0.0,0.0
2010-03-19,36.27770233154297,37.485382483350456,36.127730317607934,36.27770233154297,940000,0.0,0.0
2010-03-22,35.86724506165837,37.97476307126792,35.74095206186975,37.769535064697266,938600,0.0,0.0
2010-03-23,37.92740793567627,38.91407309014789,37.80111491634643,38.87460708618164,656000,0.0,0.0
2010-03-24,38.51942134467595,38.69307543994427,37.9747830609674,38.21158218383789,447900,0.0,0.0
2010-03-25,38.58255390607484,38.835139937287856,37.28015473614407,37.398555755615234,549300,0.0,0.0
2010-03-26,37.62746992129121,38.8351504078937,37.5643249019945,38.014244079589844,526900,0.0,0.0
2010-03-29,38.227353471425666,39.94020266642667,38.227353471425666,39.82969665527344,1107700,0.0,0.0
2010-03-30,39.73498265082845,39.82180967368604,38.67727739350238,38.993011474609375,983200,0.0,0.0
2010-03-31,38.85881423950195,39.46660024459625,38.78777423861917,38.85881423950195,466100,0.0,0.0
2010-04-01,39.490294979723345,40.232269287109375,39.38768394615774,40.232269287109375,698900,0.0,0.0
2010-04-05,43.334336791178636,43.784255881522164,42.07140352846045,43.38169479370117,3172000,0.0,0.0
2010-04-06,43.17647356237361,43.17647356237361,42.16612626093807,42.34767532348633,1953100,0.0,0.0
2010-04-07,42.40292606999669,42.40292606999669,41.43993983784367,41.80303192138672,1067100,0.0,0.0
2010-04-08,41.44783200672887,41.6767390646757,40.650607819029375,41.61359405517578,771200,0.0,0.0
2010-04-09,41.81092753360496,42.44239269042667,41.66884749693715,42.308204650878906,1183000,0.0,0.0
2010-04-12,42.545005005309015,42.545005005309015,41.17156570987462,41.416259765625,572500,0.0,0.0
2010-04-13,41.313642268171236,41.960894349814616,41.10052223966969,41.66884231567383,610300,0.0,0.0
2010-04-14,42.22136682565942,42.450270800015694,41.47939287444892,42.31608581542969,633900,0.0,0.0
2010-04-15,42.3161012833701,42.62394037094566,41.58991406685283,41.6293830871582,527800,0.0,0.0
2010-04-16,41.31364816458223,41.88986031896387,40.5164239540168,41.09263610839844,556200,0.0,0.0
2010-04-19,40.82425937685538,41.084737418148045,40.12964624830298,40.72164535522461,780500,0.0,0.0
2010-04-20,40.90319615613129,42.42660760979602,40.832156134574674,41.8819694519043,1181700,0.0,0.0
2010-04-21,42.00826175211237,42.450285868654454,41.16367651678977,42.28452682495117,913000,0.0,0.0
2010-04-22,39.221911223727794,40.3822303819215,37.88794104991151,40.01913833618164,3687600,0.0,0.0
2010-04-23,40.08228723095859,40.800579396002355,39.73498215492604,40.73743438720703,1518100,0.0,0.0
2010-04-26,40.63482263890017,41.8977560073169,40.63482263890017,41.32154083251953,1710200,0.0,0.0
2010-04-27,40.94264901794017,41.068942014477926,38.771986069841965,38.88249206542969,1710200,0.0,0.0
2010-04-28,39.19034458783758,39.64815569403588,38.70885146832562,39.21402359008789,1963000,0.0,0.0
2010-04-29,39.719191814862334,40.034925865517664,39.08772672461473,39.8060188293457,1132200,0.0,0.0
2010-04-30,39.821798095172575,39.955983083436486,38.495720157792576,38.52729415893555,913800,0.0,0.0
2010-05-03,38.795672778491046,39.76655087161113,38.511512749077774,39.69551086425781,1125600,0.0,0.0
2010-05-04,38.67728094317616,39.269280141285996,38.30629381548697,38.96144104003906,1536000,0.0,0.0
2010-05-05,38.306292268340634,38.94565246045916,36.7828808191817,37.07493591308594,2282500,0.0,0.0
2010-05-06,36.885485207928916,38.590442263381846,34.20175812658299,36.467140197753906,2410400,0.0,0.0
2010-05-07,36.29348880368027,37.09071589345659,34.89637065587895,35.583091735839844,1666800,0.0,0.0
2010-05-10,37.777441661257754,38.30629281917033,37.098615449977366,37.89583969116211,1113100,0.0,0.0
2010-05-11,37.288049058625134,38.30628516091473,37.082821030118765,37.485382080078125,1078800,0.0,0.0
2010-05-12,37.79322102811517,38.44047309616318,37.50906099608181,38.17210006713867,1066600,0.0,0.0
2010-05-13,37.958987341365756,39.1035196855277,37.6827222632517,37.91952133178711,862400,0.0,0.0
2010-05-14,37.47748427305501,37.47748427305501,35.79620621278738,36.78287124633789,1088600,0.0,0.0
2010-05-17,36.995999597245365,37.01178660266956,34.896376052842314,36.15930938720703,786100,0.0,0.0
2010-05-18,36.94073972714019,37.422232764485145,35.409436617982976,35.51205062866211,720100,0.0,0.0
2010-05-19,35.26735300329181,36.28559197714433,34.6674590140657,35.63833999633789,1169600,0.0,0.0
2010-05-20,34.351746210244336,34.72273339963483,33.27036167160939,33.29404067993164,1082600,0.0,0.0
2010-05-21,32.583639197717254,35.51206457232422,32.583639197717254,34.7858772277832,1308500,0.0,0.0
2010-05-24,34.50961256120537,35.48049102570403,34.20177341527459,34.2254524230957,1091000,0.0,0.0
2010-05-25,32.97040843143193,35.03845808255661,32.62310332554539,34.95952606201172,1570000,0.0,0.0
2010-05-26,35.2436786635426,36.356636778651165,34.55695758427982,34.80954360961914,1183000,0.0,0.0
2010-05-27,35.9935481253301,37.03546641767478,35.9540821164356,37.01178741455078,1079400,0.0,0.0
2010-05-28,37.07505116950769,37.21743479820411,35.85688448260112,36.315673828125,692600,0.1,0.0
2010-06-01,35.91226992731911,36.48971353362971,34.52007456025644,34.54380416870117,588000,0.0,0.0
2010-06-02,34.662449686434734,36.26821716797155,34.662449686434734,36.25239944458008,783600,0.0,0.0
2010-06-03,36.719101621213525,36.78238459149045,35.04214213635042,35.77779006958008,754500,0.0,0.0
2010-06-04,34.93931345199152,35.51676007110506,33.62622181958643,33.80815887451172,836400,0.0,0.0
2010-06-07,33.91889860093447,34.10874148812816,32.605807064101334,32.62162780761719,1236800,0.0,0.0
2010-06-08,32.645359691183735,33.39682846436189,32.47133451786921,33.34145736694336,914500,0.0,0.0
2010-06-09,33.72906282693317,34.69410734876824,33.222810952363695,33.47593688964844,755700,0.0,0.0
2010-06-10,34.33813602563863,35.160796542332825,34.33813602563863,34.931400299072266,821900,0.0,0.0
2010-06-11,34.36186638833235,35.200347666231835,34.34604564525898,35.15288543701172,684800,0.0,0.0
2010-06-14,35.69077258624005,36.181206485950675,35.137058742452446,35.23198318481445,840600,0.0,0.0
2010-06-15,35.532571733401355,36.14956860012199,34.86811867577573,36.07837677001953,645900,0.0,0.0
2010-06-16,36.67164920315098,36.69537881265085,35.74615520517309,36.11793518066406,911400,0.0,0.0
2010-06-17,36.15748279455028,36.15748279455028,34.678277903723256,35.02632522583008,827100,0.0,0.0
2010-06-18,35.14499125931632,35.24782462351235,34.51217635945513,34.65456008911133,794400,0.0,0.0
2010-06-21,35.406014503075355,36.17330401549907,34.22739770342288,34.51216506958008,1017600,0.0,0.0
2010-06-22,34.50426322245054,34.773209922309135,33.381017193187745,33.41265869140625,643600,0.0,0.0
2010-06-23,33.23862410652171,33.910989158036315,32.787743445153374,33.752784729003906,932700,0.0,0.0
2010-06-24,33.270265958015045,33.52339184022308,32.37641348912499,32.439693450927734,730100,0.0,0.0
2010-06-25,32.49506692141897,33.00922753929044,32.12328696915151,32.68490982055664,1323400,0.0,0.0
2010-06-28,32.732373389673306,32.732373389673306,30.802284725529596,31.102872848510742,1727200,0.0,0.0
2010-06-29,30.53333838571194,30.53333838571194,28.927570455632637,29.117416381835938,1687200,0.0,0.0
2010-06-30,28.975037252833218,29.82142764633607,28.55579497990722,28.595348358154297,1264600,0.0,0.0
2010-07-01,28.721906892565734,29.243979419404642,27.614478857453566,28.4371395111084,1539900,0.0,0.0
2010-07-02,28.619076159870712,28.87220207363693,27.78059468458329,28.191925048828125,1147400,0.0,0.0
2010-07-06,28.92757461623686,29.030407966783105,27.66985384955269,27.9625301361084,830500,0.0,0.0
2010-07-07,27.962517712961798,29.06994541184053,27.883417027683773,28.9908447265625,1808500,0.0,0.0
2010-07-08,29.164868633505048,29.552469257228488,28.611154749970666,29.077856063842773,979100,0.0,0.0
2010-07-09,28.777273530894224,29.797685799578385,28.777273530894224,29.639484405517578,1519200,0.0,0.0
2010-07-12,29.417999597193443,29.425911478087883,28.563700527998133,28.713993072509766,1010700,0.0,0.0
2010-07-13,29.236068300013972,29.489194197351853,28.96712165690513,29.196517944335938,933400,0.0,0.0
2010-07-14,29.069958807110208,29.51293069428014,28.737732154857095,29.45755958557129,1010600,0.0,0.0
2010-07-15,29.32308303219012,29.394274884603675,28.58743489641635,29.243982315063477,641500,0.0,0.0
2010-07-16,28.982933910791143,29.022484254881086,28.231465303090943,28.36594009399414,980900,0.0,0.0
2010-07-19,28.47669359850839,28.769369882259998,27.986262498100476,28.247297286987305,1000600,0.0,0.0
2010-07-20,27.7173158647359,28.98294548607127,27.646124009942096,28.97503662109375,2296500,0.0,0.0
2010-07-21,29.330989249443807,29.766049144611195,28.389674602947043,28.769363403320312,1581700,0.0,0.0
2010-07-22,30.058715412840993,31.316435467920286,29.26769658618728,30.928834915161133,2063400,0.0,0.0
2010-07-23,31.545847762580195,32.48715956073495,31.284809968071535,32.162841796875,2072700,0.0,0.0
2010-07-26,32.439690765933996,32.70072850769818,31.403457714380895,32.62162780761719,1223600,0.0,0.0
2010-07-27,32.677004831974315,32.74028480002462,31.58539747124237,31.87016487121582,719500,0.0,0.0
2010-07-28,31.53001249967414,32.22610994705336,31.02376090794289,31.292707443237305,1124800,0.0,0.0
2010-07-29,31.711962210187387,32.00463849108239,30.810200737835924,31.213619232177734,633700,0.0,0.0
2010-07-30,30.61244417453044,31.253167806445784,30.61244417453044,31.07123374938965,1249000,0.0,0.0
2010-08-02,31.814794412969764,32.34477584894966,31.6724107100948,31.957178115844727,781300,0.0,0.0
2010-08-03,31.838516667718945,32.226117328764296,31.435098281119103,31.878067016601562,639100,0.0,0.0
2010-08-04,32.11537563773223,32.336863047181104,31.427189835959,32.30522155761719,626400,0.0,0.0
2010-08-05,31.893888904458496,32.08373481040691,31.5458415973011,31.933439254760742,401500,0.0,0.0
2010-08-06,31.482559658395555,32.77192163964911,31.482559658395555,32.74028015136719,1061200,0.0,0.0
2010-08-09,33.10415714990033,33.24654086810414,32.147024502251895,32.25776672363281,840200,0.0,0.0
2010-08-10,31.617032531935276,32.1153723630091,31.355994795898134,31.92552947998047,852600,0.0,0.0
2010-08-11,30.976310221358172,31.24525685677466,30.41468734129683,30.47005844116211,861900,0.0,0.0
2010-08-12,29.96379826968986,30.97630154653333,29.734402053061952,30.81018829345703,963200,0.0,0.0
2010-08-13,30.75482086000711,30.82601269370497,30.28811950965406,30.343490600585938,428500,0.0,0.0
2010-08-16,30.280225924420932,30.889311310170775,30.106203683849525,30.72319793701172,957500,0.0,0.0
2010-08-17,31.237357061666852,31.656596373073913,30.762743616819712,31.450929641723633,703000,0.0,0.0
2010-08-18,31.054415821344463,32.02189348625478,30.85616239985347,31.768129348754883,708100,0.1,0.0
2010-08-19,31.5540122191283,32.30737575248462,30.92753074217149,31.046483993530273,702100,0.0,0.0
2010-08-20,30.84823263983757,30.84823263983757,30.007637069678662,30.515165328979492,655700,0.0,0.0
2010-08-23,30.713410489300067,30.792713649192915,29.563540384256783,29.57940101623535,938300,0.0,0.0
2010-08-24,28.944983943476284,29.222537373987965,28.50882725619843,28.516756057739258,948700,0.0,0.0
2010-08-25,28.247135828746853,28.968777885590917,27.422404210286476,28.86568832397461,1702800,0.0,0.0
2010-08-26,29.048092640465715,29.642852914696586,28.794328498802454,28.88155746459961,1189600,0.0,0.0
2010-08-27,29.254280156916025,30.58654365391971,28.786401868978924,30.18210792541504,1316000,0.0,0.0
2010-08-30,29.793516560872394,30.094862533936112,29.111524475831214,29.151174545288086,711100,0.0,0.0
2010-08-31,29.111524942944342,30.063141750710493,29.040153606734222,29.539752960205078,691600,0.0,0.0
2010-09-01,30.150373402634223,31.58572891570501,30.150373402634223,31.54607582092285,697600,0.0,0.0
2010-09-02,31.442996501835243,31.926732349849527,31.04648962552008,31.60159683227539,746800,0.0,0.0
2010-09-03,32.243932990812716,32.33909377618364,31.80777611399691,32.17256164550781,439700,0.0,0.0
2010-09-07,31.91878911252188,32.45010663451794,31.65709324041801,31.839488983154297,665600,0.0,0.0
2010-09-08,31.950519896607357,32.902136858161334,31.93465926098565,32.38667678833008,725700,0.0,0.0
2010-09-09,32.85455304646094,32.9338531948649,31.895007335281942,32.11705017089844,765600,0.0,0.0
2010-09-10,32.14876828671065,32.53734321092276,31.89500420658253,32.21220779418945,442100,0.0,0.0
2010-09-13,32.67215132002053,33.17967939079969,32.67215132002053,32.74352264404297,545200,0.0,0.0
2010-09-14,32.489773754014564,33.04488094950562,32.00603489070894,32.52149200439453,539400,0.0,0.0
2010-09-15,32.09326811542809,32.370821723808334,31.720550676939666,32.19635772705078,785900,0.0,0.0
2010-09-16,32.0060255073817,32.529414299048916,31.958443608100517,32.25185775756836,646400,0.0,0.0
2010-09-17,32.458051594831694,32.473912232143526,31.69675915450732,31.99810218811035,1320100,0.0,0.0
2010-09-20,32.06154798890287,32.06154798890287,31.371626833959258,31.625391006469727,1172700,0.0,0.0
2010-09-21,31.466785819376973,32.50563492016847,31.244742937571036,31.863292694091797,869100,0.0,0.0
2010-09-22,31.79984323829132,32.85455274810525,31.79984323829132,32.458045959472656,858800,0.0,0.0
2010-09-23,32.06153377649424,32.71180455843524,31.79983788797577,31.855348587036133,747300,0.0,0.0
2010-09-24,32.33909118144292,33.306568667926314,32.33909118144292,33.16382598876953,613000,0.0,0.0
2010-09-27,33.15590541371116,33.290716296871175,32.45012064710178,32.52149200439453,802900,0.0,0.0
2010-09-28,32.465972187131094,32.751457536302524,31.680890502016133,32.63250732421875,861100,0.0,0.0
2010-09-29,32.53734634356769,32.95764559964464,32.42632492596098,32.65629959106445,705600,0.0,0.0
2010-09-30,33.10831327088485,33.38586678287366,32.39459991847591,32.9338493347168,1070600,0.0,0.0
2010-10-01,33.54447685874281,33.73480146618005,33.11624876083929,33.457244873046875,731200,0.0,0.0
2010-10-04,33.40966831261578,33.48103966722801,32.43426181632006,32.84662628173828,783000,0.0,0.0
2010-10-05,33.25104914484086,33.79822725310673,33.06072461473208,33.528602600097656,621000,0.0,0.0
2010-10-06,33.520683877806185,34.08372278498387,33.45724134032361,33.877540588378906,469200,0.0,0.0
2010-10-07,34.099578424288325,34.099578424288325,32.98935838182714,33.663421630859375,598800,0.0,0.0
2010-10-08,33.679284961776204,34.89259467211334,33.679284961776204,34.805362701416016,640200,0.0,0.0
2010-10-11,34.805369356007226,35.00362277273099,34.385073080587105,34.551605224609375,583500,0.0,0.0
2010-10-12,34.40887107140785,34.52782436103876,33.61585720748932,34.289920806884766,615600,0.0,0.0
2010-10-13,34.670563878690615,34.77365349334844,34.31370706804707,34.38507843017578,615600,0.0,0.0
2010-10-14,34.31370118298699,34.57539411583824,33.91719435585533,34.19474792480469,623400,0.0,0.0
2010-10-15,34.54367730647845,34.567466749062234,33.17969279634139,34.067867279052734,716200,0.0,0.0
2010-10-18,34.09165574165646,34.400930559340644,33.77444909397141,34.36920928955078,499900,0.0,0.0
2010-10-19,33.560329681500846,34.099579081070466,33.07659098261284,33.21933364868164,669300,0.0,0.0
2010-10-20,33.465170208118465,34.186812370024604,33.3303563404535,33.67135238647461,732600,0.0,0.0
2010-10-21,31.641250021639344,33.108324257748095,31.442996582970196,32.799049377441406,2947700,0.0,0.0
2010-10-22,32.78317733903276,32.838688040547765,31.561935855489967,32.5373420715332,1157200,0.0,0.0
2010-10-25,32.925923052546636,33.23519785390815,32.6800877623099,33.02108383178711,942800,0.0,0.0
2010-10-26,32.719733248489476,32.89419717356413,32.31529772457829,32.42631912231445,876800,0.0,0.0
2010-10-27,32.09326206081011,32.60871909700135,31.839497945277564,32.5294189453125,882900,0.0,0.0
2010-10-28,32.78318702347393,33.26692587252511,32.35495889233611,32.48977279663086,374200,0.0,0.0
2010-10-29,32.4183859347622,33.39379197238333,32.394593477674796,33.18760681152344,634100,0.0,0.0
2010-11-01,33.37002208474555,34.09959332713494,33.12418671823213,33.58413314819336,825400,0.0,0.0
2010-11-02,34.01235963315722,34.8053733920095,33.96478074369483,34.74986267089844,842900,0.0,0.0
2010-11-03,34.8212347158527,35.39220560150351,34.504027996022806,35.30497360229492,954600,0.0,0.0
2010-11-04,36.07418493650875,37.0020092663524,35.93144226651644,36.4706916809082,972100,0.0,0.0
2010-11-05,36.53413577505175,36.98615327842468,36.25658222915847,36.526206970214844,748600,0.0,0.0
2010-11-08,36.39138708734672,36.92270767702464,36.35173701948569,36.91477584838867,401700,0.0,0.0
2010-11-09,38.07257979032214,38.07257979032214,36.431041958570326,36.629295349121094,1021100,0.0,0.0
2010-11-10,36.75617867239261,37.42231020874198,36.296232363424124,37.30335998535156,976800,0.0,0.0
2010-11-11,36.883058445411685,37.596771842055325,36.883058445411685,37.13682556152344,679700,0.0,0.0
2010-11-12,36.87512149063707,36.95442161713371,35.97108673810937,36.2169189453125,797800,0.0,0.0
2010-11-15,36.55792497869013,37.009942479145316,36.2407213604463,36.32795333862305,684500,0.0,0.0
2010-11-16,35.955239337708335,35.98696061002137,34.9163903577593,35.154296875,741000,0.0,0.0
2010-11-17,35.217727799149614,35.590445095093386,34.7974316314556,34.9163818359375,961900,0.0,0.0
2010-11-18,35.590446147365604,35.97902106197725,35.06705736689433,35.17014694213867,846900,0.0,0.0
2010-11-19,34.99568981745313,36.05832812609319,34.59125120123349,35.93144607543945,601600,0.0,0.0
2010-11-22,35.75697257724136,36.0345260436169,35.130491295872694,35.9790153503418,609400,0.0,0.0
2010-11-23,35.31289783367022,35.511151251600296,34.94811227070459,35.24945831298828,357400,0.0,0.0
2010-11-24,35.56665603920662,35.6935380845319,35.146359831274125,35.28117370605469,672500,0.0,0.0
2010-11-26,34.96397257949348,35.1939472681629,34.63090526743655,35.09085464477539,284400,0.0,0.0
2010-11-29,34.8450090563684,34.93224101776351,34.02027738751047,34.765708923339844,748500,0.0,0.0
2010-11-30,34.37714145903171,36.04247198470857,34.20268050832607,35.24945831298828,796200,0.0,0.0
2010-12-01,35.932980298720196,37.061600169006745,35.90118750644676,37.03775405883789,1152600,0.1,0.0
2010-12-02,37.093398750340505,38.34124037243137,37.093398750340505,38.3173942565918,945800,0.0,0.0
2010-12-03,38.12663578791061,39.382420807346506,37.99151793198765,39.358577728271484,936500,0.0,0.0
2010-12-06,39.09629625640177,39.7400867532993,39.09629625640177,39.53343963623047,823900,0.0,0.0
2010-12-07,40.137483631435344,40.68589568262831,39.48574651601378,39.52548599243164,915900,0.0,0.0
2010-12-08,39.54137425581113,40.26464349278104,38.897583955328294,38.9691162109375,648700,0.0,0.0
2010-12-09,39.29499872479522,39.62086733176807,38.79427578876525,39.27910232543945,543400,0.0,0.0
2010-12-10,39.29499214150123,39.68444628064988,38.94528051004782,39.358577728271484,583900,0.0,0.0
2010-12-13,39.74008787005346,39.9864775063419,39.35858339033231,39.50164794921875,612500,0.0,0.0
2010-12-14,39.565219484181995,39.77186958138113,39.07244338089729,39.30293655395508,492200,0.0,0.0
2010-12-15,39.13605160197745,39.60498490071354,38.57968959860647,38.74659729003906,680400,0.0,0.0
2010-12-16,38.88169235010055,39.54932580736615,38.88169235010055,39.509586334228516,1362000,0.0,0.0
2010-12-17,39.48574811274547,40.05800629847239,39.37447636150475,39.589073181152344,1959800,0.0,0.0
2010-12-20,39.95468272566731,40.32824050332533,39.35063172213827,39.644710540771484,952500,0.0,0.0
2010-12-21,39.80367990049066,40.78923254110914,39.68445840483634,40.542842864990234,919400,0.0,0.0
2010-12-22,40.5746391045615,41.31380516359339,40.542846298770506,41.11510467529297,766100,0.0,0.0
2010-12-23,41.10713652359812,41.202511859237106,40.50308565672099,40.701786041259766,420300,0.0,0.0
2010-12-27,40.59051568834666,40.69384074075249,40.1215826436462,40.57461929321289,150600,0.0,0.0
2010-12-28,40.63820487374797,40.94022728550753,40.32823274845785,40.57461929321289,246500,0.0,0.0
2010-12-29,40.614362126515346,41.091244924215395,40.60641544425444,40.77332305908203,250600,0.0,0.0
2010-12-30,40.757421906376436,41.274044118948154,40.67794296533183,40.701786041259766,259700,0.0,0.0
2010-12-31,40.66999667913101,40.940229346152,40.52693517958108,40.61436080932617,367200,0.0,0.0
2011-01-03,41.0991917428455,41.72708576100709,41.03560918876442,41.250205993652344,360600,0.0,0.0
2011-01-04,41.282002399567595,41.71914579392186,40.32029299584442,40.99587631225586,391700,0.0,0.0
2011-01-05,40.74948292282775,41.98937464806537,40.32823899824715,41.82246398925781,770200,0.0,0.0
2011-01-06,41.82246834829862,42.513948072176234,41.576081739680106,42.100650787353516,759900,0.0,0.0
2011-01-07,42.037059430676464,42.680849868583486,41.353529516043075,41.774776458740234,1317600,0.0,0.0
2011-01-10,41.59993201384904,42.506005704467086,41.46481411279567,42.01322937011719,630400,0.0,0.0
2011-01-11,42.4106191165666,42.76033077240843,41.973478788782344,42.2755012512207,758700,0.0,0.0
2011-01-12,42.75238707650238,43.07030595895431,42.386778997315034,42.68085479736328,560800,0.0,0.0
2011-01-13,42.62521059014853,42.83185767177663,42.14832781173928,42.2198600769043,634900,0.0,0.0
2011-01-14,42.36293995540945,42.89545879610993,42.06091438951856,42.402679443359375,848100,0.0,0.0
2011-01-18,42.6252113304263,43.1497802734375,42.55367906401898,43.1497802734375,979600,0.0,0.0
2011-01-19,43.14978741163494,43.50744880283889,41.560183923553446,41.576080322265625,1461000,0.0,0.0
2011-01-20,41.28995194705498,41.67145642717975,41.051512025968016,41.45685958862305,1058200,0.0,0.0
2011-01-21,41.9893740154325,42.339085661520315,40.63821055929904,40.717689514160156,615500,0.0,0.0
2011-01-24,40.86076228729364,41.512499550575356,40.757437199623595,41.17868423461914,716800,0.0,0.0
2011-01-25,41.01176657820456,41.36148126724362,40.11364283863832,41.345584869384766,622000,0.0,0.0
2011-01-26,41.57607432346796,42.911341303351854,41.57607432346796,42.75238037109375,1364100,0.0,0.0
2011-01-27,42.68880759809229,42.77623628867158,41.70325497975672,42.442420959472656,495300,0.0,0.0
2011-01-28,42.490088290957424,42.839802898210735,41.40915774476934,41.480690002441406,479400,0.0,0.0
2011-01-31,41.79067004356626,42.08474578986522,41.53633073939192,41.560176849365234,1016300,0.0,0.0
2011-02-01,42.11655646873822,43.118005587033544,42.11655646873822,42.7126579284668,970900,0.0,0.0
2011-02-02,42.736486100136645,43.75383126610111,42.67290051129999,43.4438591003418,652700,0.0,0.0
2011-02-03,43.53923269227268,44.03201189006056,42.90339198923886,43.95252990722656,637800,0.0,0.0
2011-02-04,44.15918116724177,44.270452914145665,42.83186082306379,43.74588394165039,627500,0.0,0.0
2011-02-07,43.78562871706707,44.49300179250047,43.62666775999788,43.8015251159668,693000,0.0,0.0
2011-02-08,43.968415393780944,44.59630925869403,43.33257484852012,44.508880615234375,837100,0.0,0.0
2011-02-09,44.27044732880828,44.70758757874835,43.928682416763216,44.25455093383789,1510200,0.0,0.0
2011-02-10,43.89689374975058,44.651955906161504,43.833311195824486,44.04790496826172,831900,0.0,0.0
2011-02-11,43.841260579532914,43.88100005717637,43.181576761253716,43.61076736450195,1167600,0.0,0.0
2011-02-14,43.515391370928,44.46915397996403,43.515391370928,44.3817253112793,756900,0.0,0.0
2011-02-15,44.34993089915667,44.82681370224382,43.682297400376775,43.849205017089844,758500,0.0,0.0
2011-02-16,44.119437278642124,45.19242130149409,44.024061931697815,44.98577117919922,1548000,0.0,0.0
2011-02-17,44.85066724239866,46.352842207045676,44.51684889918357,46.31310272216797,1182600,0.0,0.0
2011-02-18,46.527696115401106,47.648366484330865,46.2415669944951,46.40052795410156,1182400,0.0,0.0
2011-02-22,45.82826371504342,46.67870125092942,44.2386603908561,44.29429626464844,866500,0.0,0.0
2011-02-23,44.318135725648034,44.71553652424646,42.625210506606535,43.261051177978516,1040900,0.0,0.0
2011-02-24,43.45180878550791,44.556585728426874,42.784178248156195,43.380279541015625,578000,0.0,0.0
2011-02-25,43.5312923985276,43.833317913766244,43.16568431961812,43.8015251159668,542700,0.0,0.0
2011-02-28,44.16711861039198,44.65989468585094,43.3961601939389,43.97636795043945,510000,0.0,0.0
2011-03-01,44.2307099452327,44.50094260863086,42.46624943528428,42.60931396484375,990200,0.0,0.0
2011-03-02,42.80050405773166,43.81216719208747,42.6969471753423,42.912025451660156,706100,0.12,0.0
2011-03-03,43.62098424606668,45.007043196595966,43.62098424606668,44.9512825012207,866400,0.0,0.0
2011-03-04,44.9353400359447,45.00703277607523,44.02723402011084,44.49721908569336,620800,0.0,0.0
2011-03-07,44.79196694745655,44.92738795571391,42.97575441333059,43.182865142822266,526000,0.0,0.0
2011-03-08,43.174892955393936,43.724535324917646,42.41813685446968,43.15099334716797,639800,0.0,0.0
2011-03-09,43.07133391589615,43.27048008826065,42.019842368909934,42.56948471069336,548700,0.0,0.0
2011-03-10,41.6534148139393,41.83662893082682,40.880726680289314,41.18342971801758,541000,0.0,0.0
2011-03-11,40.944464023271635,42.64915517926641,40.85683920032664,42.29069137573242,379300,0.0,0.0
2011-03-14,41.987985720259026,42.63322052742775,41.35868297436076,42.06764602661133,404500,0.0,0.0
2011-03-15,40.58600258414459,42.43407936921583,40.386856352660786,42.11544418334961,541900,0.0,0.0
2011-03-16,42.11543181960399,42.85625582633989,40.90462272298973,41.34274673461914,892000,0.0,0.0
2011-03-17,42.21898829423998,43.01557297903696,41.95611388966685,42.003910064697266,569100,0.0,0.0
2011-03-18,42.712868509185306,42.84032193291037,41.462230839280174,41.693241119384766,1299800,0.0,0.0
2011-03-21,42.298650417235336,42.95981724032965,41.95611872023728,42.904056549072266,476400,0.0,0.0
2011-03-22,42.95980654156077,43.4058949992551,42.67303560723792,43.14302062988281,686000,0.0,0.0
2011-03-23,42.912031996475065,44.011320119072,42.912031996475065,43.660823822021484,289100,0.0,0.0
2011-03-24,44.122822812280646,44.9592360782196,43.812155288251546,44.65653610229492,490200,0.0,0.0
2011-03-25,45.15839130824735,45.62041195176043,44.75213439647712,45.102630615234375,526600,0.0,0.0
2011-03-28,45.39735582296453,45.54870579679408,44.77601779419646,45.150413513183594,668600,0.0,0.0
2011-03-29,45.150434507522,45.62041974226828,44.71231339957589,45.50093078613281,478600,0.0,0.0
2011-03-30,46.05852606288757,46.68782869086352,45.28583794907586,46.59223937988281,693500,0.0,0.0
2011-03-31,46.60021057419844,46.775460201742824,45.96294334503229,46.026668548583984,772400,0.0,0.0
2011-04-01,46.448853794837724,46.89493927094786,46.02666184800997,46.52851104736328,497900,0.0,0.0
2011-04-04,46.751560428416724,47.46052344704111,46.63207453265047,47.3489990234375,440900,0.0,0.0
2011-04-05,47.30121236440773,48.27304387918513,47.1418947761512,47.834922790527344,877900,0.0,0.0
2011-04-06,48.18541281280213,48.27303458267512,46.89494333130241,46.95867156982422,520000,0.0,0.0
2011-04-07,46.918833062434054,47.3011932968788,46.241734344970816,46.37715530395508,527200,0.0,0.0
2011-04-08,46.7037680295239,46.91087874205561,45.44516257737541,45.73193359375,481800,0.0,0.0
2011-04-11,45.835488900120104,46.09039578623034,44.56095143083914,44.99110794067383,426300,0.0,0.0
2011-04-12,44.36180615285233,44.91941611726479,44.027241997442765,44.10689926147461,593800,0.0,0.0
2011-04-13,44.40164159573482,44.568923687651036,43.063378782944895,43.740474700927734,553700,0.0,0.0
2011-04-14,43.46963002825264,44.26621478675275,43.3660731588033,43.58911895751953,586300,0.0,0.0
2011-04-15,43.660811144862606,44.21045352720409,43.278450830355965,44.01927185058594,462400,0.0,0.0
2011-04-18,43.35810962858508,43.37404168876287,42.53762828117241,42.904056549072266,463500,0.0,0.0
2011-04-19,43.166937680408445,43.93962606027813,43.166937680408445,43.88386535644531,476200,0.0,0.0
2011-04-20,44.600767918183024,45.214135314962235,44.47331451851441,44.959228515625,538300,0.0,0.0
2011-04-21,45.38940488894721,45.47702970961042,44.60875209198508,45.094669342041016,294500,0.0,0.0
2011-04-25,45.134495266813595,45.277880775882785,44.425535271265886,44.776031494140625,317500,0.0,0.0
2011-04-26,44.91145315896325,45.27788144814509,44.55298938096799,44.84772491455078,409300,0.0,0.0
2011-04-27,44.999081201335784,45.389406090787,44.290118105711244,45.14246368408203,813200,0.0,0.0
2011-04-28,45.38941962881068,46.17804023214796,44.823844924702215,45.25400161743164,633600,0.0,0.0
2011-04-29,45.238054859720805,45.42126901259385,44.53705933314519,45.094669342041016,565000,0.0,0.0
2011-05-02,45.238052570428025,45.309745325639874,43.796232955047486,43.91572189331055,405300,0.0,0.0
2011-05-03,43.99538040161133,44.25028730762035,43.46167001675808,43.99538040161133,700200,0.0,0.0
2011-05-04,43.94758127008036,43.94758127008036,42.23492580010379,42.77660369873047,613300,0.0,0.0
2011-05-05,41.987983034970185,43.095235393249396,41.59765819436157,41.916290283203125,595700,0.0,0.0
2011-05-06,42.545592322931526,43.12709883872715,41.27105791005478,41.70917892456055,1114200,0.0,0.0
2011-05-09,41.74104847059179,43.33421821315285,41.74104847059179,43.182865142822266,566900,0.0,0.0
2011-05-10,43.35811175909183,43.684711411960365,42.64118420951215,43.65284729003906,466900,0.0,0.0
2011-05-11,43.46963392700792,43.46963392700792,41.725114243370854,41.868499755859375,747000,0.0,0.0
2011-05-12,41.024122390667635,42.05968215394815,40.82497616547022,41.470211029052734,1168400,0.0,0.0
2011-05-13,41.51003429845503,41.61359117301065,40.4904067296916,40.7293815612793,714300,0.0,0.0
2011-05-16,40.45853694922143,42.043738773377676,40.131937349365415,40.8807258605957,689600,0.0,0.0
2011-05-17,40.70547495903019,41.29494894517376,40.46650016849119,40.90462112426758,486600,0.0,0.0
2011-05-18,40.90462348410263,41.70917573976565,40.74530897370514,41.61358642578125,472800,0.0,0.0
2011-05-19,41.90035480824271,41.90035480824271,40.74530940207016,41.390541076660156,620600,0.0,0.0
2011-05-20,41.247154087023546,41.43036820023746,40.68157968900717,40.8807258605957,596800,0.0,0.0
2011-05-23,39.892972283385724,40.593964790504394,39.80534746031335,40.13991165161133,563300,0.0,0.0
2011-05-24,40.45853220024725,41.14359543629661,40.283282617426515,40.37887191772461,412800,0.0,0.0
2011-05-25,40.33905666923757,40.78514528306672,40.20363870214823,40.56209945678711,534400,0.0,0.0
2011-05-26,40.46650237317623,40.506331000647776,39.7894065899715,40.19566345214844,1071800,0.0,0.0
2011-05-27,40.55414072339052,40.896672503776806,40.34702996811836,40.609901428222656,397800,0.0,0.0
2011-05-31,41.263091924696916,41.51799881693408,40.187703662991986,41.032081604003906,616100,0.0,0.0
2011-06-01,40.76859239734524,41.02409448850632,39.17968591247617,39.32340621948242,803400,0.12,0.0
2011-06-02,39.29148577878462,40.30551150228878,39.051952838814906,39.275516510009766,878700,0.0,0.0
2011-06-03,38.596820238719694,39.08387203493257,37.87023562107469,37.958065032958984,992300,0.0,0.0
2011-06-06,37.966056094700754,38.293418396602426,37.15164189454461,37.215518951416016,898800,0.0,0.0
2011-06-07,37.622723728283376,38.26147905428148,37.263422905588925,37.694583892822266,748400,0.0,0.0
2011-06-08,37.4550396714866,37.68658935878517,37.14364673482805,37.343257904052734,849000,0.0,0.0
2011-06-09,37.494961092061345,37.950074311750214,37.22348978156055,37.60674285888672,621400,0.0,0.0
2011-06-10,37.41512963372698,38.50101521792415,37.319317095658306,38.28543472290039,1448300,0.0,0.0
2011-06-13,38.34131863022056,38.34131863022056,36.93605411435629,37.327293395996094,810900,0.0,0.0
2011-06-14,37.82233819440212,38.66070482187606,37.774433444494186,38.38923645019531,755000,0.0,0.0
2011-06-15,38.0059806603215,38.78047328251295,37.52691488018147,37.67063522338867,804900,0.0,0.0
2011-06-16,37.846283542651946,38.44511712373299,37.09574350503564,37.65465545654297,1023700,0.0,0.0
2011-06-17,38.10976278627537,38.10976278627537,37.15961474909087,37.598758697509766,1205200,0.0,0.0
2011-06-20,37.447062891912516,38.22155228820071,37.3272949518119,38.01395797729492,714500,0.0,0.0
2011-06-21,38.42116466740577,39.17170476280677,38.34930451031047,38.940155029296875,562400,0.0,0.0
2011-06-22,38.876288020877986,39.23558889915019,38.62877200704411,38.69264602661133,933200,0.0,0.0
2011-06-23,38.02194651942514,38.86031308247482,37.42311282498599,38.788455963134766,877700,0.0,0.0
2011-06-24,38.80441175237093,39.09185233578217,37.982014674363654,38.3812370300293,934100,0.0,0.0
2011-06-27,38.35728386970012,38.485034899036826,37.878215225318876,38.06984329223633,464500,0.0,0.0
2011-06-28,38.38124586755548,39.099847491546186,38.30938570515641,38.95612716674805,494400,0.0,0.0
2011-06-29,39.20364822408779,39.9222499413627,39.10783567705979,39.55496597290039,735500,0.0,0.0
2011-06-30,39.57891088349439,40.09790125317927,39.51503687946454,39.64278793334961,1124300,0.0,0.0
2011-07-01,39.65875213805304,40.03402217235116,39.13976484052236,39.962162017822266,1178300,0.0,0.0
2011-07-05,39.83440604464422,39.83440604464422,39.07588296192989,39.1237907409668,1376700,0.0,0.0
2011-07-06,39.19566591375825,39.32341699434338,38.62877068402586,39.01202392578125,1067100,0.0,0.0
2011-07-07,39.55496050146463,39.75457172356024,39.411240177889745,39.634803771972656,1252000,0.0,0.0
2011-07-08,39.12379750844936,39.634801723268474,38.92418629667156,39.57891082763672,887500,0.0,0.0
2011-07-11,38.94015380257644,39.171703528791895,38.56488376669796,38.84434127807617,923400,0.0,0.0
2011-07-12,38.708613981884056,39.12380575539966,38.548924369635586,38.572879791259766,417900,0.0,0.0
2011-07-13,38.85232649244942,39.92224271915581,38.70062306661377,38.86030960083008,670600,0.0,0.0
2011-07-14,39.0679043240816,39.45914057058388,38.47705383167025,38.58085250854492,970300,0.0,0.0
2011-07-15,38.66868542833401,39.283488345809,38.32535388940868,39.2595329284668,873200,0.0,0.0
2011-07-18,39.211624267945034,39.45914020442409,38.66069541149774,38.82038497924805,765100,0.0,0.0
2011-07-19,39.435188868195304,39.6827078569826,39.32340708158983,39.65875244140625,730500,0.0,0.0
2011-07-20,39.69867370843493,39.69867370843493,39.283482075406546,39.48309326171875,519500,0.0,0.0
2011-07-21,39.666751848193236,40.22566401378299,39.5070622229067,40.16977310180664,707600,0.0,0.0
2011-07-22,40.12183988301898,40.377341903284695,39.99408887288612,40.265560150146484,365800,0.0,0.0
2011-07-25,39.826441473479775,40.409306016823315,39.73062587081209,40.16977310180664,598300,0.0,0.0
2011-07-26,40.04201829305819,40.04201829305819,39.17969622406858,39.251556396484375,792400,0.0,0.0
2011-07-27,38.956121411726286,39.131777191554356,37.56682615919458,37.67860794067383,826400,0.0,0.0
2011-07-28,37.52691488018147,38.932176735531236,37.40714691223349,37.67063522338867,1162100,0.0,0.0
2011-07-29,37.087762076404296,37.806360578737255,36.568771730976124,37.534889221191406,652000,0.0,0.0
2011-08-01,38.06984975090833,38.237522434266815,36.6885405600414,37.143653869628906,702700,0.0,0.0
2011-08-02,36.77636765698978,37.52690465356402,36.53683178637076,36.560787200927734,1049000,0.0,0.0
2011-08-03,36.632654727184686,36.76040579584635,35.1874682882162,36.449012756347656,852600,0.0,0.0
2011-08-04,35.45895081774927,36.00987690315465,34.301204681396484,34.301204681396484,1445900,0.0,0.0
2011-08-05,34.84412826283957,35.2832722644123,32.60050047367118,33.88599395751953,1279400,0.0,0.0
2011-08-08,32.616463112870555,32.9118898297944,29.774002075195312,29.774002075195312,2549200,0.0,0.0
2011-08-09,30.6203571219834,31.69825943864211,29.510519327880345,31.69027328491211,1483900,0.0,0.0
2011-08-10,30.843932120432356,32.53663471795867,30.14928275677198,30.796024322509766,2252600,0.0,0.0
2011-08-11,31.08346040874632,32.568568420020085,30.109356649561246,32.19329833984375,1397000,0.0,0.0
2011-08-12,32.576547593177516,33.00770852097128,32.217246820016044,32.54460906982422,523600,0.0,0.0
2011-08-15,32.91988118921059,33.119492404070584,32.76019160815752,33.07957077026367,413800,0.0,0.0
2011-08-16,32.52065593782885,33.24724057504392,32.313061632549605,32.648406982421875,805700,0.0,0.0
2011-08-17,32.65641820946752,33.19295243295829,32.11187738030841,32.30406951904297,475800,0.12,0.0
2011-08-18,31.214986160770334,31.214986160770334,29.421207219291425,29.989770889282227,1044100,0.0,0.0
2011-08-19,29.59737338030936,31.110874976890358,29.549327650125555,29.861637115478516,964700,0.0,0.0
2011-08-22,30.830611192738026,30.918699142055242,29.397187237899878,29.525314331054688,533100,0.0,0.0
2011-08-23,29.637414719752996,30.438209533691406,29.4612419379436,30.438209533691406,535400,0.0,0.0
2011-08-24,30.414193734405604,30.89467256729539,29.949734222881688,30.766542434692383,312300,0.0,0.0
2011-08-25,31.08686467029491,31.24702429678464,29.853639517552015,30.04583168029785,409600,0.0,0.0
2011-08-26,29.749531702816967,31.31908897081312,29.421205916605626,31.150922775268555,412500,0.0,0.0
2011-08-29,31.815583163116937,32.784544324528724,31.63940729566377,32.72848892211914,380300,0.0,0.0
2011-08-30,32.11187959524109,33.16092218799505,32.00777844042026,32.80056381225586,505800,0.0,0.0
2011-08-31,34.570311207250505,34.954695412336164,32.89665295180801,33.1849365234375,1464000,0.0,0.0
2011-09-01,33.184934919025444,33.53728658085363,32.440195521711836,32.496253967285156,406600,0.0,0.0
2011-09-02,31.583352498019725,32.37614086194917,30.77455092291548,31.062837600708008,301000,0.0,0.0
2011-09-06,30.02981047837369,30.982755364496246,29.31710346512007,30.894670486450195,999400,0.0,0.0
2011-09-07,31.63941085629441,32.472238435519046,31.63941085629441,32.25602340698242,553200,0.0,0.0
2011-09-08,31.919676903922497,32.360113373454745,31.671429449740277,31.81557273864746,452500,0.0,0.0
2011-09-09,31.415178650232104,31.711471861580236,30.630400137467817,30.830598831176758,515300,0.0,0.0
2011-09-12,30.430201443758875,31.271035346378497,30.053826922053386,30.830598831176758,574000,0.0,0.0
2011-09-13,31.02279507484714,31.983746489478897,30.4061826490914,31.855619430541992,855800,0.0,0.0
2011-09-14,32.14390983760691,32.74450606941509,31.24702032011469,32.34410858154297,715900,0.0,0.0
2011-09-15,32.68845083677813,32.96872785784105,32.29606300729004,32.81657791137695,545900,0.0,0.0
2011-09-16,32.968719959664426,33.20095118136216,32.10386317701004,32.496253967285156,631500,0.0,0.0
2011-09-19,31.695457713622503,31.839597958408593,31.038803207339278,31.679441452026367,613400,0.0,0.0
2011-09-20,31.743508570213557,31.95972355449584,30.5102837212509,30.518293380737305,456500,0.0,0.0
2011-09-21,30.41417373892607,30.41417373892607,29.140910403787032,29.1489200592041,539900,0.0,0.0
2011-09-22,28.02782276835115,28.2120052371112,26.22603416181429,26.970773696899414,796100,0.0,0.0
2011-09-23,26.60240396223753,27.867658144843624,26.60240396223753,27.371166229248047,461500,0.0,0.0
2011-09-26,28.17196909249441,28.412206987915866,26.730538665175093,28.356151580810547,459200,0.0,0.0
2011-09-27,29.277068120621458,30.98275937725833,29.18898017637632,29.95774269104004,797300,0.0,0.0
2011-09-28,30.0298113031306,30.1098895780228,27.843641406837538,28.059856414794922,773200,0.0,0.0
2011-09-29,28.90067966783842,29.092871732116233,27.379168577905855,28.268051147460938,501700,0.0,0.0
2011-09-30,27.57937701598095,27.995790757125093,27.16296327483681,27.235034942626953,422600,0.0,0.0
2011-10-03,26.946753053125615,27.443245099280553,25.44926572655873,25.657472610473633,926500,0.0,0.0
2011-10-04,25.42524726408765,26.68249546709388,24.89672256126204,26.626440048217773,1200000,0.0,0.0
2011-10-05,26.618428949603622,28.956749041909607,26.16197295823551,28.764556884765625,1215700,0.0,0.0
2011-10-06,28.628424107884715,30.101887177167477,28.524319892150984,29.853639602661133,626100,0.0,0.0
2011-10-07,30.06986036286952,30.197987477849967,28.412214476338754,28.908706665039062,497500,0.0,0.0
2011-10-10,29.805589374505296,30.4222018599858,29.6854689086465,30.41419219970703,310700,0.0,0.0
2011-10-11,30.021806006109582,30.806584742462483,29.765548794746312,30.43021011352539,309500,0.0,0.0
2011-10-12,30.782552750548383,32.0157775453374,30.686458224463106,31.42319107055664,572300,0.0,0.0
2011-10-13,31.046821824598602,31.639408400708266,30.334114779250005,31.327098846435547,438200,0.0,0.0
2011-10-14,31.89566136053625,32.079843815344184,31.19896761933533,31.87163543701172,377500,0.0,0.0
2011-10-17,31.639401754599017,31.70346680601319,30.302075881620972,30.438209533691406,391300,0.0,0.0
2011-10-18,30.278047661215744,31.871627348507012,30.09386525315033,31.671428680419922,966000,0.0,0.0
2011-10-19,31.535301989777576,31.727491042738308,30.84661793129013,30.998767852783203,573400,0.0,0.0
2011-10-20,30.92670495851471,31.65542835498204,30.254036972945574,31.55933380126953,448200,0.0,0.0
2011-10-21,32.13590849389873,32.77654396843384,31.70347840304094,32.440208435058594,299400,0.0,0.0
2011-10-24,32.7364987418244,34.28203325531018,32.7364987418244,33.94569778442383,464700,0.0,0.0
2011-10-25,33.60135521919792,33.60135521919792,32.392156194191145,32.488250732421875,405800,0.0,0.0
2011-10-26,33.32108060183584,33.49725648023098,31.791562266542183,33.096858978271484,670800,0.0,0.0
2011-10-27,35.5472781906252,37.397115148637205,33.969711567712935,36.748470306396484,825200,0.0,0.0
2011-10-28,36.58030856049758,37.38911000534089,36.0758069556128,36.828556060791016,644800,0.0,0.0
2011-10-31,36.155876788196124,36.155876788196124,34.81054163902118,35.38711166381836,1016900,0.0,0.0
2011-11-01,33.4091754258294,34.5222802218934,32.99276157140418,33.76152420043945,968200,0.0,0.0
2011-11-02,34.85859134424478,35.347076586429026,34.42616453990806,35.034767150878906,929000,0.0,0.0
2011-11-03,35.62736975452726,36.075812985117395,34.54629470623234,35.835575103759766,692600,0.0,0.0
2011-11-04,35.35509095571252,36.724449303985246,35.29102590665688,36.452178955078125,844100,0.0,0.0
2011-11-07,36.53226620212662,37.06079076774581,35.57932127382867,36.22796630859375,495900,0.0,0.0
2011-11-08,36.484209889978416,37.092812555541634,35.92365295432389,36.396121978759766,548900,0.0,0.0
2011-11-09,35.08282141669047,35.387121242360486,33.96170747065331,34.22597122192383,644100,0.0,0.0
2011-11-10,34.84258397803992,35.026769489148606,34.03378249118065,34.81055450439453,654600,0.0,0.0
2011-11-11,35.46721879974559,36.684427824284526,35.30705915484473,36.243988037109375,418400,0.0,0.0
2011-11-14,36.15589160032818,36.63636732696244,35.80353988299223,36.4762077331543,548400,0.0,0.0
2011-11-15,36.21194282993923,37.38910914107308,36.0197507285434,37.06078338623047,526700,0.0,0.0
2011-11-16,36.40413339170563,36.75648508313143,35.60333853634146,35.73947525024414,807100,0.0,0.0
2011-11-17,35.73947864566324,36.26800317822432,34.33808751563717,34.64238739013672,597300,0.0,0.0
2011-11-18,34.99473762709435,35.739477126054375,34.56230764935174,35.29103088378906,752300,0.0,0.0
2011-11-21,34.250003141137675,35.29904570999197,34.250003141137675,35.06681442260742,1100800,0.0,0.0
2011-11-22,35.05078658881628,35.29903406114492,34.314053830015865,35.146881103515625,1156200,0.0,0.0
2011-11-23,34.64239152557365,34.64239152557365,33.48124118020044,33.77753448486328,744400,0.0,0.0
2011-11-25,33.72934492291069,34.23528595453595,33.61691426332857,33.817684173583984,261600,0.12,0.0
2011-11-28,35.560367904807045,36.082370931820385,35.05442990281606,35.37565994262695,714500,0.0,0.0
2011-11-29,35.55233174878907,36.05024020784346,35.04639077873886,35.56839370727539,471100,0.0,0.0
2011-11-30,37.246836172230445,39.46333472657073,37.246836172230445,39.43924331665039,1091300,0.0,0.0
2011-12-01,39.198323837585825,39.99337107730566,38.587981509885736,38.9573974609375,811600,0.0,0.0
2011-12-02,39.54365464115244,39.92110010158712,39.08589629110309,39.23848342895508,879600,0.0,0.0
2011-12-05,40.0174567003239,40.89281049627471,39.36696114158854,39.80062484741211,1081800,0.0,0.0
2011-12-06,39.7845758241823,40.51537835265003,39.10195612524678,40.041561126708984,711600,0.0,0.0
2011-12-07,39.56773774897381,40.60371131193892,38.81284392310709,40.24232482910156,794500,0.0,0.0
2011-12-08,39.69621919918199,39.92108047472012,38.242644228083776,38.60403060913086,601800,0.0,0.0
2011-12-09,38.788749282292045,39.73638358277815,38.523734571684756,39.5677375793457,454700,0.0,0.0
2011-12-12,38.49160640721667,38.77268304863578,37.47972437109663,38.065975189208984,957400,0.0,0.0
2011-12-13,38.45949179942745,38.877093670297036,36.75696345165635,37.03804016113281,592700,0.0,0.0
2011-12-14,36.73285203731357,37.21469843792006,35.85749539419151,36.69269561767578,583900,0.0,0.0
2011-12-15,37.327150152454,37.56807348889261,36.57225621467797,37.19062805175781,463100,0.0,0.0
2011-12-16,37.56003443728428,38.515698088386316,37.407450411362134,38.14628219604492,1001600,0.0,0.0
2011-12-19,38.314917099600805,38.53174890330202,36.93362262701108,37.07014465332031,526000,0.0,0.0
2011-12-20,37.74474352325991,39.455304034329686,37.74474352325991,39.01361083984375,1094800,0.0,0.0
2011-12-21,38.82087671440558,39.2786319442395,38.218566878991865,38.85300064086914,383000,0.0,0.0
2011-12-22,39.03770669951261,40.041556375745685,39.00558277463169,39.696231842041016,404100,0.0,0.0
2011-12-23,39.76047535675924,40.05761705714604,39.46333671987843,40.01746368408203,242600,0.0,0.0
2011-12-27,39.72835038965715,40.113828245535174,39.35090198215951,39.45530319213867,244300,0.0,0.0
2011-12-28,39.391048270979205,39.471358057876735,38.13824623042899,38.37916946411133,363100,0.0,0.0
2011-12-29,38.64419209304514,39.342873597755556,38.51569947094422,38.94133377075195,360300,0.0,0.0
2011-12-30,38.90117407307125,39.34287029651734,38.90117407307125,39.10194396972656,330800,0.0,0.0
2012-01-03,40.09776042071541,41.334503608800205,39.880928584089745,40.483238220214844,524300,0.0,0.0
2012-01-04,40.394909742285755,41.5914998860322,40.17004839856402,41.33451461791992,821400,0.0,0.0
2012-01-05,40.93296226691815,42.04924225916599,40.113820825875365,41.92074966430664,1170900,0.0,0.0
2012-01-06,41.84849195493839,42.62748039871921,41.06950351115757,42.450801849365234,845500,0.0,0.0
2012-01-09,42.52307417788807,43.0049208115812,41.96894717928417,42.17774963378906,461900,0.0,0.0
2012-01-10,43.00490944065709,43.76783562853445,42.852325428483766,43.117340087890625,688700,0.0,0.0
2012-01-11,43.326145880511355,43.422514576615555,42.73989812866027,43.261898040771484,542900,0.0,0.0
2012-01-12,43.42251112735916,43.936481550428574,42.723832774968244,43.82405090332031,443300,0.0,0.0
2012-01-13,43.15749478256876,43.15749478256876,42.113488955043046,43.10127639770508,414000,0.0,0.0
2012-01-17,43.71965430397841,44.13725608253879,43.181592418058074,43.647377014160156,368600,0.0,0.0
2012-01-18,43.59919986550964,44.948374075203326,43.47873667898103,44.819881439208984,359100,0.0,0.0
2012-01-19,44.89215509062312,46.0164647983391,44.8038158361478,45.01261520385742,942600,0.0,0.0
2012-01-20,44.81185126477798,44.90019053104154,43.86421687605186,44.097110748291016,846700,0.0,0.0
2012-01-23,44.24968610855231,44.55485722380944,43.36629974652535,43.59919357299805,1123300,0.0,0.0
2012-01-24,43.141438348151276,43.74374806568426,42.40260350162121,43.71162414550781,823900,0.0,0.0
2012-01-25,43.44660763905603,45.01261356202878,43.22977883044193,44.88412094116211,657500,0.0,0.0
2012-01-26,44.86002639201698,45.020642922734034,43.9123922306424,44.40227127075195,812700,0.0,0.0
2012-01-27,44.14529073133527,44.46652076335011,43.679503049180866,44.11316680908203,616000,0.0,0.0
2012-01-30,42.85232765488526,43.639345289915084,42.01712414132097,43.470699310302734,812400,0.0,0.0
2012-01-31,44.073016824082146,44.12923216059133,42.4989782113068,42.72384262084961,793000,0.0,0.0
2012-02-01,43.21371590313224,44.22559488688164,42.97278956382964,43.79193115234375,499700,0.0,0.0
2012-02-02,43.96861338575711,44.61107653029073,43.59116494805976,43.90436553955078,331000,0.0,0.0
2012-02-03,44.41030860124021,45.40612881763292,44.39424663896706,44.96443557739258,498800,0.0,0.0
2012-02-06,44.7234965921263,44.884113106048346,43.9605735121307,43.98466491699219,522800,0.0,0.0
2012-02-07,43.92846001363112,44.490616413912754,43.43858090857863,43.90436553955078,351700,0.0,0.0
2012-02-08,43.98466121976191,44.51469352669795,43.599183456854334,43.75979995727539,315700,0.0,0.0
2012-02-09,43.80798859340323,44.064973802877404,42.96475568334702,43.85617446899414,383300,0.0,0.0
2012-02-10,43.085243225097656,43.43056787017578,42.56323999969852,43.085243225097656,524200,0.0,0.0
2012-02-13,43.486760165681076,43.57509634549311,42.498969593590495,43.5028190612793,494900,0.0,0.0
2012-02-14,43.366303033920815,43.454642289521225,42.37048287556967,43.109317779541016,863400,0.0,0.0
2012-02-15,43.5028219048891,43.63131758611777,41.67983384828942,42.1456184387207,994600,0.0,0.0
2012-02-16,42.820204377300044,45.133074502006885,41.88863215621758,44.86002731323242,1397900,0.0,0.0
2012-02-17,45.17322786963433,45.26959656464132,44.44242555019469,44.86002731323242,639200,0.0,0.0
2012-02-21,45.100948137943824,46.33769140027105,45.01260889584825,45.76750564575195,709300,0.0,0.0
2012-02-22,44.99655375889048,45.85584877654349,43.06916435347964,43.374332427978516,1757200,0.0,0.0
2012-02-23,43.302057021403954,44.33803059519387,42.97279445882413,44.06498336791992,658200,0.0,0.0
2012-02-24,44.08908003491569,44.77972605494357,43.767846905618775,43.936492919921875,412500,0.0,0.0
2012-02-27,43.54297449765398,44.000729599399065,42.772015795789024,43.751773834228516,446200,0.0,0.0
2012-02-28,43.71965939676876,44.265753858229644,43.40645879224097,43.80799865722656,445700,0.0,0.0
2012-02-29,43.807995220704086,44.29117039624563,43.0671231366605,43.26039505004883,718200,0.15,0.0
2012-03-01,43.51003779973163,44.476391302134616,43.51003779973163,43.96905517578125,571300,0.0,0.0
2012-03-02,44.20258316997385,44.90318802645116,43.904625277073556,44.081790924072266,809500,0.0,0.0
2012-03-05,43.87242173963729,44.04153276159644,42.881910375650996,43.36508560180664,537300,0.0,0.0
2012-03-06,42.68863347354843,42.712794382411374,42.08466297517254,42.59199905395508,583700,0.0,0.0
2012-03-07,42.99465468612428,43.05102503153554,42.26989178571377,42.793331146240234,441800,0.0,0.0
2012-03-08,43.381194741450045,43.63083703236338,42.817488225423624,43.16376495361328,444600,0.0,0.0
2012-03-09,43.24428948425955,44.27506484673616,43.131548812982786,43.3248176574707,627000,0.0,0.0
2012-03-12,43.39730099298833,43.969059098807215,42.85775539024602,43.16376495361328,338200,0.0,0.0
2012-03-13,43.36507446015915,44.62938561331914,43.23622756149165,44.58106994628906,840200,0.0,0.0
2012-03-14,44.50859760415721,45.04814308362391,43.679145807146085,44.838768005371094,872600,0.0,0.0
2012-03-15,44.78240046485323,45.523269480793715,44.4602816315165,45.032039642333984,512500,0.0,0.0
2012-03-16,45.007891124842885,46.26415114864764,45.007891124842885,46.239990234375,1124700,0.0,0.0
2012-03-19,46.40104908803042,47.17413382379541,46.07893326408568,46.66679763793945,1417500,0.0,0.0
2012-03-20,46.046709775432454,46.368828594487596,45.144781382811864,46.078922271728516,827700,0.0,0.0
2012-03-21,46.199716571901746,46.199716571901746,45.22531155541797,45.362213134765625,567200,0.0,0.0
2012-03-22,44.50860626000224,44.669665697954926,43.64694179970163,44.31533432006836,499600,0.0,0.0
2012-03-23,44.468339428102766,45.04009747924412,43.93684546597996,45.00788497924805,421200,0.0,0.0
2012-03-26,45.67628122935588,45.67628122935588,44.72603396860192,45.442745208740234,348000,0.0,0.0
2012-03-27,45.38636670136964,45.98228249341286,45.30583546463909,45.499107360839844,403300,0.0,0.0
2012-03-28,45.37832666901111,45.37832666901111,43.88853363672925,45.10452651977539,511000,0.0,0.0
2012-03-29,44.58107510299071,45.563534738941954,44.299220367586095,45.43468475341797,424200,0.0,0.0
2012-03-30,45.90176262924499,46.08697989929002,44.838774687797674,45.483009338378906,488800,0.0,0.0
2012-04-02,45.48300861158126,46.465468357989096,45.23336634449071,45.85344314575195,672600,0.0,0.0
2012-04-03,45.84539744853917,45.84539744853917,44.242860694920424,45.01594543457031,897200,0.0,0.0
2012-04-04,44.250912911297625,44.70187565655357,43.97711278512653,44.21870040893555,542200,0.0,0.0
2012-04-05,44.04958760525948,44.71798010660838,42.761115210252285,43.051021575927734,894300,0.0,0.0
2012-04-09,42.30210733998817,43.02687341725081,42.24573698641817,42.68864822387695,592800,0.0,0.0
2012-04-10,42.688629652748446,42.857743711841465,41.319632436522646,41.47263717651367,752500,0.0,0.0
2012-04-11,42.29404783636382,42.55174171074605,41.400170865620915,41.54512405395508,728600,0.0,0.0
2012-04-12,41.690068394167994,43.47782195622867,41.690068394167994,42.7369499206543,1347000,0.0,0.0
2012-04-13,42.57589817836184,42.60005909027385,41.818922830771555,41.931663513183594,437200,0.0,0.0
2012-04-16,43.13960373288256,44.39586360687747,42.857752032925276,43.832157135009766,1226800,0.0,0.0
2012-04-17,44.22675282057989,45.78902542269209,44.14622463513123,45.225318908691406,808000,0.0,0.0
2012-04-18,44.91929820085302,45.49105927380452,44.68576527624485,44.887088775634766,477100,0.0,0.0
2012-04-19,44.89515115249378,45.03204969043902,43.72747396104269,44.00127410888672,693900,0.0,0.0
2012-04-20,44.38779921325925,44.53275236201278,43.78382878410369,43.824092864990234,359300,0.0,0.0
2012-04-23,42.8980247370176,43.38925471726145,42.430952601063204,43.30872344970703,522800,0.0,0.0
2012-04-24,43.389235410481554,44.25895120939819,43.09127446104362,43.542240142822266,417800,0.0,0.0
2012-04-25,44.339501963727706,44.80657102554783,44.009331448180355,44.56498336791992,443000,0.0,0.0
2012-04-26,44.291167865998894,45.15283215872666,41.988026645454525,44.838768005371094,758400,0.0,0.0
2012-04-27,45.764860140448455,45.98228682019867,44.70186921924914,45.362213134765625,961900,0.0,0.0
2012-04-30,44.991778729250015,45.32194917432702,44.51665510614379,45.00788497924805,632100,0.0,0.0
2012-05-01,45.05619968074715,46.191664091980975,44.96761684969405,45.241416931152344,597900,0.0,0.0
2012-05-02,44.758251545338176,45.17700181137529,44.58108584450853,45.01594543457031,430500,0.0,0.0
2012-05-03,44.99178680692509,45.418594828617984,44.27507544907855,44.379764556884766,417700,0.0,0.0
2012-05-04,44.02542458461488,44.16232617160529,42.76111316194476,42.96243667602539,512900,0.0,0.0
2012-05-07,42.70473958104054,43.18791782131649,42.35846291735959,42.906063079833984,266000,0.0,0.0
2012-05-08,42.5195312141416,42.56784996984999,41.529019761770435,42.47926712036133,547500,0.0,0.0
2012-05-09,41.57733280549699,43.09933807375037,41.19884361766252,42.43094253540039,506800,0.0,0.0
2012-05-10,42.83359394260956,43.09934248174594,41.91555912005357,42.334312438964844,414100,0.0,0.0
2012-05-11,41.88334661737886,43.212083169154106,41.76255434027869,42.334312438964844,276000,0.0,0.0
2012-05-14,41.76254703986804,42.56784103424435,41.52901104423024,42.10076904296875,426200,0.0,0.0
2012-05-15,42.01218383924865,42.447043308919895,41.287421128415865,41.440425872802734,606700,0.0,0.0
2012-05-16,41.67396092715733,42.14103288165111,39.990896488573746,40.16000747680664,787600,0.0,0.0
2012-05-17,40.31301705200079,40.659293703206906,38.82322137142844,38.91180419921875,621700,0.0,0.0
2012-05-18,39.193657254608375,39.48356358426532,37.96155842551918,38.170936584472656,606500,0.0,0.0
2012-05-21,38.331996386528814,39.6929453267358,38.195097869583044,39.60436248779297,498200,0.0,0.0
2012-05-22,39.66876994519895,40.015046513684474,38.734629290481514,39.04064178466797,599600,0.0,0.0
2012-05-23,38.48499628123744,39.74930746054991,37.92128993592463,39.66072463989258,501000,0.0,0.0
2012-05-24,39.92648190841921,39.92648190841921,38.219256249258606,38.70243453979492,562900,0.0,0.0
2012-05-25,38.59774343270692,38.84738569003821,38.3883652628283,38.65411376953125,539400,0.0,0.0
2012-05-29,39.16145806138515,40.087544554248844,39.16145806138515,39.8942756652832,400200,0.0,0.0
2012-05-30,39.14306653718276,39.231918400399195,38.61803756197686,38.86843490600586,469500,0.15,0.0
2012-05-31,38.83613201034713,38.97344630068089,37.68913986410144,38.13339614868164,478000,0.0,0.0
2012-06-01,37.03485927110005,37.76990218074491,36.96216258415575,37.22064208984375,578800,0.0,0.0
2012-06-04,37.22064209099929,37.22064209099929,36.19481243354537,37.147945404052734,802500,0.0,0.0
2012-06-05,36.921779585892104,37.44681160404296,36.671382260147006,37.35795974731445,363900,0.0,0.0
2012-06-06,37.69721548115934,38.51303441537233,37.69721548115934,38.50495529174805,410000,0.0,0.0
2012-06-07,39.135001591123796,40.112366201039706,38.933066601573394,39.256160736083984,741900,0.0,0.0
2012-06-08,39.16730422047914,39.47424312566333,38.39995079495306,39.31269454956055,699500,0.0,0.0
2012-06-11,39.7973333452934,39.82156454903884,37.88299121734757,37.91529846191406,956700,0.0,0.0
2012-06-12,38.21417225347903,38.319176212269824,37.551825843074916,38.036468505859375,585100,0.0,0.0
2012-06-13,37.6649092862916,38.1576310775674,37.36604332947265,37.64875411987305,458900,0.0,0.0
2012-06-14,37.65682951881786,38.133396135529715,37.37412181453238,37.89915084838867,478300,0.0,0.0
2012-06-15,38.060699357526126,38.61804180391043,37.73760527912874,38.4241828918457,980200,0.0,0.0
2012-06-18,38.036472499864445,38.24648352078106,37.81030631098759,37.99608612060547,437000,0.0,0.0
2012-06-19,38.2707162822297,39.983123960822844,38.2303299045865,39.708492279052734,530100,0.0,0.0
2012-06-20,39.74887094071965,40.3142893618158,39.32076987449432,39.69232940673828,413900,0.0,0.0
2012-06-21,39.6115616220367,39.6681031630907,37.97184768762214,38.00415802001953,376500,0.0,0.0
2012-06-22,38.24647913228423,38.32725496281699,37.78606768273755,38.189937591552734,439400,0.0,0.0
2012-06-25,37.50335669891469,37.63259493518064,37.20449385529018,37.454891204833984,371500,0.0,0.0
2012-06-26,37.616443351005714,38.254558551368916,37.37412202010205,38.02031326293945,333900,0.0,0.0
2012-06-27,38.2141716746842,39.02998753031431,37.753760227627524,38.91690444946289,306900,0.0,0.0
2012-06-28,38.42417129395348,39.191524505615234,38.286857045369956,39.191524505615234,440200,0.0,0.0
2012-06-29,40.01542228244021,40.79892763360847,39.94272559199345,40.79085159301758,515700,0.0,0.0
2012-07-02,41.03317716262677,41.03317716262677,40.185051072823676,40.508148193359375,485200,0.0,0.0
2012-07-03,40.677775984062926,41.800533789957015,40.61315532237675,41.44512939453125,414900,0.0,0.0
2012-07-05,41.4370494994398,42.40633783770093,41.04933478039189,41.970157623291016,490300,0.0,0.0
2012-07-06,41.34819096551842,41.7359056220567,41.0735593653102,41.259342193603516,437100,0.0,0.0
2012-07-09,41.081645906108015,41.25127052123546,40.629310517818745,40.992794036865234,364000,0.0,0.0
2012-07-10,41.800529722409266,41.800529722409266,40.34659887006021,40.726234436035156,431900,0.0,0.0
2012-07-11,40.85548403669282,41.22704363677625,40.104285712320674,40.31429672241211,342200,0.0,0.0
2012-07-12,39.999272272175766,41.84899701524873,38.24647543508945,38.81997299194336,1277900,0.0,0.0
2012-07-13,39.06229680727553,40.28198253659275,38.989600102794185,40.15274429321289,450800,0.0,0.0
2012-07-16,39.95080567607601,40.11235423578412,39.48231824233323,39.878108978271484,372300,0.0,0.0
2012-07-17,40.05581709852937,40.233520841840964,38.96536959305852,39.6115608215332,472600,0.0,0.0
2012-07-18,39.3773114008037,40.2496717785448,39.3773114008037,40.21736145019531,450200,0.0,0.0
2012-07-19,40.3465998117681,40.500069249996834,39.853878087346246,39.94272994995117,436200,0.0,0.0
2012-07-20,39.660027611050744,39.90235204457156,38.92498442986942,39.021915435791016,475100,0.0,0.0
2012-07-23,37.939536221232196,38.65842409014624,37.50335602617787,38.44841003417969,513700,0.0,0.0
2012-07-24,38.529179378372156,38.658417590591284,36.66329980075659,36.92985534667969,904300,0.0,0.0
2012-07-25,37.1560330777848,37.34181287341976,36.27559651855988,36.33213806152344,1351400,0.0,0.0
2012-07-26,37.228720511167154,39.1430626147644,37.228720511167154,38.85227584838867,1353500,0.0,0.0
2012-07-27,39.11075971172295,40.3466037033569,38.81997597144483,40.10428237915039,727300,0.0,0.0
2012-07-30,40.11235428475206,40.63738633412374,39.75694991798634,40.56468963623047,753900,0.0,0.0
2012-07-31,40.61315116550335,42.075161133043466,40.5566096329565,41.58243942260742,1092500,0.0,0.0
2012-08-01,41.80053374786725,41.94592715523201,40.91202121955612,41.2835807800293,681200,0.0,0.0
2012-08-02,40.9120098509991,41.663207886547895,39.765018076210296,40.41120910644531,526400,0.0,0.0
2012-08-03,41.332046338819524,42.099399806882715,41.03318345929619,41.6066780090332,361800,0.0,0.0
2012-08-06,41.889384533758076,42.94752164953868,41.889384533758076,42.43056869506836,336500,0.0,0.0
2012-08-07,42.67288548460473,43.278690197915196,42.567878471538585,42.73750305175781,398500,0.0,0.0
2012-08-08,42.51133719259394,43.4563910718515,42.51133719259394,42.64057540893555,300300,0.0,0.0
2012-08-09,42.519424576198126,43.31908837152401,42.317489616712926,42.85867691040039,285500,0.0,0.0
2012-08-10,42.60827618778555,43.27062260429683,42.39018606313677,43.189849853515625,211600,0.0,0.0
2012-08-13,42.97174820206959,43.07675521494429,42.00246004628355,42.648651123046875,301400,0.0,0.0
2012-08-14,42.96368459887777,43.14946440797079,42.107482268386754,42.28518295288086,277300,0.0,0.0
2012-08-15,42.1228579005693,42.47996770951732,41.87125590804128,42.34199142456055,330800,0.25,0.0
2012-08-16,42.39067441198695,43.1454770251456,42.20400323076356,42.89387512207031,171500,0.0,0.0
2012-08-17,42.96693398909488,43.25911613609641,42.74779737884374,42.97505187988281,270400,0.0,0.0
2012-08-20,42.812722504664094,43.35650346553023,42.674749340050695,43.348388671875,273400,0.0,0.0
2012-08-21,43.47825527823827,44.20059279701839,43.153607741316065,43.38897705078125,269400,0.0,0.0
2012-08-22,43.1698301814241,43.52694300649159,42.723442246157376,43.37273406982422,281700,0.0,0.0
2012-08-23,43.38896270715784,43.38896270715784,42.50430171236989,42.72343826293945,492300,0.0,0.0
2012-08-24,42.54489437403773,42.755916194132006,42.12285692598569,42.51243209838867,235400,0.0,0.0
2012-08-27,42.853310589117775,42.93447402101699,42.11474038721086,42.48808288574219,297000,0.0,0.0
2012-08-28,42.52054746024382,42.666638538851416,41.87125549758132,42.45561981201172,310700,0.0,0.0
2012-08-29,42.43938136160536,42.536774368759254,41.86313501651536,42.179664611816406,319600,0.0,0.0
2012-08-30,41.879367563626005,41.90371813918606,40.84050049106105,41.33558654785156,319100,0.0,0.0
2012-08-31,41.7738746833943,41.92808060206378,41.20574288903267,41.74140930175781,290400,0.0,0.0
2012-09-04,41.74950107480686,42.17965940409032,41.05151433096863,41.94429016113281,477800,0.0,0.0
2012-09-05,41.94429050772877,42.18777454559756,41.611528266892336,41.73326873779297,288600,0.0,0.0
2012-09-06,42.19590381911007,43.015634356847855,42.10662559205511,42.48808288574219,387100,0.0,0.0
2012-09-07,43.12113967686054,44.24928491734222,42.76402681496329,44.224937438964844,318400,0.0,0.0
2012-09-10,44.200593364514845,45.02844180783377,44.192478569218366,44.43596267700195,444400,0.0,0.0
2012-09-11,44.549584796268306,45.43424602355221,44.48465715092531,45.23945999145508,430700,0.0,0.0
2012-09-12,45.4504846506334,45.58845785006705,44.42785010826431,45.40990447998047,420300,0.0,0.0
2012-09-13,45.42612179024284,46.99253999653173,44.97161598300674,46.36759567260742,449700,0.0,0.0
2012-09-14,46.82211893948256,47.72301306043885,46.448776378242485,46.79777145385742,626200,0.0,0.0
2012-09-17,46.14846924235979,46.14846924235979,44.427844823581495,44.6307487487793,677500,0.0,0.0
2012-09-18,44.013922879978516,44.59828722571,43.15360904832588,44.27363967895508,604700,0.0,0.0
2012-09-19,44.25741195678711,44.69568526525103,43.9165347809166,44.25741195678711,381600,0.0,0.0
2012-09-20,43.67304217354231,44.2817539519147,43.048097709551804,44.16812515258789,366600,0.0,0.0
2012-09-21,44.75248782379993,44.874231413476274,43.65680790098523,43.74608612060547,688400,0.0,0.0
2012-09-24,43.437669769942815,43.81101222425703,43.08056000008591,43.35650634765625,353200,0.0,0.0
2012-09-25,43.75420032680353,43.75420032680353,41.83067206982887,41.84690475463867,596600,0.0,0.0
2012-09-26,41.83879258569736,42.64229356528781,41.189500584854244,42.220252990722656,452400,0.0,0.0
2012-09-27,42.5854814301381,43.088682352307444,41.96053690121832,43.064334869384766,443800,0.0,0.0
2012-09-28,42.73968488052723,42.73968488052723,41.82255822451039,42.48808288574219,410800,0.0,0.0
2012-10-01,42.82895623472662,42.999394770261794,41.61153281621614,41.83066940307617,732300,0.0,0.0
2012-10-02,42.13097074285812,42.33387466727875,41.53849165507804,41.871253967285156,372900,0.0,0.0
2012-10-03,41.91182583691038,42.07414956353009,41.28688150186839,41.47355270385742,323200,0.0,0.0
2012-10-04,41.76574328680333,42.544893617759115,41.69269774977196,42.31764221191406,310600,0.0,0.0
2012-10-05,42.73968079366415,42.81272632735449,41.8712522798279,42.041690826416016,352300,0.0,0.0
2012-10-08,41.5222618261034,42.285179519825064,41.47356376630774,41.879371643066406,437600,0.0,0.0
2012-10-09,41.93618837284511,42.67476174901244,41.19761809274647,41.327476501464844,655300,0.0,0.0
2012-10-10,41.270648212274075,41.34369373337466,40.410337737164504,40.67816925048828,637000,0.0,0.0
2012-10-11,40.95411817378077,41.311230982125004,40.71874893120252,41.09209442138672,746600,0.0,0.0
2012-10-12,41.10832570123778,41.35180972839831,40.35352304979298,40.85672378540039,480900,0.0,0.0
2012-10-15,40.98658427584183,41.708921602362096,40.548311146469686,41.684574127197266,287700,0.0,0.0
2012-10-16,42.001106661830974,43.1211370397121,41.895595768535124,42.999393463134766,577100,0.0,0.0
2012-10-17,43.24288062731973,44.16812196837134,42.60170662000353,43.25911331176758,1329500,0.0,0.0
2012-10-18,42.95070130358722,43.405207209597165,42.690984527601024,42.97505187988281,697500,0.0,0.0
2012-10-19,42.820834521794154,43.072436453741254,42.55300300358893,42.78025436401367,368800,0.0,0.0
2012-10-22,42.85331002804494,43.251003098973264,42.48808232945123,43.09679412841797,413100,0.0,0.0
2012-10-23,42.43937576932534,42.918229044162466,42.02545012534593,42.650394439697266,448300,0.0,0.0
2012-10-24,43.03997792849908,43.03997792849908,42.20401478032293,42.29329299926758,526200,0.0,0.0
2012-10-25,43.16171766240862,44.51711422222665,42.86142075865233,44.452186584472656,862200,0.0,0.0
2012-10-26,44.5739209907394,45.04465945858106,44.127533092795765,44.58203887939453,487700,0.0,0.0
2012-10-31,44.52523185493414,44.52523185493414,43.71361626325417,44.10319137573242,420200,0.0,0.0
2012-11-01,44.695674211273065,47.26849746704102,44.02203482248257,47.268497467041016,861900,0.0,0.0
2012-11-02,47.5282091818063,47.62560218389755,45.069011884477476,45.22322082519531,1155800,0.0,0.0
2012-11-05,45.20699070771686,45.92932811501688,45.01220159641215,45.63714599609375,574500,0.0,0.0
2012-11-06,46.018607977864185,46.870803791218194,45.62903283736144,46.416297912597656,688100,0.0,0.0
2012-11-07,44.0220342286456,45.86439903003999,44.0220342286456,45.012203216552734,925000,0.0,0.0
2012-11-08,44.809296332289115,44.98785275423125,44.2655153688367,44.452186584472656,544500,0.0,0.0
2012-11-09,44.29798049916077,45.77512062897165,44.03014586767803,45.05278015136719,768100,0.0,0.0
2012-11-12,45.67772044497797,45.68583833397046,44.78494461198898,45.06089401245117,385400,0.0,0.0
2012-11-13,44.354809289518876,45.36121125166454,44.354809289518876,44.947288513183594,517500,0.0,0.0
2012-11-14,45.16641829206999,45.26381131639163,44.0626203628634,44.23305892944336,512400,0.0,0.0
2012-11-15,44.12755478783729,44.63075886556192,43.56754094193344,43.591888427734375,597000,0.0,0.0
2012-11-16,43.74608901671031,44.20870973439815,43.08867916185838,43.85159683227539,683300,0.0,0.0
2012-11-19,44.6145187391314,45.41801659730883,44.6145187391314,45.2962760925293,601100,0.0,0.0
2012-11-20,45.10148525888243,45.71831493914443,45.020324925406605,45.466712951660156,795300,0.0,0.0
2012-11-21,45.49104580950273,45.88062085788159,45.33683998704045,45.604671478271484,366800,0.0,0.0
2012-11-23,45.856277746679176,46.30266567190236,45.74265206710246,46.20527267456055,222200,0.0,0.0
2012-11-26,46.18904145858525,46.43252550770292,45.5072842634152,45.8806266784668,359500,0.0,0.0
2012-11-27,45.85617989812065,46.320855605635906,45.56269984920128,45.61161422729492,482100,0.25,0.0
2012-11-28,45.269214007141414,46.02736966655421,44.9105179431544,45.978458404541016,296900,0.0,0.0
2012-11-29,46.524662544931815,46.84259823957259,45.79911634745489,46.125205993652344,380500,0.0,0.0
2012-11-30,46.174109672235446,46.29639404691009,45.61975923073317,45.978458404541016,597500,0.0,0.0
2012-12-03,46.55725791384906,46.55725791384906,45.71758152957001,45.92138671875,645000,0.0,0.0
2012-12-04,45.72573091908589,46.53280081097156,45.44040490720829,45.79094696044922,401000,0.0,0.0
2012-12-05,46.019219219461625,46.337154864547934,45.52193398593859,46.00291442871094,508300,0.0,0.0
2012-12-06,46.02737677859672,46.312705993652344,45.872485908586846,46.312705993652344,458400,0.0,0.0
2012-12-07,46.46758691195601,46.606172959154954,46.002911291622105,46.492042541503906,224800,0.0,0.0
2012-12-10,46.394221442221124,46.72846188789175,46.13335100217678,46.62248229980469,452400,0.0,0.0
2012-12-11,46.687703070227194,47.52737963363099,46.00291736410708,47.49477005004883,589300,0.0,0.0
2012-12-12,47.59259461477805,48.089879836293484,47.030090231834656,47.25835418701172,512100,0.0,0.0
2012-12-13,47.26650774543105,47.682272148891656,47.08715815101111,47.2338981628418,321600,0.0,0.0
2012-12-14,47.95129647530038,48.709452214623305,47.24205511296709,48.301841735839844,592000,0.0,0.0
2012-12-17,48.35074723653436,48.88879284536054,48.228462871419985,48.86433410644531,437400,0.0,0.0
2012-12-18,48.86434292237075,50.250219167812475,48.7583664372937,49.71217346191406,833600,0.0,0.0
2012-12-19,49.5654369279518,50.331746669831574,49.47576211902363,49.54098129272461,662400,0.0,0.0
2012-12-20,49.5572845243939,50.543701171875,49.36978407064453,50.543701171875,661200,0.0,0.0
2012-12-21,49.32087165925861,50.39696315576581,49.32087165925861,50.32359313964844,715300,0.0,0.0
2012-12-24,50.168697357177734,50.26652299915611,49.981196914293726,50.168697357177734,165200,0.0,0.0
2012-12-26,50.40511217596148,50.91054828764103,50.127936932171835,50.168697357177734,335200,0.0,0.0
2012-12-27,50.37249266301737,50.608907435200976,49.39422710659798,49.92412185668945,406900,0.0,0.0
2012-12-28,49.62250653239165,49.82631180347404,49.12522117337914,49.20674514770508,352500,0.0,0.0
2012-12-31,49.002933255329765,50.77196127657891,49.002933255329765,50.625221252441406,382600,0.0,0.0
2013-01-02,51.95402734159864,52.744789496233665,51.8235921225996,52.63881301879883,524900,0.0,0.0
2013-01-03,52.46761924816017,52.687726161341445,51.611637898587425,51.66054916381836,666200,0.0,0.0
2013-01-04,51.79098813491959,52.66327433929251,51.68501164603705,52.64697265625,330800,0.0,0.0
2013-01-07,52.35348733917573,52.89152990046275,52.18229169605523,52.66326904296875,321400,0.0,0.0
2013-01-08,52.58990201055961,52.736642021373356,51.79098279176436,51.905113220214844,429800,0.0,0.0
2013-01-09,52.37793710660388,53.38066144077321,52.157827114456026,53.25837707519531,749800,0.0,0.0
2013-01-10,53.331764588387294,53.56002550860214,52.12523769467459,52.74480438232422,704200,0.0,0.0
2013-01-11,52.638806536452144,52.69587174337297,51.937716154487106,52.304569244384766,417600,0.0,0.0
2013-01-14,51.750225002345346,52.30457860126965,51.64424540918179,51.831748962402344,423600,0.0,0.0
2013-01-15,51.50566082670516,52.182295720490444,51.44044165677931,52.0110969543457,451400,0.0,0.0
2013-01-16,51.5627206564479,51.5627206564479,50.67412977291628,50.926849365234375,771900,0.0,0.0
2013-01-17,51.367055848772644,51.87249493079826,51.21216503256363,51.73390579223633,598000,0.0,0.0
2013-01-18,51.80727617405221,51.82358096164323,51.17955584598892,51.54640579223633,458700,0.0,0.0
2013-01-22,51.60347990436065,52.761095144648834,50.992064258314144,52.32902908325195,638900,0.0,0.0
2013-01-23,52.30458708590772,52.320888770742414,51.644253786703274,51.815452575683594,505600,0.0,0.0
2013-01-24,51.94587985402508,52.280117208827775,51.25294018163445,51.774681091308594,469900,0.0,0.0
2013-01-25,52.084447478120246,52.34531784057617,51.39966199921843,52.34531784057617,353200,0.0,0.0
2013-01-28,52.27196968349108,52.38610011920446,51.76653045415878,52.17414093017578,330200,0.0,0.0
2013-01-29,52.320886035877244,53.15240875113268,52.214909540883205,52.72849655151367,407000,0.0,0.0
2013-01-30,52.68772939405927,52.98936339398864,52.0518580284742,52.288272857666016,394400,0.0,0.0
2013-01-31,52.23934097482955,53.01379810788507,52.19042350625889,52.76108169555664,453900,0.0,0.0
2013-02-01,53.30729360378536,53.763815312792836,52.85891962555173,53.51925277709961,461300,0.0,0.0
2013-02-04,52.85892310043475,53.11164582279913,52.239359660235756,52.426856994628906,371300,0.0,0.0
2013-02-05,52.524681759021256,52.907836569309225,52.25565737482225,52.73664093017578,439100,0.0,0.0
2013-02-06,55.43501732442727,58.19046153471759,55.43501732442727,57.269264221191406,2540500,0.0,0.0
2013-02-07,57.12251857314695,57.52197500522746,56.39697259217504,57.11436462402344,740300,0.0,0.0
2013-02-08,57.21218487414645,58.34534106835713,57.21218487414645,58.23936462402344,555700,0.0,0.0
2013-02-11,58.092658389088356,58.51657063219185,57.725805155598415,57.880699157714844,354400,0.0,0.0
2013-02-12,57.88068362698652,58.04372531836073,57.448617547167196,57.693180084228516,469700,0.0,0.0
2013-02-13,57.83991461379451,58.39426501943883,57.375238995801574,57.888832092285156,421000,0.0,0.0
2013-02-14,57.67687392234802,58.76111912271881,57.440459134471894,58.695899963378906,404100,0.0,0.0
2013-02-15,58.45949309284092,58.98938794987045,58.45949309284092,58.736671447753906,465200,0.0,0.0
2013-02-19,58.85894472589937,59.429603070560134,58.25568301950182,58.50025177001953,580000,0.0,0.0
2013-02-20,58.20677232344908,58.25568358617172,55.46762965742971,55.54099655151367,973600,0.0,0.0
2013-02-21,55.435023478860046,56.82089657797469,54.85621736242312,55.386112213134766,1103800,0.0,0.0
2013-02-22,55.67143753984096,55.90785235370584,54.97034704897049,55.59806442260742,458400,0.0,0.0
2013-02-25,55.72850284270197,55.899698490324994,53.06272693915565,53.07088088989258,1159500,0.0,0.0
2013-02-26,53.33175374383246,53.657843371964816,52.71219029198755,53.584476470947266,840200,0.0,0.0
2013-02-27,53.45403150594663,55.06001759422368,53.45403150594663,54.521968841552734,1000800,0.0,0.0
2013-02-28,54.48122194441936,54.99480894497948,54.27741669059733,54.28556442260742,650400,0.0,0.0
2013-03-01,53.437726544122874,54.032834251986884,52.89152387489659,53.6985969543457,774400,0.0,0.0
2013-03-04,53.47033303003504,53.77196698622326,52.83446175666021,53.48664093017578,552700,0.0,0.0
2013-03-05,54.57089650443454,56.15242103751323,53.77197717645822,53.837196350097656,607000,0.0,0.0
2013-03-06,55.15568041989658,55.15568041989658,53.329445312658386,54.58242416381836,745100,0.3,0.0
2013-03-07,54.639758013441615,55.368615183597235,54.23028741231933,54.557865142822266,540300,0.0,0.0
2013-03-08,54.67252245662845,55.42594694647613,54.67252245662845,55.081993103027344,596300,0.0,0.0
2013-03-11,54.942745998960845,55.4832500315297,54.45957383168598,55.18843078613281,390800,0.0,0.0
2013-03-12,55.139297842170414,55.51600994429552,54.53327701664304,55.065589904785156,692500,0.0,0.0
2013-03-13,55.00009632780031,55.57335269294562,54.10744713290172,55.3031005859375,763600,0.0,0.0
2013-03-14,55.71255864936396,56.53969085957131,55.253953660587314,56.45779800415039,742100,0.0,0.0
2013-03-15,56.416859223531794,57.178474795600266,56.29401679293516,56.703487396240234,711700,0.0,0.0
2013-03-18,55.761699494256206,56.74443261584214,55.761699494256206,56.50693893432617,390500,0.0,0.0
2013-03-19,56.53970018562719,56.71167708478551,55.45869807089959,56.60521697998047,495900,0.0,0.0
2013-03-20,56.924602115501,57.55518406327482,56.56426600361582,57.309505462646484,428800,0.0,0.0
2013-03-21,57.08838484446202,57.743540241037934,56.57245418707531,56.62977981567383,541500,0.0,0.0
2013-03-22,56.78537871916356,57.13752367832647,56.43324000802604,56.82632827758789,218300,0.0,0.0
2013-03-25,56.99010865286263,58.01378503689616,56.572453186754814,57.26036071777344,507300,0.0,0.0
2013-03-26,57.43233053829894,58.23489547382387,57.40776330778704,58.071109771728516,576800,0.0,0.0
2013-03-27,57.399583760658295,58.30860896164568,56.94097870359269,58.21852493286133,429300,0.0,0.0
2013-03-28,58.0956931880123,58.39051253234142,57.53062173671052,58.2840461730957,375600,0.0,0.0
2013-04-01,58.27586089914742,58.27586089914742,56.55607931851492,56.67073059082031,393500,0.0,0.0
2013-04-02,57.25218809964623,57.30951373954126,55.00828448540975,55.417755126953125,531000,0.0,0.0
2013-04-03,55.442311239703955,55.442311239703955,53.47685755314021,54.32036590576172,783500,0.0,0.0
2013-04-04,54.45958487184948,55.40955957693672,53.91089581702751,54.42682647705078,597800,0.0,0.0
2013-04-05,53.58331580161546,55.65523576090732,53.1574691836841,55.45050048828125,650300,0.0,0.0
2013-04-08,55.58974579485909,55.81086349487305,55.229415789843415,55.81086349487305,398400,0.0,0.0
2013-04-09,56.08109091947422,57.33406983948394,55.720754825553804,56.90003204345703,486000,0.0,0.0
2013-04-10,57.219414001671716,57.219414001671716,56.31857383898108,56.965538024902344,346700,0.0,0.0
2013-04-11,56.85088583996971,57.21941305900576,55.769883910574436,55.917293548583984,395500,0.0,0.0
2013-04-12,55.72896355035257,56.20394480346362,54.42684350385741,55.02467346191406,475900,0.0,0.0
2013-04-15,54.18932962031932,54.27122247849715,52.60877309019128,52.944541931152344,541700,0.0,0.0
2013-04-16,53.902705226433696,54.852679941568525,53.54236912786186,54.71345520019531,974700,0.0,0.0
2013-04-17,53.98460329118823,53.98460329118823,53.03463473255796,53.60789108276367,787000,0.0,0.0
2013-04-18,53.82899491261713,54.50871119706721,52.74799303784918,53.48503494262695,575600,0.0,0.0
2013-04-19,53.89451069151216,54.025544263889316,53.02643514259964,53.796241760253906,419300,0.0,0.0
2013-04-22,53.91089732087043,53.91089732087043,52.59240157156215,53.59151077270508,563000,0.0,0.0
2013-04-23,53.910897989184065,54.467778227149545,53.247551401826904,54.05830764770508,543000,0.0,0.0
2013-04-24,54.27941650561102,55.286716833672465,54.009164436128074,54.90181350708008,651400,0.0,0.0
2013-04-25,53.583317544252964,56.400476986575256,48.67785887803154,52.81351089477539,2052600,0.0,0.0
2013-04-26,52.42860492514635,52.66609858689837,51.52777099134444,52.45317840576172,1201000,0.0,0.0
2013-04-29,52.608777845972654,52.89540599951826,51.994575106091006,52.53507614135742,506800,0.0,0.0
2013-04-30,52.002749460507886,53.30486255031027,51.6424165731423,53.28848648071289,675200,0.0,0.0
2013-05-01,52.780745653229076,52.788936812784804,51.748881354061666,51.8471565246582,443700,0.0,0.0
2013-05-02,51.92905935593667,52.77257088359793,51.20020221600581,52.61697006225586,461900,0.0,0.0
2013-05-03,53.378572747723766,55.032830760261945,53.378572747723766,54.377681732177734,681800,0.0,0.0
2013-05-06,54.41863750895907,54.516912697314815,53.47686017465697,54.05830764770508,365900,0.0,0.0
2013-05-07,54.06648954323933,54.72983609357481,53.976411768972014,54.70526885986328,330500,0.0,0.0
2013-05-08,54.54147332345576,56.236681067021806,54.30397966639271,55.90910339355469,551100,0.0,0.0
2013-05-09,55.59789881200167,56.13021166202906,55.01645150591812,55.4095458984375,240800,0.0,0.0
2013-05-10,55.47505891523715,56.40865111037222,54.86085319485757,56.24486541748047,463100,0.0,0.0
2013-05-13,55.95824590134142,56.16298117282472,55.573342591268876,55.61429214477539,289200,0.0,0.0
2013-05-14,55.516024879223224,56.236690888289615,55.237581621339835,55.76170349121094,416100,0.0,0.0
2013-05-15,55.35222466973882,55.63066788627174,54.80353564495506,55.38498306274414,516700,0.0,0.0
2013-05-16,55.23757946235719,56.400480673205195,54.95095130222839,55.10655212402344,426300,0.0,0.0
2013-05-17,55.36860403402914,56.187545071363665,55.36860403402914,56.031944274902344,394500,0.0,0.0
2013-05-20,55.94186108365238,56.76899329297111,55.7862665329271,56.367713928222656,396900,0.0,0.0
2013-05-21,56.613393463099456,57.44871684665446,55.982811593417274,56.58063507080078,444800,0.0,0.0
2013-05-22,56.66253486166082,57.17027432837708,55.049219947556935,55.4996337890625,509700,0.0,0.0
2013-05-23,54.4677747689512,55.11473899316025,54.05011305498844,55.00008773803711,413300,0.0,0.0
2013-05-24,54.48415126040984,54.9509474450034,54.33674161011583,54.70526885986328,176500,0.0,0.0
2013-05-28,55.54057912613524,56.30219451642383,55.13110862056125,55.262142181396484,377700,0.0,0.0
2013-05-29,54.9660153251093,55.13876020610452,54.19277095462215,54.81794738769531,320300,0.3,0.0
2013-05-30,54.93310770448467,55.44312085629122,54.694553469410295,55.17988967895508,586900,0.0,0.0
2013-05-31,55.262150008507675,55.49247651153556,54.08583427439257,54.1022834777832,493100,0.0,0.0
2013-06-03,54.34908028598898,54.48892051869907,53.09873338164471,54.2503662109375,533900,0.0,0.0
2013-06-04,54.10227164658505,54.48067227701171,53.01644245838609,53.74855422973633,295200,0.0,0.0
2013-06-05,53.435971328424195,53.46887600523077,52.24320346686881,52.46530532836914,364900,0.0,0.0
2013-06-06,52.383061195273015,53.29614583126838,52.22676864435879,53.28791809082031,366900,0.0,0.0
2013-06-07,53.329038519030235,54.15163665280794,52.539341925751884,53.60871887207031,533300,0.0,0.0
2013-06-10,53.584047748692875,54.13518705192731,53.139843955124014,53.87195587158203,329300,0.0,0.0
2013-06-11,52.87661593825516,53.43598301444523,52.58048005815885,53.16452407836914,417700,0.0,0.0
2013-06-12,53.34548413939837,53.77323865476747,52.28433500290823,52.596920013427734,275400,0.0,0.0
2013-06-13,52.621603520144696,54.011796371836795,52.58869884174614,53.781463623046875,370100,0.0,0.0
2013-06-14,53.39483688615828,54.32437032667601,53.131599512640605,53.46063995361328,209000,0.0,0.0
2013-06-17,53.94599353833896,54.23390166423389,53.40307569300013,53.880184173583984,391000,0.0,0.0
2013-06-18,53.74855534816838,54.80148615869039,53.74855534816838,54.5958366394043,403500,0.0,0.0
2013-06-19,54.78504590399491,55.00715096105126,54.13519248938589,54.43955612182617,361500,0.0,0.0
2013-06-20,53.493544625302995,54.283237918082776,52.78610987378528,53.46063995361328,554700,0.0,0.0
2013-06-21,53.77324655234756,53.84727737784655,53.00000223664054,53.131614685058594,727700,0.0,0.0
2013-06-24,52.325475460991825,52.44886331636567,50.94351014265431,51.20674133300781,538500,0.0,0.0
2013-06-25,51.88949650172145,52.71209471027407,51.16560919956547,52.432411193847656,460100,0.0,0.0
2013-06-26,52.87662358686947,53.24679662849884,52.39129041049994,52.950660705566406,337000,0.0,0.0
2013-06-27,53.477120123718755,54.513589518937245,53.419538490651064,54.011810302734375,491600,0.0,0.0
2013-06-28,53.79793768775689,54.11052282665493,53.19743808237651,53.92955017089844,976900,0.0,0.0
2013-07-01,54.24213236981322,55.229247791408234,54.24213236981322,54.54648971557617,398500,0.0,0.0
2013-07-02,54.42309626964685,55.09762649731154,53.74033830327535,54.64519500732422,312700,0.0,0.0
2013-07-03,54.011796848402206,54.51357593961196,53.90485507368188,54.29147720336914,307700,0.0,0.0
2013-07-05,54.87551920751097,54.91665162341305,53.79791769087212,54.39841079711914,196800,0.0,0.0
2013-07-08,55.06472033399264,55.06472033399264,54.27502688942417,54.39019012451172,358200,0.0,0.0
2013-07-09,54.98246605237134,55.44312535704971,54.49713607935479,55.229248046875,518000,0.0,0.0
2013-07-10,55.2374712222935,55.303280585513114,54.135186354107056,54.480682373046875,738400,0.0,0.0
2013-07-11,55.39375732096348,55.780379461979784,54.99891371697835,55.36085891723633,741000,0.0,0.0
2013-07-12,55.443124591780006,55.73103273077579,54.521812271066764,55.023597717285156,425400,0.0,0.0
2013-07-15,55.11407927690626,56.298622690557046,54.80149422093783,56.191680908203125,654900,0.0,0.0
2013-07-16,56.48781995188596,56.6441156266604,55.22101790205878,55.813289642333984,461300,0.0,0.0
2013-07-17,55.953115900100585,56.66055071633066,55.78037106487114,56.52893829345703,531900,0.0,0.0
2013-07-18,56.61121768142122,57.18703401081667,56.61121768142122,56.80863952636719,343500,0.0,0.0
2013-07-19,56.75927970102952,56.94848006144067,56.26572200229285,56.71814727783203,560000,0.0,0.0
2013-07-22,56.86621283659954,57.392675196689424,56.74282812402095,57.08831787109375,522900,0.0,0.0
2013-07-23,57.21994130743049,57.590114344005976,56.51250619852009,57.23639678955078,575100,0.0,0.0
2013-07-24,57.24461126560247,57.24461126560247,56.1999142119058,56.5865364074707,607200,0.0,0.0
2013-07-25,56.29861794602259,57.845100168906264,56.02715905728363,57.64767837524414,824000,0.0,0.0
2013-07-26,57.32687590064079,57.68881487468989,56.52895456824493,57.417362213134766,444300,0.0,0.0
2013-07-29,57.293977454774414,57.343331348444245,56.63589625151511,57.04719543457031,329000,0.0,0.0
2013-07-30,57.351553508382906,57.67236633787289,56.53718296244116,57.46671676635742,415600,0.0,0.0
2013-07-31,57.50784334051292,59.02142102043918,57.50784334051292,57.74639129638672,581900,0.0,0.0
2013-08-01,58.37157397704774,59.02142738005786,58.16592440429492,58.19060134887695,786400,0.0,0.0
2013-08-02,58.042527466322625,58.593673034609274,57.474938971232994,58.42914962768555,358300,0.0,0.0
2013-08-05,58.23995477653136,58.37979496360353,57.81220020017084,58.2234992980957,228900,0.0,0.0
2013-08-06,58.08365595137303,58.08365595137303,57.07185746411044,57.40089797973633,374900,0.0,0.0
2013-08-07,57.12944349600498,57.12944349600498,55.96958327685183,56.20813751220703,478300,0.0,0.0
2013-08-08,56.78396872916696,57.302209757668564,56.63590076044192,56.88268280029297,652200,0.0,0.0
2013-08-09,56.97314938217927,58.083655624736565,56.97314938217927,57.70526123046875,632200,0.0,0.0
2013-08-12,57.4996146963479,58.898029108008586,57.26106046830204,58.70060729980469,495100,0.0,0.0
2013-08-13,58.84866517074841,58.84866517074841,57.62299583516035,58.412689208984375,421200,0.0,0.0
2013-08-14,58.36311604319059,59.29698970879182,58.05733138735366,58.40443420410156,295000,0.33,0.0
2013-08-15,57.48710416252078,57.966440373655736,56.999508099808814,57.34661102294922,198500,0.0,0.0
2013-08-16,57.35486220578302,57.94989923594828,56.87552611979117,57.76808166503906,339500,0.0,0.0
2013-08-19,57.84246772751032,57.84246772751032,56.64413361915763,56.76810073852539,229600,0.0,0.0
2013-08-20,56.76810615104854,57.693713946089616,56.445795393099566,57.34661102294922,193900,0.0,0.0
2013-08-21,57.22263731195141,57.52015587049844,56.39619827270508,56.39619827270508,428100,0.0,0.0
2013-08-22,56.668922760684104,58.007756229062885,56.47883901375722,57.4705696105957,166300,0.0,0.0
2013-08-23,57.478835615658696,57.80114632484914,57.09040827247296,57.50362777709961,192900,0.0,0.0
2013-08-26,57.51188131274489,58.263943755100584,57.46229699530731,57.76808166503906,245200,0.0,0.0
2013-08-27,57.03255156186928,57.10692803806463,56.05735338530485,56.115203857421875,475400,0.0,0.0
2013-08-28,56.17304878730967,56.77634560768826,55.792887678730345,56.627586364746094,439000,0.0,0.0
2013-08-29,56.45404053547053,56.89205215367489,56.02429507191962,56.115203857421875,251400,0.0,0.0
2013-08-30,56.15651605969951,56.197840523351964,55.007766588713935,55.11520767211914,400700,0.0,0.0
2013-09-03,56.14825903285552,56.536686311888324,54.13174616565283,54.71025085449219,779600,0.0,0.0
2013-09-04,54.809433049252924,55.73504697923245,54.52844682180483,55.67719650268555,385900,0.0,0.0
2013-09-05,55.677178562404606,56.842453873154525,55.51188703608145,56.792869567871094,509000,0.0,0.0
2013-09-06,56.982951552177845,57.35485278757572,56.27221369454904,57.11518478393555,334200,0.0,0.0
2013-09-09,57.18957408874924,58.33832375035793,57.098665297810804,58.24742126464844,189100,0.0,0.0
2013-09-10,58.693693394919556,59.553190687959166,58.60279090822512,59.39617156982422,434500,0.0,0.0
2013-09-11,59.206069877781815,59.85895722851764,58.59450698547282,59.577964782714844,338500,0.0,0.0
2013-09-12,59.40444483303507,59.40444483303507,58.60280414042153,58.73503112792969,226900,0.0,0.0
2013-09-13,58.66062652572114,59.00772929501935,58.35484191168563,58.91682052612305,195300,0.0,0.0
2013-09-16,59.85896335821035,59.85896335821035,58.776330533016164,59.00773239135742,453800,0.0,0.0
2013-09-17,58.94988111777589,61.032504119494135,58.90855665568446,60.74325180053711,899900,0.0,0.0
2013-09-18,60.59450176789189,61.60275826587909,59.98293872846127,61.42920684814453,698400,0.0,0.0
2013-09-19,61.68540261004746,62.66886697641058,61.54490950206095,62.42093276977539,901500,0.0,0.0
2013-09-20,62.28869551990318,62.63579830763046,61.90026826949171,61.96638488769531,973200,0.0,0.0
2013-09-23,61.842422173762,62.46225132644649,61.42093658447265,61.420936584472656,503300,0.0,0.0
2013-09-24,61.52010547493572,61.776299481869984,60.90027638314438,61.28043746948242,378700,0.0,0.0
2013-09-25,60.652353312644294,60.85069689281447,60.015998103035166,60.10690689086914,589900,0.0,0.0
2013-09-26,60.280458861505615,60.87549591267234,60.19780992255451,60.80111312866211,327900,0.0,0.0
2013-09-27,60.2721877526325,60.62755672313563,59.73500121974706,60.50358963012695,265600,0.0,0.0
2013-09-30,59.49533232331178,60.90028218161077,59.38789754038741,60.55317306518555,344500,0.0,0.0
2013-10-01,60.49532131399533,61.46225956072576,60.49532131399533,61.115150451660156,613700,0.0,0.0
2013-10-02,60.77630852800736,60.999444223904064,60.330030830986466,60.958126068115234,286800,0.0,0.0
2013-10-03,60.627551606724644,61.106887629784886,59.280458616290936,59.454010009765625,581500,0.0,0.0
2013-10-04,59.63584889804845,60.33005472037525,59.13998039040932,60.049068450927734,430600,0.0,0.0
2013-10-07,59.42922984902272,60.28046098630189,59.22262010481985,59.809391021728516,291200,0.0,0.0
2013-10-08,59.842452778854906,60.22261397342306,59.19782504347827,59.34658432006836,244900,0.0,0.0
2013-10-09,59.7102031926196,59.7102031926196,58.50360330341682,58.71847915649414,454900,0.0,0.0
2013-10-10,59.46229178192027,60.54493130975825,58.97469573074665,60.37137985229492,329800,0.0,0.0
2013-10-11,60.181284821608706,60.74326356667966,59.92509076165378,60.33831024169922,341400,0.0,0.0
2013-10-14,59.79283495508455,60.668864210006895,59.718458503231815,60.30522918701172,573800,0.0,0.0
2013-10-15,60.32176624706963,61.206055510868346,60.09036439190401,60.74325180053711,548400,0.0,0.0
2013-10-16,61.22258478404948,61.28043524497424,60.65234002262878,61.13994216918945,305400,0.0,0.0
2013-10-17,60.8589763846283,62.131693387985024,60.85071022795134,61.900291442871094,379600,0.0,0.0
2013-10-18,61.98292286513048,62.70192704024842,61.80937143773559,62.66060256958008,448700,0.0,0.0
2013-10-21,62.991167295364264,63.08207606915428,61.94985262618723,62.37960433959961,328800,0.0,0.0
2013-10-22,62.45397986667712,62.95810803911863,61.66059937526777,61.941585540771484,794200,0.0,0.0
2013-10-23,61.39616232453781,62.338302406839254,60.858975641239255,61.9911994934082,721500,0.0,0.0
2013-10-24,62.03251099734286,63.45398712456256,61.32177293373301,61.37962341308594,555800,0.0,0.0
2013-10-25,61.20607003217859,61.56143905270312,59.72674347256385,60.45401382446289,653100,0.0,0.0
2013-10-28,60.363109802713666,60.82591365943514,60.15650003735877,60.78459548950195,492500,0.0,0.0
2013-10-29,60.83417402949624,61.792839970843566,60.81764171891165,61.4044189453125,400800,0.0,0.0
2013-10-30,61.40440492041663,61.58621615871765,60.36309027444293,60.768043518066406,329400,0.0,0.0
2013-10-31,60.63580731100735,61.28042846289179,60.50357409768405,60.5696907043457,443300,0.0,0.0
2013-11-01,60.784566057666844,61.68538117193004,60.46225548419409,61.487037658691406,427300,0.0,0.0
2013-11-04,61.27218288772409,62.065563518424085,61.115157470475665,61.58622741699219,439900,0.0,0.0
2013-11-05,61.36308670043946,61.90853938650848,60.53664782231906,61.36308670043945,441200,0.0,0.0
2013-11-06,61.759774556655614,61.925059795255976,61.21432191986458,61.61101531982422,394000,0.0,0.0
2013-11-07,61.94984176596768,62.222568039527,60.53663240101488,60.5696907043457,272500,0.0,0.0
2013-11-08,60.693687708504676,62.280449219846425,60.5531882737272,62.214332580566406,313300,0.0,0.0
2013-11-11,62.27217424436875,62.34655702933179,61.90027923524017,62.33002471923828,232400,0.0,0.0
2013-11-12,61.97465473004118,62.123413992374225,61.015988832406144,61.58622741699219,197100,0.0,0.0
2013-11-13,60.999444487223194,61.75977295870437,60.619283404096365,61.75150680541992,211000,0.0,0.0
2013-11-14,61.93334188536568,61.974660053033865,61.06557839635272,61.55318069458008,311400,0.0,0.0
2013-11-15,61.685394605938626,62.21431495991573,61.48705104950421,62.03249740600586,453100,0.0,0.0
2013-11-18,62.31350212723222,62.520111878114804,61.77631551389167,62.01598358154297,365700,0.0,0.0
2013-11-19,62.090685789234,62.646844132684336,61.53452111270453,61.88316345214844,364500,0.33,0.0
2013-11-20,62.25669766350956,62.38121232545234,61.185881703727745,61.40170669555664,424600,0.0,0.0
2013-11-21,61.783571378491075,62.173714517658446,61.136102480758545,61.874881744384766,398400,0.0,0.0
2013-11-22,61.9578612955692,61.99936829142263,61.25228669760982,61.80844497680664,456400,0.0,0.0
2013-11-25,61.80847786694459,62.10731066348758,61.52625041081054,61.67566680908203,511900,0.0,0.0
2013-11-26,61.59262421976119,61.60092688611666,61.268889895765085,61.34360122680664,231800,0.0,0.0
2013-11-27,61.493015499712655,61.66733348887595,60.67952521720533,60.92855453491211,326000,0.0,0.0
2013-11-29,61.16097552922852,61.476407160895306,60.85384023015523,61.036460876464844,114900,0.0,0.0
2013-12-02,61.028166183632905,61.982770202094706,60.60482517523994,60.87874984741211,407800,0.0,0.0
2013-12-03,60.61311899994339,61.25229131907237,60.17317267624828,60.538414001464844,214500,0.0,0.0
2013-12-04,60.53011522788132,61.5345226037437,60.438804890704795,60.945159912109375,208400,0.0,0.0
2013-12-05,60.78743292049673,61.459803123988216,60.42219165782096,61.393394470214844,219500,0.0,0.0
2013-12-06,62.13219560076742,62.248407619991866,61.62584051711227,62.01598358154297,357700,0.0,0.0
2013-12-09,62.015971311107286,62.24009897032304,61.64243365651945,61.90806198120117,388800,0.0,0.0
2013-12-10,61.84994565898582,62.165377262805855,60.71272121932152,60.88703918457031,458600,0.0,0.0
2013-12-11,61.0198530381601,61.17756566460626,59.74151503226586,59.841121673583984,289900,0.0,0.0
2013-12-12,59.90755476703229,60.04037212041928,59.20197999313387,59.600425720214844,252500,0.0,0.0
2013-12-13,59.658523605301234,60.131674279423095,59.558910603825375,60.04866027832031,174200,0.0,0.0
2013-12-16,60.16486714026129,60.64631405622183,59.3596796145089,59.72491455078125,536300,0.0,0.0
2013-12-17,59.72491543946106,60.35578500506822,59.567202797867765,60.17316436767578,294900,0.0,0.0
2013-12-18,60.32258929957774,61.06967095338996,59.70002231024738,61.044769287109375,637000,0.0,0.0
2013-12-19,61.05307999287484,62.082389110842385,61.05307999287484,61.293800354003906,409200,0.0,0.0
2013-12-20,61.51790713138405,61.51790713138405,60.4968946950063,60.73762130737305,559600,0.0,0.0
2013-12-23,61.21079192132048,61.61754029603268,60.82064888149594,61.59263229370117,236100,0.0,0.0
2013-12-24,61.72545022817603,62.47253197824244,61.40171585866054,62.298213958740234,181800,0.0,0.0
2013-12-26,62.572161502103405,62.84609263265684,62.13221495895627,62.19862365722656,156800,0.0,0.0
2013-12-27,62.17369572863973,62.879270433889275,61.6673407010076,62.8045654296875,172500,0.0,0.0
2013-12-30,62.80457519242677,63.07849991682656,62.17370539331261,62.555545806884766,251800,0.0,0.0
2013-12-31,62.58043040477668,63.01208037753681,62.58043040477668,62.9539680480957,245400,0.0,0.0
2014-01-02,62.953983151982,63.11170217983945,61.90807496652354,62.4642333984375,284100,0.0,0.0
2014-01-03,62.46421343658805,62.754743395258885,62.11557748618305,62.66343307495117,196600,0.0,0.0
2014-01-06,62.78795726237647,63.00378226435287,61.493019916676275,61.94126892089844,338400,0.0,0.0
2014-01-07,62.19028681077847,62.77964943461589,62.082377485200986,62.28159713745117,306900,0.0,0.0
2014-01-08,62.281599223617505,62.904166199196375,62.024273566963444,62.71324920654297,271300,0.0,0.0
2014-01-09,62.98717187891103,62.98717187891103,61.97446828365012,62.68833923339844,261200,0.0,0.0
2014-01-10,62.93739103607747,63.31092880989117,62.31482385766742,63.18642044067383,331600,0.0,0.0
2014-01-13,63.178090668223874,63.725946256992,62.55552375689576,62.66343307495117,454800,0.0,0.0
2014-01-14,62.754732962636,63.13657317813574,62.43099872921063,62.547210693359375,330600,0.0,0.0
2014-01-15,62.572133506734545,63.42713086499604,62.50573117125533,62.63854217529297,273200,0.0,0.0
2014-01-16,62.82944561257051,63.36899845773368,62.588719015107046,63.17808151245117,216900,0.0,0.0
2014-01-17,63.2777090870625,63.36901308213158,62.86266444387407,63.153194427490234,263600,0.0,0.0
2014-01-21,63.186417257245736,63.186417257245736,62.43103274562015,62.78797149658203,332600,0.0,0.0
2014-01-22,62.83777089253876,62.85437622860808,62.45593049298586,62.704959869384766,322000,0.0,0.0
2014-01-23,62.58875025596206,62.58875025596206,61.71715373813027,61.825069427490234,369700,0.0,0.0
2014-01-24,61.227390276003206,61.227390276003206,58.388479976429174,58.438289642333984,927100,0.0,0.0
2014-01-27,58.64579469541893,58.64579469541893,56.79469326277539,57.218040466308594,747000,0.0,0.0
2014-01-28,57.61649558156935,57.88212387763885,56.8611113543566,57.857215881347656,570000,0.0,0.0
2014-01-29,57.45048594768906,58.33037867489815,56.98563791566607,57.49199295043945,409400,0.0,0.0
2014-01-30,57.90702252456516,58.67900570934917,57.14333567170127,58.56279373168945,390600,0.0,0.0
2014-01-31,57.5749971854873,58.72051819590179,57.54179285188526,58.06474685668945,370900,0.0,0.0
2014-02-03,57.716117082917194,58.19757047249249,55.12624211321789,55.383567810058594,1072100,0.0,0.0
2014-02-04,55.524677862330634,56.8030162615321,55.01832283624826,56.213653564453125,1053900,0.0,0.0
2014-02-05,56.05592482208051,56.39626444706844,55.840099848504714,56.10572814941406,424100,0.0,0.0
2014-02-06,56.36306427222575,57.79081886975471,56.27175394333178,56.95242691040039,274800,0.0,0.0
2014-02-07,57.350876611924114,57.90704135221356,57.08524824332551,57.79912567138672,339600,0.0,0.0
2014-02-10,57.458773155254356,57.58328779692472,56.794699288397574,57.392364501953125,512000,0.0,0.0
2014-02-11,60.239593483016016,60.29769949345943,58.74542988149939,59.83285140991211,625700,0.0,0.0
2014-02-12,59.86604319893256,60.38069451694618,59.57550687454301,60.27278518676758,437100,0.0,0.0
2014-02-13,59.69174126955338,60.62143749196571,59.401204866968996,60.480323791503906,463400,0.0,0.0
2014-02-14,60.48861763841679,61.31870704912775,60.472012303677985,61.26060104370117,210900,0.0,0.0
2014-02-18,61.53451088543096,61.891449499216726,61.14437427633877,61.50960922241211,351200,0.0,0.0
2014-02-19,61.20248129317468,61.36849660480064,59.932439460231144,60.08185577392578,917400,0.0,0.0
2014-02-20,60.08186914539967,60.18148215439145,58.164364637134874,58.612613677978516,1224400,0.0,0.0
2014-02-21,58.37188567341332,58.786930368569294,57.359175603940024,58.222469329833984,952000,0.0,0.0
2014-02-24,58.1311461601547,58.60429675488048,57.110139981941295,57.184844970703125,944700,0.0,0.0
2014-02-25,57.15164705346431,57.226358383684975,55.798603774015646,56.877716064453125,938500,0.0,0.0
2014-02-26,57.093534697719214,58.23906185762363,56.79470207627268,57.20145034790039,975000,0.0,0.0
2014-02-27,57.19315881169449,57.865529174245744,57.110151141379895,57.74931716918945,513000,0.0,0.0
2014-02-28,57.674589418286175,58.288853536036214,57.16823459607646,57.508567810058594,629200,0.0,0.0
2014-03-03,56.82789560673336,57.25124279552246,56.31323811579215,56.88600158691406,546000,0.0,0.0
2014-03-04,57.57018665351992,58.346132902169195,57.453378088397606,58.12919998168945,574500,0.35,0.0
2014-03-05,58.11253478538741,58.47964481063156,57.87057228829952,58.337806701660156,447300,0.0,0.0
2014-03-06,58.57974880071737,58.95521035122125,58.22097782521682,58.738277435302734,616400,0.0,0.0
2014-03-07,58.77997978937864,59.213845537422614,58.03740848487556,59.08869171142578,477600,0.0,0.0
2014-03-10,58.89680352577804,58.89680352577804,57.72871782332463,58.36281967163086,330600,0.0,0.0
2014-03-11,58.56307736287457,59.072031796452784,57.937314341156174,58.062461853027344,342600,0.0,0.0
2014-03-12,57.7120323319594,58.62147784109876,57.42835616939589,57.50344467163086,528800,0.0,0.0
2014-03-13,57.65362421890265,57.895586652710996,56.78589884560059,57.43669128417969,580100,0.0,0.0
2014-03-14,57.60356648608201,58.029087076650086,57.35325875855022,57.82883834838867,347500,0.0,0.0
2014-03-17,58.02073668439049,58.87177142507459,57.42000328363024,57.91227340698242,483200,0.0,0.0
2014-03-18,57.98735571490689,59.05532326209731,57.78711339120586,58.938514709472656,358600,0.0,0.0
2014-03-19,58.805024473898605,59.26391341731724,58.39618815656857,58.85508346557617,313400,0.0,0.0
2014-03-20,58.529693603721114,59.055332169817746,58.31276067373011,58.49631881713867,877700,0.0,0.0
2014-03-21,58.56307848942929,59.78122976460332,58.49632890475354,59.08037185668945,876500,0.0,0.0
2014-03-24,59.40574262899048,59.889667361810695,58.70489138746164,59.36402893066406,275600,0.0,0.0
2014-03-25,59.764527619569314,60.46538539184803,59.22220485440771,59.38907241821289,352700,0.0,0.0
2014-03-26,59.69778435673199,59.9147109163549,58.0290832579061,58.03742218017578,343800,0.0,0.0
2014-03-27,57.97901661160849,58.42956666217868,57.76209005679236,57.91227340698242,443300,0.0,0.0
2014-03-28,58.42122139702059,59.005270588246766,58.0958251990816,58.19594955444336,319500,0.0,0.0
2014-03-31,58.412882520552635,59.43079118796265,58.237669672724756,58.9552116394043,431100,0.0,0.0
2014-04-01,59.03864419537726,59.48919423713133,58.6798732194762,59.472503662109375,406100,0.0,0.0
2014-04-02,59.43078618685991,59.956424686111056,59.23053749283094,59.781211853027344,423500,0.0,0.0
2014-04-03,59.781211879972076,60.42365893490193,59.781211879972076,59.956424713134766,424200,0.0,0.0
2014-04-04,60.540459753150905,60.9910097089547,59.66439569930023,59.82291793823242,755700,0.0,0.0
2014-04-07,59.7978971932157,59.94808053378557,58.26269537013609,58.7132453918457,458800,0.0,0.0
2014-04-08,58.654828449594234,59.3807091343084,58.512984061199,58.813350677490234,435600,0.0,0.0
2014-04-09,59.0970471752121,59.36403907937987,58.93851854394122,59.113731384277344,502000,0.0,0.0
2014-04-10,59.021966421547134,59.32233318119597,57.912284834301246,58.05412292480469,386300,0.0,0.0
2014-04-11,57.80380630033102,57.98736444368306,57.04455059398078,57.595218658447266,345300,0.0,0.0
2014-04-14,57.91226204877174,58.57973852324729,57.78710822056128,58.229312896728516,586900,0.0,0.0
2014-04-15,58.17093411114325,58.17093411114325,56.635725452635604,57.76210403442383,665000,0.0,0.0
2014-04-16,58.05411908908198,58.80503593858988,58.05411908908198,58.404544830322266,681800,0.0,0.0
2014-04-17,58.25436650288571,59.27227539081824,58.129212622869446,58.62982177734375,1257300,0.0,0.0
2014-04-21,58.688208389014946,59.6894327618712,58.47128185231328,59.57262420654297,621600,0.0,0.0
2014-04-22,59.74783585701117,60.30684912724505,59.447469187658015,60.08991622924805,695600,0.0,0.0
2014-04-23,60.07324726713088,60.398643513913946,59.69779201794745,60.114967346191406,744500,0.0,0.0
2014-04-24,59.09704845513302,59.65606177196808,58.0374197372506,59.197166442871094,1027700,0.0,0.0
2014-04-25,59.15546167983016,59.27227026024359,58.01239901082424,58.404544830322266,460900,0.0,0.0
2014-04-28,58.53802616015601,58.738268470509674,57.962322356602414,58.454586029052734,810600,0.0,0.0
2014-04-29,58.72993597178131,59.147111255777816,58.57975261491898,59.02195739746094,494300,0.0,0.0
2014-04-30,59.03028744137232,59.20550025153269,58.7966703611585,59.08869171142578,526500,0.0,0.0
2014-05-01,59.38071696623337,59.631024634685865,59.080350310325755,59.40574645996094,578000,0.0,0.0
2014-05-02,59.46415089680663,60.48205941510648,59.44746668947201,60.19838333129883,629200,0.0,0.0
2014-05-05,59.806232309047815,59.90635664092914,59.11372000277475,59.32230758666992,813200,0.0,0.0
2014-05-06,59.23054631426642,59.63938268460686,59.046988166862924,59.41410446166992,420400,0.0,0.0
2014-05-07,59.447488077743316,59.93141301720568,59.33067948760975,59.9063835144043,265600,0.0,0.0
2014-05-08,59.93140411281031,60.540476475785724,59.17214202415984,59.33901596069336,611100,0.0,0.0
2014-05-09,59.205491563181305,59.64769616663407,58.938499744176596,59.631011962890625,582500,0.0,0.0
2014-05-12,60.048213934395356,61.291394550872646,59.806251495582075,61.26636505126953,495100,0.0,0.0
2014-05-13,61.32475656186418,61.775306557617895,60.76574330189865,60.982669830322266,507500,0.0,0.0
2014-05-14,60.98268889926381,61.21631243964667,60.81582130743808,60.97434997558594,425700,0.0,0.0
2014-05-15,60.76575854382417,60.88256712399411,59.455828295698225,60.315208435058594,414700,0.0,0.0
2014-05-16,60.048215233013835,60.156678522169614,59.238894111864376,60.06489944458008,378900,0.0,0.0
2014-05-19,59.96476754225881,60.49875130684523,59.53924704168293,60.390281677246094,339300,0.0,0.0
2014-05-20,60.081577106543904,60.14832030405178,58.77164716731991,58.938514709472656,382900,0.0,0.0
2014-05-21,59.29730607411999,59.50589375643582,58.663197737514416,59.23055648803711,389100,0.0,0.0
2014-05-22,59.40576799601387,60.07325111014062,59.1554666024094,59.9063835144043,574000,0.0,0.0
2014-05-23,59.923051249958824,60.49875511844496,59.73949312576968,60.34857177734375,280900,0.0,0.0
2014-05-27,60.49875267060633,61.0744501502102,60.41531889905681,60.92426681518555,523500,0.0,0.0
2014-05-28,60.790129652921436,61.32668522771544,60.61407295459031,60.64760208129883,610000,0.35,0.0
2014-05-29,60.932657026378635,61.25962041314479,60.47993701479912,61.23447036743164,299700,0.0,0.0
2014-05-30,60.873963265513645,60.9494133925035,60.23680114275214,60.32063674926758,513300,0.0,0.0
2014-06-02,60.37933143780448,60.48832349936721,59.96014694563458,60.345802307128906,376700,0.0,0.0
2014-06-03,60.03560439345317,60.10267544832001,59.70025551536683,59.960147857666016,272100,0.0,0.0
2014-06-04,59.72539210604547,60.32901867135725,59.515799903992566,60.1781120300293,340800,0.0,0.0
2014-06-05,60.270348699664495,60.9410464782095,59.83439962098388,60.77336883544922,216000,0.0,0.0
2014-06-06,60.99973477575816,61.29316266837054,60.52186466600418,61.008113861083984,246000,0.0,0.0
2014-06-09,61.167399282847626,61.536283676442025,60.94942155970115,61.40214157104492,315700,0.0,0.0
2014-06-10,61.284767964323166,61.32668896963714,60.79013336210456,61.02487564086914,338500,0.0,0.0
2014-06-11,60.66437515926625,61.41052298140193,60.62245415504627,61.37698745727539,225800,0.0,0.0
2014-06-12,61.11710768351462,61.11710768351462,60.22005301683283,60.40449523925781,172000,0.0,0.0
2014-06-13,60.42964415648078,60.798522198172364,60.16136630968307,60.72307205200195,317300,0.0,0.0
2014-06-16,60.739821178091525,60.9410343092247,60.22003657994777,60.32063674926758,302800,0.0,0.0
2014-06-17,60.32065662642017,61.796188093053786,59.893092973424594,61.28478240966797,412300,0.0,0.0
2014-06-18,61.42729555258534,61.76264444131733,60.982960993420875,61.72072982788086,296100,0.0,0.0
2014-06-19,61.7458831388649,62.0309255517922,61.65366202968291,61.838104248046875,361400,0.0,0.0
2014-06-20,61.527908046484725,61.83810691769302,61.46922246503977,61.58659362792969,445800,0.0,0.0
2014-06-23,61.94710114219086,62.03093678492483,61.326709710459994,61.812965393066406,302600,0.0,0.0
2014-06-24,61.51951048642202,62.61777814676809,61.06679049147933,61.13386154174805,239600,0.0,0.0
2014-06-25,61.10032757074406,61.921931966815336,61.10032757074406,61.89678192138672,244100,0.0,0.0
2014-06-26,61.796169024790636,62.03929676615357,61.43567015259689,61.771018981933594,457600,0.0,0.0
2014-06-27,61.52791160989411,61.85487506777344,61.2763983055643,61.56144714355469,391000,0.0,0.0
2014-06-30,61.502733859544506,61.95545376569596,61.024863913536784,61.79616165161133,476000,0.0,0.0
2014-07-01,62.03931213397323,62.86929573508627,61.79618433238487,62.25728988647461,582200,0.0,0.0
2014-07-02,62.10636822932651,62.60100279883632,62.10636822932651,62.28242492675781,355400,0.0,0.0
2014-07-03,62.36626657569986,62.659694433170195,62.240509952141835,62.55070877075195,500200,0.0,0.0
2014-07-07,62.148299393496416,62.5087983641628,61.938707117440345,62.15668487548828,271800,0.0,0.0
2014-07-08,62.13151827235285,62.50040262673098,61.97222613819012,62.28242492675781,447300,0.0,0.0
2014-07-09,62.416581680901075,62.6429449370066,62.06446816723594,62.44173812866211,470800,0.0,0.0
2014-07-10,61.41053747062131,62.047699786863404,61.2512452924986,61.3853874206543,286900,0.0,0.0
2014-07-11,61.35184568235225,61.80456572470813,60.848825545150625,61.662044525146484,339900,0.0,0.0
2014-07-14,62.03930364927108,62.03930364927108,60.99972791961101,61.77941131591797,398800,0.0,0.0
2014-07-15,61.89679249913797,62.190220406362755,61.13387354410488,61.58659362792969,328500,0.0,0.0
2014-07-16,62.097983267432255,62.349496492287,61.4775920813701,62.2488899230957,584600,0.0,0.0
2014-07-17,61.87165012382118,62.559112618697,61.62013680286074,61.98902130126953,503100,0.0,0.0
2014-07-18,62.030930891375824,63.02859221499623,61.9387097742555,62.96152114868164,476500,0.0,0.0
2014-07-21,62.860896866055526,63.14593919433121,62.38302689505191,62.62614822387695,637000,0.0,0.0
2014-07-22,63.045361174619224,63.19626788621337,62.52557636510003,62.844154357910156,845100,0.0,0.0
2014-07-23,62.95314798692288,62.969918954908245,62.441748595872504,62.78547668457031,451300,0.0,0.0
2014-07-24,61.20931610527104,61.41052285336357,59.43197170775338,59.608028411865234,1038800,0.0,0.0
2014-07-25,59.69188727575414,59.72542281287391,58.99604566833044,59.46553039550781,568100,0.0,0.0
2014-07-28,59.364901189124325,59.8511566979115,58.87026659643365,59.490657806396484,460600,0.0,0.0
2014-07-29,59.64996360693094,59.82602035292731,58.6103876988458,58.61876678466797,646700,0.0,0.0
2014-07-30,59.230765221393895,59.364900921965905,57.780384181710225,58.43431091308594,788000,0.0,0.0
2014-07-31,57.713327493076804,58.442710934454595,57.05102151304555,57.218692779541016,669400,0.0,0.0
2014-08-01,56.967182514513354,57.646265891323196,55.969527552161665,56.74082565307617,942300,0.0,0.0
2014-08-04,57.04263257738966,57.68817395018875,56.67374813793394,57.56242370605469,679900,0.0,0.0
2014-08-05,56.97555677857701,57.57918348521992,56.46415117412942,56.68212890625,554000,0.0,0.0
2014-08-06,56.75757571431704,57.86422247944376,56.68212557854017,57.679786682128906,621000,0.0,0.0
2014-08-07,57.95644143406351,58.04866252743605,56.791109140989235,57.118072509765625,536400,0.0,0.0
2014-08-08,57.10970388659566,57.64625958472734,56.925261666066305,57.58757400512695,405800,0.0,0.0
2014-08-11,57.956437467728314,57.981593906583356,57.50371751204035,57.66300964355469,330200,0.0,0.0
2014-08-12,57.48695968641269,57.772008460622,56.79111191021544,57.10131072998047,274900,0.0,0.0
2014-08-13,57.21087256421433,57.9271659037328,57.042335224076126,57.87660598754883,260000,0.35,0.0
2014-08-14,57.81761213720724,57.97772709660999,57.63221722195918,57.80075454711914,193700,0.0,0.0
2014-08-15,57.91872003115712,58.036697407230726,57.17714060522616,57.472084045410156,321300,0.0,0.0
2014-08-18,57.91873743452219,58.79513922604219,57.809182388617145,58.74457931518555,547200,0.0,0.0
2014-08-19,58.828847976375535,59.10694034466057,58.52547565266217,58.74457931518555,290200,0.0,0.0
2014-08-20,58.74456353127243,59.073215722109474,58.432762496431,58.955238342285156,343300,0.0,0.0
2014-08-21,58.88783116718224,58.91311754952918,58.20524671739585,58.73614501953125,255200,0.0,0.0
2014-08-22,58.56761440924254,58.651883072175444,58.17997341632169,58.3485107421875,258000,0.0,0.0
2014-08-25,58.80356923716942,58.93840424129156,58.281099669413294,58.3485107421875,360900,0.0,0.0
2014-08-26,58.609756708159985,59.31762124934307,58.483350488866606,59.18279266357422,365600,0.0,0.0
2014-08-27,59.18277923143925,59.368167691134694,58.85412056415395,59.26704788208008,382800,0.0,0.0
2014-08-28,59.06482328783889,59.06482328783889,58.45808485923337,58.8204460144043,334900,0.0,0.0
2014-08-29,58.82043472804261,59.02268083210449,58.491782397959156,58.92155456542969,193900,0.0,0.0
2014-09-02,59.07322985805488,59.486150786250036,58.80356629260078,59.37660217285156,541100,0.0,0.0
2014-09-03,59.78109542348203,60.26985617230143,59.46086554782666,59.86536407470703,591600,0.0,0.0
2014-09-04,59.85694263941509,60.65751099768679,59.77267397783037,59.98334884643555,278300,0.0,0.0
2014-09-05,60.05918132959594,60.101318869851426,59.42715680147946,59.86536407470703,181100,0.0,0.0
2014-09-08,59.96649595579987,60.033907025550775,59.047950211952255,59.283905029296875,390500,0.0,0.0
2014-09-09,59.26705079071475,59.26705079071475,58.56760874042628,58.90468978881836,383000,0.0,0.0
2014-09-10,58.82044348711692,59.23336455294111,58.314818507736966,59.21650695800781,328200,0.0,0.0
2014-09-11,59.123787761316045,59.924349548802134,59.047941478794854,59.67996597290039,421100,0.0,0.0
2014-09-12,59.63784741567778,59.88223106935881,59.309195088486526,59.629425048828125,742000,0.0,0.0
2014-09-15,59.62098463595176,60.00862560199976,59.62098463595176,59.797950744628906,391000,0.0,0.0
2014-09-16,59.604144055221184,60.834484669122325,59.54515534185906,60.59852981567383,636900,0.0,0.0
2014-09-17,61.00300614637709,61.95525410848307,60.994577352578375,61.71929931640625,861600,0.0,0.0
2014-09-18,61.803566723626474,62.233345188715205,61.71929807519172,62.0648078918457,634000,0.0,0.0
2014-09-19,62.32605304388176,62.32605304388176,61.07043261335005,61.17998123168945,1002000,0.0,0.0
2014-09-22,61.29794403797342,61.29794403797342,60.345696162838706,60.80075454711914,551200,0.0,0.0
2014-09-23,60.758629023508796,61.12099004396774,60.56481175052295,60.590091705322266,701400,0.0,0.0
2014-09-24,60.885012703610535,60.885012703610535,59.50298663201664,59.59568405151367,845500,0.0,0.0
2014-09-25,59.57884405689783,59.696821456671,58.373783676969445,58.80356216430664,700400,0.0,0.0
2014-09-26,58.76985449343989,59.25862168961328,58.55075727801282,58.99738693237305,474700,0.0,0.0
2014-09-29,58.382204659922834,58.75299439776448,58.06198125042292,58.08726119995117,494000,0.0,0.0
2014-09-30,58.0956910167788,58.20523960976034,57.303551628078175,57.64063262939453,581200,0.0,0.0
2014-10-01,57.455248002267176,57.68277402188766,56.4692912017676,56.730525970458984,747800,0.0,0.0
2014-10-02,56.56198628194948,56.84850099310482,55.45804569136229,56.21647644042969,479700,0.0,0.0
2014-10-03,56.36816228962024,56.570408345197514,55.5423204789294,55.66872024536133,453500,0.0,0.0
2014-10-06,55.99736612672293,56.20804095252593,55.17152440997503,55.71928024291992,564800,0.0,0.0
2014-10-07,55.39064431663484,55.803565296428246,54.792321977646374,54.82603073120117,542000,0.0,0.0
2014-10-08,54.94400254269377,55.48332968591558,53.75579964035052,55.432769775390625,538800,0.0,0.0
2014-10-09,55.4412010652966,55.4412010652966,53.25860922427895,53.494564056396484,620000,0.0,0.0
2014-10-10,53.14905931975928,53.8147927227273,52.458045959472656,52.458045959472656,518300,0.0,0.0
2014-10-13,52.54230726452416,53.79793080791773,51.60691361372701,51.699607849121094,818400,0.0,0.0
2014-10-14,52.05354830669456,53.05635955068429,51.68276168534856,51.969276428222656,873900,0.0,0.0
2014-10-15,51.40466523036129,52.55073696951226,50.494548302926155,52.06196975708008,610500,0.0,0.0
2014-10-16,50.84006813363043,52.80355651930225,50.84006813363043,52.48332977294922,681300,0.0,0.0
2014-10-17,53.19118734539549,53.91590937258895,52.17994738221028,53.03950119018555,595700,0.0,0.0
2014-10-20,52.7108532197784,53.629395805763835,52.69399884397715,53.46928405761719,476000,0.0,0.0
2014-10-21,54.23613909522646,55.07040978096579,53.74737185336431,54.93558120727539,603200,0.0,0.0
2014-10-22,54.901870098785004,54.95243000808677,53.69680963589617,53.75579833984375,692600,0.0,0.0
2014-10-23,54.151860973394086,54.35410701324337,52.48331346410185,53.54511642456055,1181700,0.0,0.0
2014-10-24,53.932761710798594,55.03669586969492,53.74736681373193,54.8597297668457,888900,0.0,0.0
2014-10-27,54.33726368308919,54.67433832163387,53.46085226379918,54.261417388916016,1138300,0.0,0.0
2014-10-28,54.73334138233265,56.047957248757,54.48053533711557,55.77829360961914,735800,0.0,0.0
2014-10-29,56.14906519115961,56.66311239886109,54.893444740369446,55.42434310913086,709700,0.0,0.0
2014-10-30,55.08726633799228,56.1996293745481,55.08726633799228,55.432769775390625,676600,0.0,0.0
2014-10-31,55.44963612223591,56.99177150037624,54.99457756778398,56.86537170410156,950300,0.0,0.0
2014-11-03,56.7726713132607,56.93277985673428,56.014240428192224,56.115360260009766,737100,0.0,0.0
2014-11-04,55.92996207844517,56.26703669854729,54.9355765188569,56.1490592956543,709000,0.0,0.0
2014-11-05,56.02266143007269,56.452433514082166,55.63501403107697,56.01423263549805,762900,0.0,0.0
2014-11-06,55.92104753228475,56.497116736300605,55.81938597981625,56.090476989746094,619400,0.35,0.0
2014-11-07,56.48864177604931,57.14095227904676,56.09047545227766,56.70043182373047,692400,0.0,0.0
2014-11-10,56.63265371441723,56.89527775124215,55.03999498790893,55.277198791503906,894300,0.0,0.0
2014-11-11,54.90444071646494,55.2178922614411,54.4300331572087,54.81125259399414,532000,0.0,0.0
2014-11-12,54.43851935917281,54.90445361769191,54.3114440292786,54.55712127685547,484700,0.0,0.0
2014-11-13,54.6248983961095,54.853628830770795,54.15048423819112,54.235198974609375,539000,0.0,0.0
2014-11-14,54.16742581078826,54.68419731763472,53.88786460571058,54.57406234741211,883700,0.0,0.0
2014-11-17,54.548655078040106,55.00612244816191,54.10813130292211,54.709617614746094,515300,0.0,0.0
2014-11-18,54.701126609270354,55.02304511583119,54.45544940821661,54.650299072265625,713400,0.0,0.0
2014-11-19,54.23520118504254,54.32838933789667,53.125423227096626,53.20166778564453,713100,0.0,0.0
2014-11-20,52.676421352900256,53.404979640006914,52.676421352900256,53.354148864746094,549700,0.0,0.0
2014-11-21,54.24366631979406,54.90445023859223,54.226725959733315,54.828208923339844,742000,0.0,0.0
2014-11-24,54.99764076864156,55.15012986909626,54.69266256773215,55.08235549926758,590000,0.0,0.0
2014-11-25,55.200957109026184,55.68383812403212,55.02304779421239,55.4296875,448100,0.0,0.0
2014-11-26,55.56523766857664,55.61607167860982,55.217905327168765,55.40428161621094,318500,0.0,0.0
2014-11-28,55.2771926202013,55.2771926202013,54.023396148569006,54.16741180419922,207100,0.0,0.0
2014-12-01,53.498166673232845,53.95563071448756,52.94751126342933,53.26095962524414,496900,0.0,0.0
2014-12-02,53.39651026797066,53.76078943908325,52.81197085071696,52.90515899658203,526800,0.0,0.0
2014-12-03,53.32874184274967,54.47241019342427,53.116951766512905,54.2606201171875,585000,0.0,0.0
2014-12-04,54.057301333921615,54.430050712367404,53.853981434621986,54.12507247924805,431100,0.0,0.0
2014-12-05,54.33684870089776,55.18400880719591,54.16741603330627,54.38767623901367,488400,0.0,0.0
2014-12-08,54.294499104148805,54.294499104148805,53.10847665417368,53.32026672363281,401900,0.0,0.0
2014-12-09,52.62558750807318,53.48969124714721,52.62558750807318,53.227073669433594,399100,0.0,0.0
2014-12-10,52.8034931634119,53.23554341358553,51.5242795401988,51.854671478271484,535400,0.0,0.0
2014-12-11,51.78690152950315,51.78690152950315,50.98209873048996,51.075286865234375,658200,0.0,0.0
2014-12-12,50.68559678530544,50.68559678530544,49.47415742958437,49.50804138183594,831300,0.0,0.0
2014-12-15,49.57581647532705,49.855377667537994,48.33048991746615,48.406734466552734,1108900,0.0,0.0
2014-12-16,48.118703394805074,49.24542812161302,47.525690550783004,48.432151794433594,1264300,0.0,0.0
2014-12-17,48.423682344359264,49.65206541873112,47.92385764092493,49.52499008178711,1424800,0.0,0.0
2014-12-18,50.27895822116883,50.38061977528756,48.80490123470508,49.652061462402344,903300,0.0,0.0
2014-12-19,49.57580136336101,50.25352868661999,49.423312311670394,50.1264533996582,1159200,0.0,0.0
2014-12-22,50.321318670618545,50.651710641388036,49.88079496570596,50.524635314941406,979700,0.0,0.0
2014-12-23,50.64323504593964,51.58358337245447,50.64323504593964,51.31249237060547,420900,0.0,0.0
2014-12-24,51.25318948818577,51.59205484358139,50.74489468675187,51.47344970703125,448400,0.0,0.0
2014-12-26,51.80384063720703,52.14270273317169,51.60899097324475,51.80384063720703,316400,0.0,0.0
2014-12-29,51.803847308635675,52.93056868951757,51.786903716906515,52.55781936645508,411300,0.0,0.0
2014-12-30,52.30367631896544,53.10847598747912,52.30367631896544,52.701839447021484,376500,0.0,0.0
2014-12-31,52.62558714780494,52.65100414960867,51.89702890818154,51.90550231933594,454400,0.0,0.0
2015-01-02,52.0749355872983,52.684888699323764,51.49886642529793,52.04951858520508,566800,0.0,0.0
2015-01-05,51.29556017826112,51.29556017826112,48.779496056235395,48.89809799194336,1060600,0.0,0.0
2015-01-06,49.07599096512245,49.21153646874152,47.915382388405476,48.66088104248047,907700,0.0,0.0
2015-01-07,48.762548627861506,49.05058326265115,47.91538831749904,48.050933837890625,944200,0.0,0.0
2015-01-08,48.372853062993066,48.898094789096746,48.07634824314435,48.66936111450195,881500,0.0,0.0
2015-01-09,48.58464013080543,48.58464013080543,47.93232956758561,48.3643798828125,617500,0.0,0.0
2015-01-12,48.025504576345014,48.05092157669909,46.805595204105934,47.75441360473633,671100,0.0,0.0
2015-01-13,47.44943353807133,47.91537415639278,46.212580626085135,46.72087860107422,980300,0.0,0.0
2015-01-14,45.73817331292531,46.25493823777422,45.238348745509526,45.96690368652344,738700,0.0,0.0
2015-01-15,46.02622368660851,46.50063141764337,44.96727324174813,45.068931579589844,836300,0.0,0.0
2015-01-16,45.06891477026124,45.246817603046985,44.46743191751374,45.07738494873047,875400,0.0,0.0
2015-01-20,45.26376497867732,45.500968775570854,44.28105937941351,44.70463943481445,683400,0.0,0.0
2015-01-21,44.628403118841995,45.306130686030265,44.52674479167874,45.27224349975586,456900,0.0,0.0
2015-01-22,45.57721365467072,46.0431510727543,45.13669000596971,45.975379943847656,509700,0.0,0.0
2015-01-23,45.48403697864609,45.48403697864609,44.484387530178246,44.57757568359375,639300,0.0,0.0
2015-01-26,44.65381408641937,45.49250411987305,44.255650983527815,45.49250411987305,565800,0.0,0.0
2015-01-27,44.78089416201638,45.50097912735855,44.56063067336718,45.11128616333008,506600,0.0,0.0
2015-01-28,45.50944798074999,45.61957648238125,44.37425315847412,44.492855072021484,454300,0.0,0.0
2015-01-29,44.56910019998017,44.72158929985347,43.68805278552549,44.636871337890625,497700,0.0,0.0
2015-01-30,43.95066939907024,44.865600678779664,42.89171921368557,44.36577606201172,798000,0.0,0.0
2015-02-02,44.69617767071901,44.882553977791574,44.035393646240216,44.6284065246582,557600,0.0,0.0
2015-02-03,45.348482913732916,46.22953026705919,45.01809096415046,46.1786994934082,714100,0.0,0.0
2015-02-04,45.76359243764281,45.87372416380477,44.89101850303379,45.0350341796875,442800,0.0,0.0
2015-02-05,45.1112845984,46.21259230846086,45.1112845984,46.14482116699219,377600,0.0,0.0
2015-02-06,45.73818369422285,46.441325027021456,45.38237470584409,45.55180740356445,631500,0.0,0.0
2015-02-09,45.56874976689417,46.483681139240126,45.54333276234302,45.585693359375,564400,0.0,0.0
2015-02-10,45.52639299197678,45.57722053841864,44.82324843737218,45.35696029663086,663300,0.0,0.0
2015-02-11,45.39084781495838,45.450148774015425,44.5945151104897,45.15364074707031,451600,0.0,0.0
2015-02-12,45.64499781508764,45.84831447711846,45.16211670318936,45.560279846191406,902200,0.0,0.0
2015-02-13,46.060096272370025,46.805598106349386,46.00079532063229,46.71240997314453,428200,0.0,0.0
2015-02-17,46.661579374454526,46.831008807366956,46.043149664018856,46.08551025390625,624000,0.0,0.0
2015-02-18,45.94149806186425,46.7293573201792,45.763595192350486,45.91608428955078,907600,0.0,0.0
2015-02-19,46.4413200835995,48.46603236510559,46.05162718248527,48.10175323486328,1465200,0.0,0.0
2015-02-20,48.5083939360686,49.25389585237309,47.63581992271916,48.92350387573242,1377600,0.0,0.0
2015-02-23,48.5677025775851,49.05058370026704,48.322025309789694,48.74560546875,713100,0.0,0.0
2015-02-24,48.923498859619734,49.592756156414545,48.720179000870345,49.330135345458984,825700,0.0,0.0
2015-02-25,49.245430185589555,49.270843960995926,48.627003541306735,48.74560546875,519300,0.0,0.0
2015-02-26,48.71171828043474,49.38097570719045,48.610059947149104,48.74560546875,574900,0.0,0.0
2015-02-27,48.88960925138834,49.084455689203615,48.220351987810204,48.29659652709961,538800,0.0,0.0
2015-03-02,48.07635169636443,48.66936461031687,47.864561600785734,48.64394760131836,373600,0.0,0.0
2015-03-03,48.57617645119658,49.06752779247575,48.474518110183716,48.64394760131836,608900,0.0,0.0
2015-03-04,48.194940980723295,49.31319213328354,48.008564711410074,49.17764663696289,675900,0.0,0.0
2015-03-05,49.22000671917579,49.889264058102064,48.737125659864354,49.68594741821289,833600,0.0,0.0
2015-03-06,49.169183656600794,49.914682379689836,48.550757037109655,48.90656280517578,849000,0.0,0.0
2015-03-09,49.08446242938208,50.16035630635678,49.02516147197605,49.652061462402344,767500,0.0,0.0
2015-03-10,48.73712544841532,48.931971907321966,46.97503390649532,47.06822204589844,1144200,0.0,0.0
2015-03-11,47.08528181523967,48.02391425206238,47.08528181523967,47.776458740234375,1130600,0.4,0.0
2015-03-12,48.38231007718202,48.89429088547395,48.16044933985282,48.8174934387207,767700,0.0,0.0
2015-03-13,48.60416527207726,48.9369531073153,47.759396652641406,48.040985107421875,735600,0.0,0.0
2015-03-16,47.733793204958054,48.58709664394254,47.28154342392646,48.39937210083008,786800,0.0,0.0
2015-03-17,48.45909873838555,49.303867244421646,48.31403547410931,49.05641174316406,758100,0.0,0.0
2015-03-18,48.672429439193536,51.47979856341625,48.672429439193536,51.1640739440918,1266500,0.0,0.0
2015-03-19,50.36197845357306,50.404642982207555,48.61270673879957,48.91136169433594,1040100,0.0,0.0
2015-03-20,49.303879421701794,50.98488850266693,49.16735098018297,50.763031005859375,1629100,0.0,0.0
2015-03-23,50.86542011088919,51.616328072127146,50.77155620884764,51.351802825927734,613000,0.0,0.0
2015-03-24,51.368874976863566,51.838191283971106,50.99341932710173,51.3603401184082,482800,0.0,0.0
2015-03-25,51.957648294978924,52.11977803918535,50.976351247573064,51.001949310302734,583100,0.0,0.0
2015-03-26,51.15554514921887,51.45420007027314,50.566763654719715,50.959285736083984,639200,0.0,0.0
2015-03-27,50.54969262068979,50.942211386170236,50.12304093949086,50.57529067993164,606900,0.0,0.0
2015-03-30,50.76302774201118,52.230707580199294,50.60089799025415,52.00885009765625,589900,0.0,0.0
2015-03-31,52.606168099108814,52.73416168570411,51.26648171115629,52.11978530883789,1167000,0.0,0.0
2015-04-01,52.52936762186247,52.657361201091284,51.385940736573595,51.94058609008789,789100,0.0,0.0
2015-04-02,51.727252393422546,52.495226773229355,51.36886651957552,52.38429641723633,432200,0.0,0.0
2015-04-06,51.795522900201775,52.47816504653619,51.539532502213184,52.26483917236328,542200,0.0,0.0
2015-04-07,52.46963896162647,52.46963896162647,51.53953792221745,51.64193344116211,554200,0.0,0.0
2015-04-08,51.863775394535956,52.11123414164345,50.9080765756479,51.3347282409668,567200,0.0,0.0
2015-04-09,51.155550657306414,51.718730894144315,51.07021834560682,51.64193344116211,468700,0.0,0.0
2015-04-10,51.11287549844551,51.47126136776143,51.11287549844551,51.21527099609375,666500,0.0,0.0
2015-04-13,50.80568985885214,51.28353772324827,50.78862339868164,50.92515182495117,555400,0.0,0.0
2015-04-14,50.336371653953506,50.60089363864925,49.568397251398046,49.93531799316406,961800,0.0,0.0
2015-04-15,50.43022299596328,50.652083673595456,50.208365573424814,50.404624938964844,1021200,0.0,0.0
2015-04-16,50.58383760474011,50.686236382915325,49.26121764337931,49.269752502441406,647100,0.0,0.0
2015-04-17,48.732155077702416,48.87721508546692,48.032446587687105,48.365234375,691200,0.0,0.0
2015-04-20,48.6297698631264,49.056421630374025,48.37377619870209,48.851627349853516,624700,0.0,0.0
2015-04-21,48.88575669479357,49.28680711319144,48.19457971060154,48.40790557861328,656800,0.0,0.0
2015-04-22,48.689495699874364,49.14174548368865,48.510299502713366,49.03081512451172,788800,0.0,0.0
2015-04-23,49.55986519720743,53.945844343793816,49.55133033998225,53.49359130859375,2719900,0.0,0.0
2015-04-24,53.96292631545078,54.62849889109863,53.723999070877575,53.877593994140625,1324700,0.0,0.0
2015-04-27,54.38955740619277,56.01083183139976,54.227427685106285,55.25139236450195,1087100,0.0,0.0
2015-04-28,55.46472527882688,55.891377011740936,55.13193744796903,55.81458282470703,497200,0.0,0.0
2015-04-29,55.31113058770557,55.67805133970042,54.96127955079261,55.2940673828125,546800,0.0,0.0
2015-04-30,54.67115102369309,55.6097835036518,54.2530341618384,55.225799560546875,503200,0.0,0.0
2015-05-01,55.806056388351706,56.21563846804957,54.79062302752655,55.558597564697266,490000,0.0,0.0
2015-05-04,55.60125962921002,55.93404747605426,55.01247812624447,55.6439208984375,628400,0.0,0.0
2015-05-05,55.83163751475392,56.207093065718624,55.14899224212497,55.259925842285156,319400,0.0,0.0
2015-05-06,55.712179351456605,55.80604324557118,54.89300887479246,55.27699279785156,445000,0.0,0.0
2015-05-07,54.8674182340282,55.891379840775926,54.619959435189855,55.780452728271484,524700,0.0,0.0
2015-05-08,56.43749036410893,56.59962010488575,55.916974732320085,56.19856643676758,391900,0.0,0.0
2015-05-11,56.335092316035535,56.702013069136555,56.11323810081265,56.5996208190918,507200,0.0,0.0
2015-05-12,56.57403025239053,56.72762515799716,56.181504874581584,56.29243850708008,487200,0.0,0.0
2015-05-13,56.522827148281934,57.051877709977134,56.27536832959497,56.352169036865234,496500,0.0,0.0
2015-05-14,56.74467621568582,56.91533429195843,56.019369626244796,56.21562576293945,511700,0.0,0.0
2015-05-15,56.25829941872869,56.650818243342925,55.985242562032305,56.43749237060547,450200,0.0,0.0
2015-05-18,56.07910449650105,56.548417493920645,55.959642532780514,56.369224548339844,386100,0.0,0.0
2015-05-19,56.18149654617184,56.24123403800914,55.51592089060537,55.89137649536133,640100,0.0,0.0
2015-05-20,56.181494380968786,56.812943602847874,55.976703381807496,56.343624114990234,439600,0.0,0.0
2015-05-21,56.59108856472115,56.59108856472115,56.087642618338926,56.27536392211914,625000,0.0,0.0
2015-05-22,56.49722050277502,56.77027734568841,55.643917054897095,56.30096435546875,544300,0.0,0.0
2015-05-26,56.121768075489136,56.121768075489136,54.756483783731056,55.24286651611328,478300,0.0,0.0
2015-05-27,55.02821477521122,55.7580372295284,54.933770592940746,55.70651626586914,555200,0.4,0.0
2015-05-28,55.406003024994625,55.577728647854975,54.736289472496,54.985286712646484,443400,0.0,0.0
2015-05-29,54.92518572639224,55.1054927218109,54.39284610849224,54.77922058105469,437700,0.0,0.0
2015-06-01,54.633252881457075,54.77921473588847,54.03222635219544,54.40142822265625,476100,0.0,0.0
2015-06-02,54.66759000715786,56.049949922489255,54.427180726345725,55.4575080871582,455600,0.0,0.0
2015-06-03,55.55197046915968,57.02877822072503,55.51763189180253,56.393409729003906,609100,0.0,0.0
2015-06-04,56.007032261313206,56.71109093061887,55.56914011617717,55.946929931640625,615700,0.0,0.0
2015-06-05,55.663572460811416,55.82670356812116,55.371642259740916,55.72367477416992,314500,0.0,0.0
2015-06-08,55.72370068175548,55.9125956260367,54.68478176354074,55.0196418762207,302500,0.0,0.0
2015-06-09,55.11407697447993,55.60348351539178,54.79638949854463,54.80497741699219,254700,0.0,0.0
2015-06-10,55.423181810629515,56.04996235308649,55.242868259369395,55.26004409790039,365800,0.0,0.0
2015-06-11,55.23428267983629,55.72368923004943,55.053975692985404,55.363075256347656,411900,0.0,0.0
2015-06-12,55.1398465588244,55.1398465588244,54.62467942223889,55.0196418762207,329400,0.0,0.0
2015-06-15,54.53021751621377,54.73628497136931,53.76605657164684,54.40142822265625,394900,0.0,0.0
2015-06-16,54.332741554736224,55.114078386927,54.2726392253879,54.770633697509766,288300,0.0,0.0
2015-06-17,54.8650881224393,54.99388071616895,53.989307000940144,54.50447082519531,394100,0.0,0.0
2015-06-18,54.52163764980828,55.21710841180635,54.01505852330861,55.02821350097656,317600,0.0,0.0
2015-06-19,54.98528753006068,55.22569685497641,54.37567629883499,54.53881072998047,1132000,0.0,0.0
2015-06-22,54.74486541748047,54.94234821472587,54.3670789332088,54.74486541748047,477300,0.0,0.0
2015-06-23,54.796394752121756,55.24286829426368,54.49588308427016,55.18276596069336,674400,0.0,0.0
2015-06-24,55.07114759639836,55.4231802188797,54.56456846022349,54.77922058105469,358100,0.0,0.0
2015-06-25,54.71052776772402,55.062553801979874,54.246878450122374,54.40142822265625,383900,0.0,0.0
2015-06-26,54.58174008563135,54.950941989147445,54.19536561970388,54.88225173950195,570200,0.0,0.0
2015-06-29,54.05798183725319,54.710526028391094,53.03623906272295,53.1135139465332,527500,0.0,0.0
2015-06-30,53.628682789510435,53.65444327013417,51.79126123780676,51.92863845825195,582600,0.0,0.0
2015-07-01,52.20338681365333,52.42662681793514,51.94580496476201,52.23773193359375,493500,0.0,0.0
2015-07-02,52.40086791895963,53.11351444020362,51.7053972335342,52.229148864746094,359100,0.0,0.0
2015-07-06,51.51650496605963,52.34935617778357,51.47357520032081,51.8170166015625,435600,0.0,0.0
2015-07-07,51.868538333702745,52.22915559978158,50.20283905558735,52.014503479003906,534500,0.0,0.0
2015-07-08,51.32761391083066,51.73116094472962,50.09121887815892,50.20283889770508,821700,0.0,0.0
2015-07-09,51.19881279304896,51.40487694662547,50.589198423335986,50.889713287353516,439400,0.0,0.0
2015-07-10,51.41347170841225,51.88570567150277,50.97557959193603,51.16447448730469,575300,0.0,0.0
2015-07-13,51.72257463332165,52.52107748105142,51.40488714757471,51.90288162231445,679000,0.0,0.0
2015-07-14,51.98874006040016,52.70138663328314,51.65388329495635,52.546836853027344,434400,0.0,0.0
2015-07-15,52.512500136040856,52.692807150093365,51.40489429200669,51.75692367553711,565500,0.0,0.0
2015-07-16,52.17763778964899,52.17763778964899,51.516508866160166,51.671058654785156,541800,0.0,0.0
2015-07-17,51.60235694413366,51.65387462067794,50.657889134803504,50.95840072631836,523200,0.0,0.0
2015-07-20,50.90689727709748,51.112961476945365,50.22859579565778,50.40031814575195,600900,0.0,0.0
2015-07-21,50.17707603880094,50.70082771109028,49.65332764184287,49.850807189941406,1184100,0.0,0.0
2015-07-22,49.181091374218134,49.80787515485674,48.940682054337934,49.352813720703125,1687800,0.0,0.0
2015-07-23,49.21543589796094,52.43521757276821,48.85482192254155,51.92863845825195,2411100,0.0,0.0
2015-07-24,51.73115652578683,52.28925330051284,51.336197444615486,51.57660675048828,1508900,0.0,0.0
2015-07-27,51.09578755105747,51.98874112745611,50.675071243650336,51.413475036621094,1049700,0.0,0.0
2015-07-28,51.98873121831869,52.821582306344965,51.45639499649306,52.357933044433594,859300,0.0,0.0
2015-07-29,52.45238511289682,53.25089115382576,51.89428836589711,53.1135139465332,659600,0.0,0.0
2015-07-30,53.10494333482937,53.33676806180842,51.95440762056226,52.340782165527344,503900,0.0,0.0
2015-07-31,52.81300315801958,53.16503248377202,51.75691518076225,52.03166961669922,546700,0.0,0.0
2015-08-03,51.82560215629538,52.366526350861776,50.966993779353,52.3493537902832,659300,0.0,0.0
2015-08-04,52.58977158828252,52.96755815608306,51.94581520148722,52.39229202270508,391900,0.0,0.0
2015-08-05,53.225141967975084,53.95495787751994,52.8301795716036,53.087764739990234,570800,0.0,0.0
2015-08-06,52.976147274666275,53.33676128727585,52.61552998672508,52.89887237548828,556300,0.0,0.0
2015-08-07,52.667057251374956,53.628698068465255,52.36654551957556,52.61553955078125,494800,0.0,0.0
2015-08-10,52.864526232802845,53.90344175432021,52.75290620828224,53.80899429321289,889300,0.0,0.0
2015-08-11,53.182204587367416,53.225137628819404,52.160461742235455,52.77007293701172,490700,0.0,0.0
2015-08-12,52.07868546733636,52.46759102402323,50.94654220949954,51.55150604248047,539900,0.4,0.0
2015-08-13,51.24902353796575,51.74163615436564,50.548996818233135,51.15395736694336,579200,0.0,0.0
2015-08-14,51.274951279603,53.30589774090296,51.274951279603,52.9169921875,549400,0.0,0.0
2015-08-17,52.6317896174487,53.63429973888643,52.372517086921754,53.46145248413086,357000,0.0,0.0
2015-08-18,53.29725167508602,53.625661163742976,52.683646988564796,52.787357330322266,398100,0.0,0.0
2015-08-19,52.2947466364716,52.554019219797055,51.750282123778966,52.018192291259766,581900,0.0,0.0
2015-08-20,51.974975005167224,52.21695920375598,50.108231752427294,50.177371978759766,485500,0.0,0.0
2015-08-21,49.57241371416187,50.05638216531492,48.932879736411,48.950164794921875,695700,0.0,0.0
2015-08-24,46.91057772472645,49.58970266184619,46.13276981146309,47.59332275390625,903900,0.0,0.0
2015-08-25,49.218078181350464,49.218078181350464,46.83279285910538,46.86736297607422,838800,0.0,0.0
2015-08-26,48.05135548031426,48.12913658542159,47.20440750069406,47.826656341552734,901600,0.0,0.0
2015-08-27,48.7341094279469,50.72184512073499,48.4834810097081,50.51443099975586,493500,0.0,0.0
2015-08-28,50.030445771620535,50.704546428745786,49.529192366698126,49.92673873901367,578600,0.0,0.0
2015-08-31,49.382277144805634,50.53170871158545,48.88102367800233,50.229225158691406,462300,0.0,0.0
2015-09-01,48.92423285378697,50.211938235393625,48.613108432334045,49.278568267822266,985100,0.0,0.0
2015-09-02,50.17737735744163,50.17737735744163,48.91559446591884,49.86625289916992,476200,0.0,0.0
2015-09-03,50.19467423616545,51.37002881550356,49.56378099344181,49.5897102355957,538300,0.0,0.0
2015-09-04,49.12301850560952,49.261295694987076,48.18100412272859,48.258785247802734,497600,0.0,0.0
2015-09-08,52.761432249975435,52.761432249975435,49.676120220740266,50.23787307739258,631200,0.0,0.0
2015-09-09,50.9724644061243,51.14531167382949,49.736610892695204,49.90945816040039,673800,0.0,0.0
2015-09-10,49.909458638840995,50.41071539031244,49.46870123391563,50.082305908203125,548900,0.0,0.0
2015-09-11,50.08231598161549,50.57492865546841,49.3304339999644,50.20330810546875,513300,0.0,0.0
2015-09-14,49.97860808350043,49.97860808350043,47.93037300347601,48.414344787597656,701900,0.0,0.0
2015-09-15,48.37112607642427,49.64154644996581,48.18099374568453,49.408203125,610900,0.0,0.0
2015-09-16,49.09708491888399,50.43664560056962,48.94152269295531,49.615623474121094,748900,0.0,0.0
2015-09-17,49.52920150756837,50.36750539576671,49.02794471334929,49.52920150756836,532300,0.0,0.0
2015-09-18,49.1662208073815,49.25264609593901,48.19828065305101,48.6390380859375,1081700,0.0,0.0
2015-09-21,48.72545958295027,48.86373673709467,47.506891131806725,47.731590270996094,955700,0.0,0.0
2015-09-22,46.72907792436095,47.59331092210654,46.435238573255965,47.238975524902344,1149200,0.0,0.0
2015-09-23,47.532817960223184,47.69702105360592,46.478452579588065,46.616729736328125,676100,0.0,0.0
2015-09-24,46.18461484167624,47.74023703096513,46.01177086223311,47.67109680175781,967500,0.0,0.0
2015-09-25,47.887159785633216,48.06000707887459,47.238984908568995,47.46368408203125,600500,0.0,0.0
2015-09-28,46.85007540261394,47.10070379200225,46.072267593295656,46.106834411621094,886900,0.0,0.0
2015-09-29,46.547591195763005,46.73772351599714,46.029049403339194,46.20189666748047,1551800,0.0,0.0
2015-09-30,46.76366759304452,47.16121414704084,46.1673444652614,46.677242279052734,1258200,0.0,0.0
2015-10-01,47.074775397916454,47.67973589689297,46.659943928566506,47.44639587402344,777700,0.0,0.0
2015-10-02,47.282190201868396,48.15506744384766,46.87600290307422,48.155067443847656,715800,0.0,0.0
2015-10-05,48.85509736785553,49.22671787433366,48.37112892912139,48.97608947753906,752300,0.0,0.0
2015-10-06,49.01930591217533,49.43413743354699,48.55261921433676,49.38228225708008,567800,0.0,0.0
2015-10-07,50.29837209406733,50.45393433131978,47.76616859486554,49.16622543334961,1234800,0.0,0.0
2015-10-08,48.75138800159494,49.77982418186407,48.60446996017974,49.485984802246094,987700,0.0,0.0
2015-10-09,50.082311957076904,50.548998651684215,49.2353638613754,49.753902435302734,1023700,0.0,0.0
2015-10-12,50.065025966096805,50.263799192293796,49.33906999804409,50.13416290283203,781700,0.0,0.0
2015-10-13,49.44278419241442,50.834200273539174,49.036596800559536,50.50579071044922,769200,0.0,0.0
2015-10-14,50.96383092994326,51.08482304587751,49.99588740889345,50.36750793457031,547900,0.0,0.0
2015-10-15,50.49714643596294,51.35273546278059,49.93539353395245,51.31816864013672,486200,0.0,0.0
2015-10-16,51.352733217792526,51.45644357155437,50.08231270369499,50.36750793457031,619100,0.0,0.0
2015-10-19,50.21194500203536,50.31565535435411,48.76867721520517,48.941524505615234,683300,0.0,0.0
2015-10-20,48.78595844794663,49.51191437330644,48.49211906632986,49.0279426574707,525700,0.0,0.0
2015-10-21,49.19215360254837,49.43414114745287,48.129147131023835,48.20692825317383,947900,0.0,0.0
2015-10-22,49.89217256679262,52.510797600095266,49.390919122310414,52.372520446777344,1332400,0.0,0.0
2015-10-23,52.71822188498056,53.36639674422212,52.00955096928614,52.48487854003906,723100,0.0,0.0
2015-10-26,52.363894600997554,52.58859380335627,51.24039199562731,51.30088806152344,467600,0.0,0.0
2015-10-27,51.08482583270035,51.76757086333263,50.721846168308126,51.39595031738281,486500,0.0,0.0
2015-10-28,51.37866016372586,52.48487751355768,50.981113715728526,52.234249114990234,546800,0.0,0.0
2015-10-29,51.732988139500875,52.36387783671585,51.188520423958586,51.23173141479492,405200,0.0,0.0
2015-10-30,51.62063522800902,52.19102885993448,50.96381961725344,51.81940841674805,465200,0.0,0.0
2015-11-02,51.8453529376407,53.35776109070528,51.63793551177649,53.00342559814453,589600,0.0,0.0
2015-11-03,52.80464880229901,53.28862059581652,51.79349751009959,52.00955581665039,568900,0.0,0.0
2015-11-04,52.268824006240905,52.53673748747242,51.223102616149845,51.8539924621582,428600,0.0,0.0
2015-11-05,51.49964607525097,51.776200379420075,50.816901194489034,51.29222869873047,406100,0.0,0.0
2015-11-06,51.06754011068645,51.46508659294277,50.34158408810238,51.41323471069336,295800,0.0,0.0
2015-11-09,51.326806630590085,51.326806630590085,49.88353884187487,50.298370361328125,353100,0.0,0.0
2015-11-10,49.918092826762134,50.60948181152344,49.918092826762134,50.60948181152344,376300,0.0,0.0
2015-11-11,50.963826324177724,51.72434906897295,50.056378943103994,50.3934326171875,292900,0.0,0.0
2015-11-12,49.21808053723901,49.935392366344594,49.02794818159726,49.174869537353516,535200,0.0,0.0
2015-11-13,49.27857631694181,50.1255244376882,49.01930702231136,49.537845611572266,358600,0.0,0.0
2015-11-16,49.46869622999741,50.31564413773416,49.22670875865326,50.10822677612305,405700,0.0,0.0
2015-11-17,50.18601570655901,50.18601570655901,49.00201728612048,49.1057243347168,349700,0.0,0.0
2015-11-18,49.61053808356641,51.568848797391404,49.384245861950866,51.55144119262695,440200,0.4,0.0
2015-11-19,51.30774453856834,51.76033232994374,50.96830452507712,51.28163146972656,506600,0.0,0.0
2015-11-20,51.62975949498756,51.76031483458384,50.34162697962242,50.6462516784668,302900,0.0,0.0
2015-11-23,50.75941264348251,51.03792767503887,49.688869868407544,49.741092681884766,356400,0.0,0.0
2015-11-24,49.567016086557025,51.68199172489571,49.567016086557025,51.40347671508789,463200,0.0,0.0
2015-11-25,51.22939923179743,51.48180447347397,50.646256201722686,50.802921295166016,194300,0.0,0.0
2015-11-27,50.54181911133118,51.290329452513376,50.31552690872674,51.003108978271484,141800,0.0,0.0
2015-11-30,50.92477945285193,51.78643760667418,50.533119975821045,51.185890197753906,380100,0.0,0.0
2015-12-01,51.35125763790512,52.22161793685267,51.177184914083405,52.1781005859375,316800,0.0,0.0
2015-12-02,51.812555965628746,52.00403632500936,51.36867360180102,51.56015396118164,370500,0.0,0.0
2015-12-03,51.84735455359088,52.21290754789483,50.49829696733315,50.85514450073242,369400,0.0,0.0
2015-12-04,50.87255849327314,51.22070060950329,50.4808957073734,50.92477798461914,360300,0.0,0.0
2015-12-07,50.41126682934853,50.48959938891727,49.244987218242244,49.575721740722656,253500,0.0,0.0
2015-12-08,48.40944379831548,49.53220949445427,47.869821287986994,49.39295196533203,962700,0.0,0.0
2015-12-09,49.68886355672628,50.51570640420077,48.80109576134785,49.218868255615234,562700,0.0,0.0
2015-12-10,49.30590761397696,51.351252795566595,49.00127954597462,50.53311538696289,460600,0.0,0.0
2015-12-11,49.68886921734957,50.498304554754796,49.22757932490868,49.47127914428711,448500,0.0,0.0
2015-12-14,49.27109716525318,49.75849680885488,48.37462711777629,49.184059143066406,566800,0.0,0.0
2015-12-15,49.64535408645032,49.64535408645032,48.24407342205001,48.94036102294922,825800,0.0,0.0
2015-12-16,49.062209623033525,49.48868763474373,48.47906981046116,49.23628234863281,469100,0.0,0.0
2015-12-17,48.818507035888935,49.0099873552254,48.20055204914423,48.7227668762207,446600,0.0,0.0
2015-12-18,48.72276573666022,49.062205698336975,48.47906593241247,48.74017333984375,995500,0.0,0.0
2015-12-21,49.192767764355786,50.08053572670393,49.18406230149755,49.63665008544922,629900,0.0,0.0
2015-12-22,49.71498156549577,51.15977959343746,49.697573960320426,50.872562408447266,386200,0.0,0.0
2015-12-23,51.43828098250322,52.07364678219209,50.741993561113055,51.17717361450195,375100,0.0,0.0
2015-12-24,51.10755115736138,51.516618186855965,50.63755586033122,51.16847610473633,129500,0.0,0.0
2015-12-28,50.69848407432757,50.846443721725656,49.95867919701544,50.62015151977539,321800,0.0,0.0
2015-12-29,51.037929677371245,51.403482745731104,50.30682686081273,50.872562408447266,342800,0.0,0.0
2015-12-30,50.524417266611934,51.15977991882774,50.28941957549192,50.86385726928711,277800,0.0,0.0
2015-12-31,50.74201267008359,51.10756577907753,50.40257263183594,50.40257263183594,287900,0.0,0.0
2016-01-04,49.741089853408646,50.30682202651726,49.27109451932269,50.002197265625,432000,0.0,0.0
2016-01-05,50.002196348904405,51.28162364135627,49.98478874572101,51.124961853027344,451400,0.0,0.0
2016-01-06,50.419963422214316,51.07273353040439,50.12404084036173,50.48088836669922,477000,0.0,0.0
2016-01-07,49.43645999113176,49.810715152549555,48.470359612595615,48.97517013549805,880200,0.0,0.0
2016-01-08,49.009988386950816,49.30591101389995,46.76445727889657,46.825382232666016,742200,0.0,0.0
2016-01-11,47.24315500034722,47.3476006246055,46.35538711511776,47.15612030029297,483000,0.0,0.0
2016-01-12,47.59129771657444,47.59129771657444,46.12039012082784,47.25185775756836,439800,0.0,0.0
2016-01-13,47.60870810947072,48.061295854720534,46.024652661176866,46.381500244140625,479700,0.0,0.0
2016-01-14,46.677425419284575,47.58259763900189,46.08558012937642,47.286678314208984,524200,0.0,0.0
2016-01-15,46.21612847398934,46.21612847398934,44.971513036682744,45.67650604248047,789300,0.0,0.0
2016-01-19,46.520752200628095,46.94722682876439,44.69299383384789,45.07595443725586,717500,0.0,0.0
2016-01-20,44.05763352903507,45.34576625979094,43.5876415322528,45.041141510009766,1068100,0.0,0.0
2016-01-21,45.23263042733311,46.46854058462989,44.99763272415104,45.9115104675293,701800,0.0,0.0
2016-01-22,46.52945243627187,46.99074556965528,46.12908756743079,46.76445007324219,517700,0.0,0.0
2016-01-25,46.45982930976973,46.98204411186795,45.32836169178311,45.59817123413086,535100,0.0,0.0
2016-01-26,46.320576150585644,47.5651916431063,46.050763262781224,47.53037643432617,883400,0.0,0.0
2016-01-27,46.81667940204242,47.54778215668137,46.39890687370029,46.66871643066406,422400,0.0,0.0
2016-01-28,47.51295739566307,47.67832461733051,46.538155025538764,47.41721725463867,603400,0.0,0.0
2016-01-29,47.269270032872015,49.64535330093558,47.269270032872015,49.55831527709961,850000,0.0,0.0
2016-02-01,49.31461252496129,49.50609284587924,48.4790674666736,49.32331466674805,473600,0.0,0.0
2016-02-02,48.444241108164334,49.21015889537393,48.22665109181071,49.157936096191406,549600,0.0,0.0
2016-02-03,49.68016897652467,50.48089888236062,48.661845669138074,50.10664367675781,560700,0.0,0.0
2016-02-04,50.82033887949495,52.160694577729586,50.36775111177308,50.829044342041016,732700,0.0,0.0
2016-02-05,50.24590426445736,51.41218730473402,50.04572177577363,50.17627716064453,467700,0.0,0.0
2016-02-08,49.61053199240383,50.628851844886555,49.61053199240383,50.36774444580078,519700,0.0,0.0
2016-02-09,49.68886623095529,50.48089391649385,49.13183620861971,50.01089859008789,620000,0.0,0.0
2016-02-10,50.193678559049125,50.79422931071456,49.64535394252133,49.828128814697266,437500,0.0,0.0
2016-02-11,49.036103048541165,49.567023401893316,48.426850129609825,48.96647262573242,438100,0.0,0.0
2016-02-12,49.79331242778207,51.29033322011209,49.44517029665116,51.229408264160156,486900,0.0,0.0
2016-02-16,51.74291055735253,52.20420036527057,50.95958510979318,51.325138092041016,771600,0.0,0.0
2016-02-17,52.012718075678144,52.85696843448908,51.52531854495042,52.63067626953125,1096700,0.0,0.0
2016-02-18,53.0919739507576,53.0919739507576,51.49921313855769,52.12587356567383,961100,0.0,0.0
2016-02-19,51.542733653588215,52.41309387971346,50.75070598062068,51.742916107177734,788000,0.0,0.0
2016-02-22,52.4130998040975,53.00494509037328,51.751624098184024,52.21291732788086,513400,0.0,0.0
2016-02-23,51.84737490099058,52.86569841604156,51.386084896826624,51.61237716674805,685800,0.0,0.0
2016-02-24,50.950889530973356,51.977914885521635,50.53311701185961,51.83865737915039,524700,0.0,0.0
2016-02-25,51.82125086864431,52.621980717124636,51.50792064266126,52.59587097167969,413800,0.0,0.0
2016-02-26,53.01364122647755,53.36178664489999,52.25642875959364,52.51753616333008,423300,0.0,0.0
2016-02-29,52.68290846588422,53.718639358980276,52.282543520396196,52.996238708496094,385200,0.0,0.0
2016-03-01,53.85788982264415,55.485462458446946,53.039749114040305,54.92843246459961,759000,0.0,0.0
2016-03-02,55.05028723226713,57.33063353659392,54.623809237897326,57.29581832885742,1246800,0.0,0.0
2016-03-03,57.44378801524755,58.14877783416767,56.512502626673886,56.71268844604492,870500,0.0,0.0
2016-03-04,57.31322775417157,57.31322775417157,55.11121712978859,55.66824722290039,1287800,0.0,0.0
2016-03-07,55.990277661298016,57.10433774242735,55.28528464861784,57.07822799682617,852100,0.0,0.0
2016-03-08,56.63434539838705,57.28711563425611,55.52898740056277,56.25138473510742,719900,0.0,0.0
2016-03-09,56.592948771766906,57.79276400217811,55.9010812471334,57.11841583251953,666300,0.4,0.0
2016-03-10,57.31981982416614,58.362000553153266,56.92572134903459,58.30945587158203,765000,0.0,0.0
2016-03-11,58.66853269683851,59.14145495955249,57.89784827704989,58.74735641479492,541900,0.0,0.0
2016-03-14,58.17810535832221,59.43047187999552,58.09928163007703,58.88748550415039,561400,0.0,0.0
2016-03-15,58.116798750213135,59.49177396815733,57.69642113963812,58.90500259399414,562700,0.0,0.0
2016-03-16,58.88746693066012,59.51802983103516,58.40579176297122,59.24654006958008,898000,0.0,0.0
2016-03-17,59.64065780617222,61.52358744142647,59.018854379027935,61.41849136352539,712700,0.0,0.0
2016-03-18,61.40097639606868,62.47818275716434,61.12072688048459,61.532344818115234,858200,0.0,0.0
2016-03-21,60.901779838283495,61.20830169238227,59.693205092833196,60.726619720458984,700700,0.0,0.0
2016-03-22,60.33249770042416,61.20827790415414,59.90336727146483,60.56896209716797,375900,0.0,0.0
2016-03-23,60.56898637938262,60.67407576969021,59.35164526102485,59.45674133300781,577800,0.0,0.0
2016-03-24,58.896251406648766,59.850849151611335,58.55469747205882,59.85084915161133,559800,0.0,0.0
2016-03-28,60.15736397133946,60.604007210248696,59.42170488557298,60.201148986816406,431600,0.0,0.0
2016-03-29,59.64064671113602,61.33966290524974,59.31661222415419,61.3221435546875,557200,0.0,0.0
2016-03-30,61.73376134836266,62.031530172450914,61.06817302472915,61.278358459472656,523500,0.0,0.0
2016-03-31,61.120723785320905,61.26084519517943,60.35003932691114,60.59525680541992,444800,0.0,0.0
2016-04-01,59.885879976013946,61.61992864738185,59.75451822048903,61.558624267578125,684900,0.0,0.0
2016-04-04,61.54986391310174,61.89141783706289,60.131103515625,60.131103515625,589300,0.0,0.0
2016-04-05,59.83332280831182,60.411341138903964,59.71071407424831,60.10481262207031,561700,0.0,0.0
2016-04-06,59.98220217330727,60.70910156281467,59.77201673258906,60.42885208129883,656300,0.0,0.0
2016-04-07,60.28873355583503,60.41134898750353,59.17649512899345,59.386680603027344,575000,0.0,0.0
2016-04-08,60.393815670135176,61.576117875521824,59.97344481926065,60.8404655456543,907500,0.0,0.0
2016-04-11,61.29585968117704,61.82132651074076,61.05064227282552,61.182010650634766,898600,0.0,0.0
2016-04-12,61.453516834701475,61.68998131433806,60.29748682779774,61.26960372924805,567800,0.0,0.0
2016-04-13,62.09283541101141,63.581659507409974,61.81258593351257,63.47657012939453,953400,0.0,0.0
2016-04-14,63.7743453586357,64.1421716204946,63.41527877396658,63.87068176269531,783900,0.0,0.0
2016-04-15,63.537886474657284,64.25602631376694,63.196332568353654,63.92322540283203,689500,0.0,0.0
2016-04-18,63.49409465922611,64.51875637633141,63.178813102935884,64.21223449707031,736100,0.0,0.0
2016-04-19,64.22973078930286,64.97414946838951,63.634206536712156,64.12464141845703,1140100,0.0,0.0
2016-04-20,64.55380066951469,64.66764976582401,63.15255275399682,63.800628662109375,1533200,0.0,0.0
2016-04-21,64.04580457439094,64.77270375481763,62.48691686424306,63.292633056640625,967300,0.0,0.0
2016-04-22,63.02992469541834,63.99328192499947,62.4956980470581,62.872283935546875,1095600,0.0,0.0
2016-04-25,62.53072794564841,62.93358616682059,62.180414415423726,62.74091339111328,1247900,0.0,0.0
2016-04-26,63.16128863199902,63.511595467616615,61.93519466231365,63.47657012939453,913300,0.0,0.0
2016-04-27,63.126271494966716,64.82528142963511,62.846021951395294,64.76397705078125,930500,0.0,0.0
2016-04-28,64.80774905565144,65.39452031512108,63.78308759985983,64.12464141845703,863800,0.0,0.0
2016-04-29,64.15968314020554,64.89533557409132,63.59042446255098,64.78148651123047,925600,0.0,0.0
2016-05-02,64.83403871939596,65.61348294255112,64.37863573349249,65.30696105957031,1013300,0.0,0.0
2016-05-03,64.38737875571884,64.40489810727605,63.31017249357135,63.76557540893555,1020300,0.0,0.0
2016-05-04,63.15254828639553,64.15969745125174,63.00366716752092,63.97578430175781,780900,0.0,0.0
2016-05-05,64.17718838251336,65.10551349354071,63.51159338960303,64.01078796386719,974400,0.0,0.0
2016-05-06,63.58167026365279,64.43117851525518,63.05620323965746,64.22099304199219,884600,0.0,0.0
2016-05-09,63.117501010218035,63.27514176908969,61.49730840506078,62.08407974243164,872200,0.0,0.0
2016-05-10,62.3643199484971,63.415260411656234,62.15413452853488,63.362709045410156,531500,0.0,0.0
2016-05-11,63.76557426397065,64.15967948683279,62.8722811191644,63.4415397644043,492700,0.0,0.0
2016-05-12,63.78311187008044,64.01956972613267,62.62708157917435,63.20509338378906,425600,0.0,0.0
2016-05-13,62.98614145345524,63.97577784394469,62.69713224127641,63.87068176269531,1067100,0.0,0.0
2016-05-16,64.23850122551454,65.32446722344838,64.05458811405057,64.72894287109375,768700,0.0,0.0
2016-05-17,64.42241959204843,64.68515644795767,62.924835549387645,63.380245208740234,722800,0.0,0.0
2016-05-18,62.97739623125995,63.502863339013494,61.58490137995243,62.07533645629883,757300,0.0,0.0
2016-05-19,61.75129825401209,63.24888243044343,61.322160905582905,62.95987319946289,640100,0.0,0.0
2016-05-20,63.28392254972484,63.774357660137234,62.837272470355124,63.12628173828125,578700,0.0,0.0
2016-05-23,62.98613289187342,63.92321777352408,62.67961104865592,63.590423583984375,497800,0.0,0.0
2016-05-24,63.8706837449987,64.7464644042299,63.59043420131176,64.29106140136719,642000,0.0,0.0
2016-05-25,64.50238536098401,65.26849119613962,64.45835374168425,65.03073120117188,635500,0.4,0.0
2016-05-26,65.69116114444324,66.44845926554873,64.93386302333776,65.65593719482422,797800,0.0,0.0
2016-05-27,65.30369884944423,65.57667600978401,64.20297582448688,64.99549102783203,483500,0.0,0.0
2016-05-31,65.37418222156141,66.07864809963688,65.0659809192601,65.4710464477539,777100,0.0,0.0
2016-06-01,65.22446077963608,65.86728615454484,64.57283445533054,65.6999740600586,577500,0.0,0.0
2016-06-02,65.28612328425966,65.84969327884308,64.99553061628514,65.83208465576172,644400,0.0,0.0
2016-06-03,66.04341036367963,66.43086718766382,65.52387209359458,66.3251953125,807500,0.0,0.0
2016-06-06,66.36921375281337,67.28501633408482,66.33398980142425,66.7302474975586,584700,0.0,0.0
2016-06-07,66.906367937692,67.62844215283742,66.3692144305163,67.232177734375,627900,0.0,0.0
2016-06-08,67.72528162627225,68.94928495018141,67.64602608418896,68.22721099853516,881500,0.0,0.0
2016-06-09,67.50517840456033,67.66367614927324,66.76548867114919,67.11772155761719,492200,0.0,0.0
2016-06-10,66.79189939224678,67.73411842196525,66.4925058305993,67.54039001464844,704500,0.0,0.0
2016-06-13,67.32906621532496,67.540403283789,66.44848725872649,66.46610260009766,403500,0.0,0.0
2016-06-14,66.386852253684,67.02967789891272,65.73522565535755,66.21073913574219,435100,0.0,0.0
2016-06-15,66.45727262161635,67.21457080755054,66.43085633671107,66.66860961914062,472700,0.0,0.0
2016-06-16,66.26354285456685,66.82711264835909,65.61191654017243,66.76547241210938,325700,0.0,0.0
2016-06-17,66.9415848944001,67.53157768590066,66.3868227727845,66.58055114746094,587900,0.0,0.0
2016-06-20,67.53159204717065,68.54425231841597,67.53159204717065,68.28008270263672,693400,0.0,0.0
2016-06-21,68.42096586116469,68.42096586116469,66.84473581827564,67.41710662841797,753900,0.0,0.0
2016-06-22,67.73411212707984,67.93664818452913,66.94158995183834,67.4083023071289,521000,0.0,0.0
2016-06-23,68.25364484493589,69.01974387872224,67.46993047802736,68.96691131591797,591800,0.0,0.0
2016-06-24,66.05223225672536,67.56682920214872,64.98673247960419,65.30374145507812,943800,0.0,0.0
2016-06-27,64.59927268480952,64.79300112986064,63.68346976529425,63.7539176940918,593500,0.0,0.0
2016-06-28,64.23818944475009,64.6432614072921,63.401642680033795,63.90357208251953,1018900,0.0,0.0
2016-06-29,64.78417107017398,65.15401249111974,64.5376101228768,64.73133850097656,529400,0.0,0.0
2016-06-30,65.16281990750079,67.74291561311014,65.10998733850708,67.71649932861328,729900,0.0,0.0
2016-07-01,67.70768793429177,69.45123651621773,67.56679885196932,68.97572326660156,597100,0.0,0.0
2016-07-05,68.75559647934949,68.97574118627496,67.33786402928683,67.83098602294922,525700,0.0,0.0
2016-07-06,68.00710096403448,69.72422686814413,67.94546071922754,69.37199401855469,651000,0.0,0.0
2016-07-07,69.32797952800706,70.12049516080748,68.25367219856884,68.84365844726562,840100,0.0,0.0
2016-07-08,69.62733194001659,71.09789621593862,69.62733194001659,70.60477447509766,509800,0.0,0.0
2016-07-11,70.5519566902957,71.67028850615756,70.42867622928041,71.53820037841797,491400,0.0,0.0
2016-07-12,72.2955213235257,73.45788512203774,72.11060057356735,72.63894653320312,551100,0.0,0.0
2016-07-13,73.1761107447371,73.30819893331886,72.09300237859216,73.0792465209961,369200,0.0,0.0
2016-07-14,73.51070282509843,74.1887453757529,72.84146122308265,73.94218444824219,514300,0.0,0.0
2016-07-15,73.66039710050953,73.9245666347178,73.25533177343186,73.70442199707031,351000,0.0,0.0
2016-07-18,73.38742597370799,73.74846646715856,72.77983123632102,73.7308578491211,417400,0.0,0.0
2016-07-19,72.92950969525803,72.97354130672146,71.84639520509589,72.20743560791016,871100,0.0,0.0
2016-07-20,71.61747806493089,72.75342556513425,70.73689923236552,72.45402526855469,1507700,0.0,0.0
2016-07-21,69.46006080268086,70.42870296158009,66.95921996624529,67.24100494384766,1478800,0.0,0.0
2016-07-22,67.4787539711482,67.54039422110773,66.27236526218545,67.21458435058594,1047200,0.0,0.0
2016-07-25,67.14413393518987,67.57561566886723,66.05221809723196,66.64220428466797,651600,0.0,0.0
2016-07-26,66.3956272696082,68.02469632333931,66.32517936976605,68.00708770751953,564100,0.0,0.0
2016-07-27,68.50900661945322,69.06376862860039,67.37305960410195,67.90140533447266,498100,0.0,0.0
2016-07-28,68.16558658663753,69.34555858088987,67.30261667936506,69.21347045898438,950900,0.0,0.0
2016-07-29,69.1342339277264,69.7418286474382,68.03351057964005,69.07259368896484,866200,0.0,0.0
2016-08-01,68.92288312950808,68.92288312950808,67.62843824845207,68.15678405761719,614700,0.0,0.0
2016-08-02,68.32408885061785,69.01094578690898,67.54918211819586,67.97186279296875,875200,0.0,0.0
2016-08-03,67.68128022252309,67.99828909574708,67.31143877652255,67.92784118652344,915200,0.0,0.0
2016-08-04,67.73411789271982,67.90143001014667,67.25860454709844,67.35546875,466400,0.0,0.0
2016-08-05,67.38188976145702,67.56681722961899,67.04727222143147,67.21458435058594,729400,0.0,0.0
2016-08-08,67.34665959558305,67.60202149763533,66.90637026085803,67.1529312133789,643900,0.0,0.0
2016-08-09,67.1177070309532,67.5756049814577,66.4484653633401,66.51891326904297,427300,0.0,0.0
2016-08-10,66.88639182130579,67.00151902468215,66.27535283812755,66.3904800415039,462400,0.425,0.0
2016-08-11,66.61189984894126,67.15209260226639,66.32852059771287,66.83329010009766,504200,0.0,0.0
2016-08-12,66.76242421303547,66.82441319510832,64.91160549379427,65.00016021728516,552300,0.0,0.0
2016-08-15,65.13300941375304,66.0805593431073,64.92046992501085,65.72633361816406,455800,0.0,0.0
2016-08-16,65.9742981392408,66.37279790870495,65.12416034310124,65.1418685913086,343400,0.0,0.0
2016-08-17,64.92933539523194,65.66435268235027,64.60167537709262,65.4341049194336,565600,0.0,0.0
2016-08-18,65.72631765107803,66.2310869907016,65.25697155097271,66.07168579101562,293600,0.0,0.0
2016-08-19,65.39866034842849,65.88572146577046,64.07917671639166,64.64593505859375,610800,0.0,0.0
2016-08-22,64.07920571723848,65.08874489344957,63.96408519935316,65.07988739013672,339700,0.0,0.0
2016-08-23,65.67320233120925,66.25766903635889,65.23927260754597,65.46066284179688,373600,0.0,0.0
2016-08-24,65.19500937675527,65.31012988530388,63.999496509412104,64.07034301757812,533000,0.0,0.0
2016-08-25,64.17661691448188,64.66367148783883,63.79582535392519,63.87552261352539,473000,0.0,0.0
2016-08-26,64.18546351167538,65.41639274695936,63.60984751706267,63.795814514160156,333400,0.0,0.0
2016-08-29,63.680699697633194,64.66366626816684,63.680699697633194,64.44227600097656,387400,0.0,0.0
2016-08-30,64.18547192230426,64.41571294528394,63.423888830799,63.583290100097656,412200,0.0,0.0
2016-08-31,63.34417276026815,63.97292021495824,62.82169505031346,63.831233978271484,516500,0.0,0.0
2016-09-01,64.00837670556301,64.48658067078394,63.494749473700104,64.20320129394531,468200,0.0,0.0
2016-09-02,64.87619152961157,65.49608143897652,63.91092666355097,64.21202087402344,383600,0.0,0.0
2016-09-06,64.66366401399686,65.53151680389918,64.13232874252147,65.52265930175781,451100,0.0,0.0
2016-09-07,65.55806704236252,65.8148804933416,64.92046216493763,65.71746826171875,439400,0.0,0.0
2016-09-08,65.44293307287073,65.69974647089592,64.75219685018513,64.76990509033203,362600,0.0,0.0
2016-09-09,63.875519125735764,63.92865738552971,62.20180920256788,62.28151321411133,577400,0.0,0.0
2016-09-12,61.58191798286493,63.12279236201798,61.0594334352007,62.78628158569336,602700,0.0,0.0
2016-09-13,61.86528599269059,62.12209946850643,60.38640088781753,60.95315933227539,489400,0.0,0.0
2016-09-14,60.9354537269091,61.20112474459448,59.91706392380266,60.094173431396484,741200,0.0,0.0
2016-09-15,60.04104785627618,61.21883903497992,59.97020134372843,60.85576248168945,605800,0.0,0.0
2016-09-16,60.643214138602076,61.08599459396008,60.34211991568597,60.94430160522461,714400,0.0,0.0
2016-09-19,61.31625049648677,62.10439935843176,61.06829446211691,61.30739974975586,470300,0.0,0.0
2016-09-20,61.67046460707424,61.78558509940901,61.04171713731859,61.0948486328125,359300,0.0,0.0
2016-09-21,61.980399018632376,62.768547596720914,61.61732260086788,62.65342712402344,449100,0.0,0.0
2016-09-22,63.94638640024706,64.38030958442059,63.211368833781684,63.36191940307617,488500,0.0,0.0
2016-09-23,63.087359587004684,63.733822047133586,63.087359587004684,63.4327278137207,423700,0.0,0.0
2016-09-26,63.05194866468759,63.62756474050678,62.94568565495152,63.22906494140625,449500,0.0,0.0
2016-09-27,62.91911501005962,63.8046760559082,62.61802074119791,63.8046760559082,425800,0.0,0.0
2016-09-28,63.77809663444055,65.40753229541214,63.77809663444055,65.29241180419922,654400,0.0,0.0
2016-09-29,64.88503905491557,65.5403589337837,63.80466051737545,63.96406173706055,538800,0.0,0.0
2016-09-30,64.21202519335075,64.32714568246422,63.52128874608249,63.78695297241211,498700,0.0,0.0
2016-10-03,63.76926297614774,64.05264228577376,62.27266240790328,62.5560417175293,552600,0.0,0.0
2016-10-04,62.192956550532465,62.254945554813546,61.192268223330366,61.28968048095703,634400,0.0,0.0
2016-10-05,61.936126273203975,62.184082223239905,61.183394166789725,62.15751647949219,554200,0.0,0.0
2016-10-06,61.528769104388815,62.28149445451015,61.49334586062755,62.15751647949219,592100,0.0,0.0
2016-10-07,62.58259406667505,63.3884578173551,61.1214170696612,61.874149322509766,726300,0.0,0.0
2016-10-10,61.87414759153988,63.23791230018099,61.87414759153988,62.42319107055664,314600,0.0,0.0
2016-10-11,61.83871873746733,62.29920742874373,61.174548068170935,61.47563552856445,412500,0.0,0.0
2016-10-12,61.395956728364446,62.08669335085271,60.97088439959719,61.900726318359375,429400,0.0,0.0
2016-10-13,60.492664461753364,61.01514891936837,59.97018676043202,60.63435745239258,522600,0.0,0.0
2016-10-14,61.04172540837964,61.28968142934078,60.528098361363085,60.77605438232422,321100,0.0,0.0
2016-10-17,61.00629690619328,61.88300040668273,61.00629690619328,61.75017166137695,520800,0.0,0.0
2016-10-18,63.016525131459886,63.76039314175912,61.944990356732944,62.83940887451172,443200,0.0,0.0
2016-10-19,63.01652192578551,64.43341812782101,62.777416680142444,64.25630187988281,931800,0.0,0.0
2016-10-20,59.48313801173736,61.767887292229574,57.65002678815525,61.70589828491211,2446400,0.0,0.0
2016-10-21,60.90003715911722,61.21883971281671,59.70453096089181,60.53696060180664,1244500,0.0,0.0
2016-10-24,62.21952801790246,62.21952801790246,60.53696048902219,60.70521926879883,742500,0.0,0.0
2016-10-25,60.99742995281126,61.90956331910554,60.643211011823325,60.73176574707031,822500,0.0,0.0
2016-10-26,60.65207356717075,61.387090849813205,60.0853150436691,60.36869430541992,749100,0.0,0.0
2016-10-27,60.2889919796621,60.41296997397264,59.04034777887082,59.235172271728516,643000,0.0,0.0
2016-10-28,59.13776301420885,60.20929102278883,59.004927511792715,59.580543518066406,858400,0.0,0.0
2016-10-31,59.846204188483306,61.024001746869565,59.47427025098021,60.90887451171875,702900,0.0,0.0
2016-11-01,61.387076649945044,61.88298855422256,59.553965996584424,59.9081916809082,744500,0.0,0.0
2016-11-02,59.6425184025061,60.705195414032545,59.20859550318647,59.21745300292969,614300,0.0,0.0
2016-11-03,59.41228501664056,60.33326927932684,59.35029601608929,59.62482452392578,714000,0.0,0.0
2016-11-04,59.589407011557526,61.07714992436167,59.359159234638014,60.37755584716797,618600,0.0,0.0
2016-11-07,61.41365537809485,61.66161138265687,60.554660107794696,61.077144622802734,496900,0.0,0.0
2016-11-08,60.75833001205135,61.847566066014544,60.75833001205135,61.457923889160156,423800,0.0,0.0
2016-11-09,64.05262708166778,68.4627169631726,63.512434345246994,67.74541473388672,1859400,0.0,0.0
2016-11-10,69.01176416615328,69.68479237077176,67.88710474770228,69.1003189086914,1157300,0.0,0.0
2016-11-11,69.35713361736104,69.87076059197187,67.72770470571909,68.73724365234375,452800,0.0,0.0
2016-11-14,69.72907254340547,70.40210080766887,69.15345653145495,69.69364929199219,545800,0.0,0.0
2016-11-15,68.54241533675247,70.402091884325,67.9402336516411,70.29582214355469,586400,0.0,0.0
2016-11-16,69.81060900547445,70.27357649224693,68.92028116789,69.90853881835938,550900,0.425,0.0
2016-11-17,70.10442060903094,70.22016758938625,68.6798972530911,68.84015655517578,543200,0.0,0.0
2016-11-18,68.61757326654173,68.61757326654173,67.9142133869974,68.27925109863281,574300,0.0,0.0
2016-11-21,68.89354911275669,69.42775112138602,68.03883540867477,69.34761810302734,614600,0.0,0.0
2016-11-22,69.92634826940629,73.79036777378205,69.69486113270004,73.3630142211914,1272900,0.0,0.0
2016-11-23,72.94454910547083,74.35126850889822,72.68635325603204,74.08416748046875,676500,0.0,0.0
2016-11-25,74.217736887062,74.39579975623394,73.65683273577365,74.1732177734375,250200,0.0,0.0
2016-11-28,74.00403943834633,74.2533301027,72.72196540148612,73.06028747558594,561900,0.0,0.0
2016-11-29,70.93240559965403,73.39861711067125,70.79885508730625,72.70416259765625,637500,0.0,0.0
2016-11-30,73.47875066330172,73.69242742875043,71.75151259488138,72.20558166503906,571900,0.0,0.0
2016-12-01,72.6329361557527,72.97125823993244,71.84054503787966,72.58841705322266,522200,0.0,0.0
2016-12-02,72.36584012563584,74.01294514312531,72.13435300327666,73.91500854492188,689500,0.0,0.0
2016-12-05,74.78752282876695,76.47024154900133,74.77861765029466,76.30998229980469,564500,0.0,0.0
2016-12-06,75.67786969317605,76.71065329299628,74.44921966586892,75.54431915283203,1048700,0.0,0.0
2016-12-07,76.11411059548792,77.47631084356766,75.64223801728104,76.87088775634766,851000,0.0,0.0
2016-12-08,76.97773959148512,77.97490915753967,76.3634112452615,76.82638549804688,506100,0.0,0.0
2016-12-09,77.03115942485037,77.03115942485037,75.17928273544358,75.35734558105469,517300,0.0,0.0
2016-12-12,75.37515416890143,75.92715305291387,74.2355288887353,74.2978515625,410000,0.0,0.0
2016-12-13,74.84986357174807,75.26831875642615,73.29178980314994,74.09308624267578,568600,0.0,0.0
2016-12-14,73.84378642528812,75.28611304600548,73.4965591430664,73.4965591430664,476200,0.0,0.0
2016-12-15,72.31241747417768,73.72803526831596,72.00970252150991,73.51435852050781,493300,0.0,0.0
2016-12-16,73.26507370765076,74.3601730713116,72.57951751431729,72.81100463867188,859200,0.0,0.0
2016-12-19,72.3747404203393,73.06028976883017,71.65357714829985,72.30351257324219,433900,0.0,0.0
2016-12-20,72.24119934264584,73.64791893960863,72.24119934264584,73.39862823486328,347800,0.0,0.0
2016-12-21,73.38972091602405,74.2533399699128,72.69526631799535,73.90611267089844,363500,0.0,0.0
2016-12-22,74.11089779259984,74.62728964175825,72.9356651522833,73.13153839111328,485200,0.0,0.0
2016-12-23,72.94456904244552,73.19385978102899,72.25011432991637,72.57063293457031,175000,0.0,0.0
2016-12-27,73.08700763469486,73.76365868124171,72.66855926426445,73.2205581665039,170500,0.0,0.0
2016-12-28,73.60340190457264,74.4492174396847,71.79603745159378,72.14326477050781,225800,0.0,0.0
2016-12-29,72.09874504853195,72.38364966024267,71.49332189956397,71.89396667480469,174400,0.0,0.0
2016-12-30,72.19666950056055,72.43706178201256,70.7721465476159,70.81666564941406,282900,0.0,0.0
2017-01-03,71.75153059596627,72.82883345856173,70.90572170906569,71.59127807617188,269700,0.0,0.0
2017-01-04,71.63577231562813,73.59449750591138,71.4220955505168,73.52326965332031,358100,0.0,0.0
2017-01-05,73.4431418891024,74.76083008590817,72.93565529014704,73.24726867675781,350700,0.0,0.0
2017-01-06,72.90002327025047,73.17602945217912,71.48440561123789,71.52001953125,395900,0.0,0.0
2017-01-09,72.6774644694871,72.81101501382425,71.09268188476562,71.09268188476562,515700,0.0,0.0
2017-01-10,72.74867565703524,74.22662290164895,71.98299329051558,73.97732543945312,623700,0.0,0.0
2017-01-11,74.01296306562456,74.72522817182488,73.18495776654866,73.58560943603516,378900,0.0,0.0
2017-01-12,73.1760602014919,73.1760602014919,71.41320777975822,72.44599151611328,385500,0.0,0.0
2017-01-13,72.35692614845482,73.30957647570041,72.17886333300483,72.42815399169922,305500,0.0,0.0
2017-01-17,72.4281754300608,72.48159972463792,71.1995253373954,71.43991088867188,355800,0.0,0.0
2017-01-18,71.67138972295923,73.1048180608314,71.25293455948992,72.90003967285156,418300,0.0,0.0
2017-01-19,72.1521649976996,72.6596515668627,70.56738261654684,71.17280578613281,319900,0.0,0.0
2017-01-20,71.30634307861328,71.84944352547039,70.73653388726508,71.30634307861328,306900,0.0,0.0
2017-01-23,71.54674325356976,72.04532465281096,70.27357421536846,71.05706024169922,350300,0.0,0.0
2017-01-24,72.10763595714106,72.62402763501855,71.35976397621037,72.28570556640625,541000,0.0,0.0
2017-01-25,72.08093094151643,72.16996235442268,70.59408528873166,72.08983612060547,450500,0.0,0.0
2017-01-26,71.49333658608941,72.94456868875695,71.30636174039522,72.78430938720703,653900,0.0,0.0
2017-01-27,72.87332368907434,73.16713347161256,72.23228663359514,72.72196960449219,257000,0.0,0.0
2017-01-30,71.98300008508174,71.98300008508174,70.050990421163,71.67138671875,461400,0.0,0.0
2017-01-31,71.68029428064499,71.68919266807737,69.7393793724267,70.91461181640625,681400,0.0,0.0
2017-02-01,71.16391554545243,72.08095227586584,70.02429682056339,71.03036499023438,635700,0.0,0.0
2017-02-02,71.288541421951,72.16106559043712,70.81666880954319,71.72480010986328,375200,0.0,0.0
2017-02-03,71.88506498877375,72.79320315269095,70.71873773925442,72.62403869628906,461000,0.0,0.0
2017-02-06,72.80209601848384,73.28287381127129,72.44597035804415,72.79319763183594,354200,0.0,0.0
2017-02-07,73.16713573401034,73.87049548092848,72.42816206150196,72.60623168945312,407300,0.0,0.0
2017-02-08,72.4281542674415,73.13151393867045,71.86725028324368,72.53499603271484,400200,0.0,0.0
2017-02-09,72.70416531612118,74.48482076690843,72.3569312539691,74.431396484375,483000,0.0,0.0
2017-02-10,75.06352112891803,75.33062213789044,74.24442133063849,74.2889404296875,501200,0.0,0.0
2017-02-13,75.37516932573654,75.89155438676916,74.88548622435874,75.65116882324219,432200,0.0,0.0
2017-02-14,75.65115976284102,75.72238762226775,74.39579421292929,75.05464172363281,365300,0.0,0.0
2017-02-15,75.072427405932,76.56817813421378,75.072427405932,76.30998229980469,613900,0.0,0.0
2017-02-16,76.43465358749381,78.86525189371062,75.65116743235748,78.00163269042969,776300,0.0,0.0
2017-02-17,77.81465557919479,78.04614272252897,76.74625808180333,77.0489730834961,405700,0.0,0.0
2017-02-21,76.91540727696878,78.07283597118908,76.91540727696878,78.01051330566406,427300,0.0,0.0
2017-02-22,77.49411165684764,77.90366151943056,76.15862031651454,77.12907409667969,625300,0.0,0.0
2017-02-23,77.47632597993949,77.70781312127664,74.09308424904299,74.67179870605469,659200,0.0,0.0
2017-02-24,73.69243058658896,74.99231517981401,73.23836828963589,74.8587646484375,372300,0.0,0.0
2017-02-27,74.97449486795297,76.74624509056919,74.60946404281515,75.93605041503906,943600,0.0,0.0
2017-02-28,75.97167994649074,76.75516603878951,74.70741598187361,75.36625671386719,612600,0.0,0.0
2017-03-01,76.666127550456,78.15297334910761,76.64831719053062,77.70780944824219,566900,0.0,0.0
2017-03-02,77.29825858804861,77.86806783120838,75.26831231020923,75.2950210571289,369700,0.0,0.0
2017-03-03,75.23270441470726,75.98057655906183,74.44921834071734,75.33954620361328,436000,0.0,0.0
2017-03-06,74.27114868530865,74.95670494356278,74.05747190017992,74.62728118896484,435600,0.0,0.0
2017-03-07,74.64507759906593,74.64507759906593,72.7041695652288,72.775390625,535700,0.0,0.0
2017-03-08,73.02606391461686,73.55426873974912,72.06813984455202,72.69481658935547,635900,0.45,0.0
2017-03-09,72.25614488522295,73.40207201072054,71.76375795206368,72.11290740966797,541000,0.0,0.0
2017-03-10,72.38146941501155,73.2409146306282,71.75479274641506,71.853271484375,460100,0.0,0.0
2017-03-13,72.65902271776729,73.02607434062386,72.03233905322733,72.36358642578125,610300,0.0,0.0
2017-03-14,72.87386688954612,73.7422666256044,71.84432074029905,73.32149505615234,763500,0.0,0.0
2017-03-15,73.76913158227855,75.46116569737033,73.03502157906553,75.05829620361328,735000,0.0,0.0
2017-03-16,75.989363595921,76.31165645831452,73.8407536203169,73.97503662109375,471500,0.0,0.0
2017-03-17,74.35999892963716,75.5686006074979,73.69751106574073,73.73332214355469,697700,0.0,0.0
2017-03-20,73.88550390910548,73.91236050619491,72.82014668946593,73.25882720947266,545100,0.0,0.0
2017-03-21,73.59901620320433,73.64378174824164,70.55514355777397,71.35192108154297,683500,0.0,0.0
2017-03-22,71.41459805122862,72.17557143443278,70.94011326516943,71.66527557373047,462400,0.0,0.0
2017-03-23,71.61155430527606,72.49786301923531,70.90430096142858,71.07440185546875,302500,0.0,0.0
2017-03-24,71.0833500207777,71.68317008930624,70.24180693162438,70.55514526367188,478300,0.0,0.0
2017-03-27,69.06006418344316,70.00008594544666,68.20061903288195,69.73150634765625,768200,0.0,0.0
2017-03-28,69.73152529417565,72.04128860590986,69.73152529417565,71.26241302490234,476900,0.0,0.0
2017-03-29,71.01173044742205,71.58469394110692,70.79687084485613,71.02963256835938,410400,0.0,0.0
2017-03-30,70.93117333554304,71.97862176931199,70.83269457712734,71.72795104980469,436300,0.0,0.0
2017-03-31,71.51308474493524,72.30986246105049,71.03859990615481,71.63842010498047,377600,0.0,0.0
2017-04-03,71.83536762990886,72.61424311350318,70.83268488902117,71.37879180908203,431200,0.0,0.0
2017-04-04,71.4056498004791,72.67691220335423,71.19973783059119,71.88013458251953,524900,0.0,0.0
2017-04-05,72.43517701839103,72.97232933227825,69.93741158704006,70.04483795166016,512900,0.0,0.0
2017-04-06,70.0000989169303,70.71629992665001,69.4450374994296,70.34029388427734,365500,0.0,0.0
2017-04-07,70.10754110997742,71.73690782435592,69.83896823216061,71.20870971679688,573200,0.0,0.0
2017-04-10,71.44146436609559,71.5220341645995,69.98219204405717,70.22391510009766,415200,0.0,0.0
2017-04-11,70.23287632888778,71.37881049458467,69.71363270082819,71.14604187011719,424900,0.0,0.0
2017-04-12,70.36714632585286,70.86849451632874,69.0421707795026,69.14959716796875,457500,0.0,0.0
2017-04-13,69.33761099609758,69.67781282668872,67.86044328211014,67.92311096191406,572600,0.0,0.0
2017-04-17,68.32596988601556,68.62140614467819,67.16213380476152,67.87834167480469,581200,0.0,0.0
2017-04-18,67.09945492956626,68.17376655532941,66.37429953411706,67.43070220947266,562200,0.0,0.0
2017-04-19,67.88729425850308,68.33492245723207,67.00993998367797,67.18899536132812,519200,0.0,0.0
2017-04-20,68.12004773759323,69.14064619068748,67.18898720785491,68.82730102539062,667000,0.0,0.0
2017-04-21,68.69302420380737,69.00636256692792,67.97681637644835,68.88102722167969,512800,0.0,0.0
2017-04-24,69.97324041904463,70.80582227730187,69.39132241863491,70.51934051513672,436800,0.0,0.0
2017-04-25,71.41457077200144,71.59362607682078,70.27759861500996,70.8774185180664,439600,0.0,0.0
2017-04-26,69.65095168412964,71.56679986209578,68.9974114971298,71.30717468261719,870700,0.0,0.0
2017-04-27,70.04485570689727,73.66169222159873,69.47189218281228,72.0949935913086,1116100,0.0,0.0
2017-04-28,72.42625260079629,72.51577688521886,70.4477365449178,70.56411743164062,599000,0.0,0.0
2017-05-01,70.86850018793363,71.67422548696707,70.08067018139168,70.43877410888672,399500,0.0,0.0
2017-05-02,70.2597268955876,70.63573295298461,69.01531418708228,69.45399475097656,596400,0.0,0.0
2017-05-03,68.79151324829726,68.92580310314563,67.1173877926871,67.40386962890625,550600,0.0,0.0
2017-05-04,66.83089983219851,67.26957360958913,66.08783528969443,66.88461303710938,506500,0.0,0.0
2017-05-05,67.24270051481416,67.58289544625335,66.4548774381986,67.46651458740234,401700,0.0,0.0
2017-05-08,67.06367877743178,67.65454461334892,66.75033348643181,67.48444366455078,470000,0.0,0.0
2017-05-09,67.44862959172569,67.68139822236135,66.0162203844791,66.29375457763672,709900,0.0,0.0
2017-05-10,66.37432247858607,66.99205170618173,65.7565932509904,65.85507202148438,910400,0.0,0.0
2017-05-11,65.7476402399031,65.89983220724646,64.95981014021491,65.18362426757812,592200,0.0,0.0
2017-05-12,64.47636041741596,65.10304397122437,64.10930885941539,64.58379364013672,671000,0.0,0.0
2017-05-15,64.90608321815654,65.64914760322768,64.79865000083156,65.28208923339844,470200,0.0,0.0
2017-05-16,65.6223017544015,65.98935335408457,64.5748464971508,65.0761947631836,475300,0.0,0.0
2017-05-17,65.0761887787766,65.0761887787766,63.63482545322658,64.21674346923828,508900,0.0,0.0
2017-05-18,63.79596753240038,64.83446131604236,63.11557081398851,63.87653732299805,573400,0.0,0.0
2017-05-19,64.29731508310216,65.03142506597871,64.00187882858415,64.44055938720703,635900,0.0,0.0
2017-05-22,64.68227667935271,65.07619169187353,63.742254701387814,63.79597473144531,433600,0.0,0.0
2017-05-23,65.15678391765375,67.00101060146031,64.42267366999872,66.45491027832031,823400,0.0,0.0
2017-05-24,66.83317906600377,67.50871661803987,65.7433126400163,65.97750091552734,863800,0.45,0.0
2017-05-25,66.26573702056986,66.47290491546768,65.43707918482673,65.90544891357422,517400,0.0,0.0
2017-05-26,65.82436937101339,65.82436937101339,64.96868449614054,65.60819244384766,500100,0.0,0.0
2017-05-30,65.32898659572082,66.08559226017297,65.13082780569945,65.52714538574219,617400,0.0,0.0
2017-05-31,65.50914632365777,66.15765675055347,65.18488767424746,65.7072982788086,601000,0.0,0.0
2017-06-01,66.13062024182395,67.37361371925687,65.59920067306652,67.32857513427734,689600,0.0,0.0
2017-06-02,67.22950981672166,67.43667773029738,66.6530515423258,66.97731018066406,522700,0.0,0.0
2017-06-05,66.88723813313037,67.71589602214308,66.5990090033901,67.30156707763672,329000,0.0,0.0
2017-06-06,67.22950256028338,67.22950256028338,65.90544774196854,66.03154754638672,577400,0.0,0.0
2017-06-07,66.31976598915456,67.03133298363193,65.37401760808174,65.8694076538086,502300,0.0,0.0
2017-06-08,65.7252920402336,68.42744186649341,65.58117408431033,67.93204498291016,671400,0.0,0.0
2017-06-09,68.14822426648819,68.49950320625997,67.18445086484662,68.0221176147461,545900,0.0,0.0
2017-06-12,68.02213818696276,69.3732135552879,67.81497714543073,69.02193450927734,548800,0.0,0.0
2017-06-13,69.2110643165611,70.25589893254232,68.89581486240219,68.97688293457031,397900,0.0,0.0
2017-06-14,69.12098857528584,69.12098857528584,66.76111552858718,67.16643524169922,566600,0.0,0.0
2017-06-15,66.58098339083247,66.6440332911829,64.40125041080537,64.65345001220703,741500,0.0,0.0
2017-06-16,64.24814366847751,65.24794006347656,63.94189632265901,65.24794006347656,949200,0.0,0.0
2017-06-19,65.74331431714893,66.52694037139378,65.23891513111005,65.31097412109375,332900,0.0,0.0
2017-06-20,63.09520436568957,64.48230196565036,62.617818766622555,62.90604782104492,941300,0.0,0.0
2017-06-21,62.90603588627255,63.842781853402926,62.42865724969834,63.47349166870117,813600,0.0,0.0
2017-06-22,63.64465388580521,64.01394420910422,63.04116839292675,63.92387390136719,465300,0.0,0.0
2017-06-23,64.62643254084685,64.9506911493423,63.84280642499549,64.33820343017578,808200,0.0,0.0
2017-06-26,64.54537542780626,64.6624661492359,63.32039991160207,64.23912811279297,398600,0.0,0.0
2017-06-27,64.71648340446129,65.31095963205884,63.725696563720696,63.7256965637207,464500,0.0,0.0
2017-06-28,64.47330497161708,65.91445036051503,64.17606680242845,65.56317138671875,638100,0.0,0.0
2017-06-29,65.83338287628303,66.44587053108701,65.301963301046,65.84239196777344,583100,0.0,0.0
2017-06-30,66.26572333250968,67.15743088738877,65.56316544854901,65.5811767578125,613400,0.0,0.0
2017-07-03,65.77032146566644,66.67103804317003,65.65323078448294,66.41883850097656,240500,0.0,0.0
2017-07-05,66.50892407059808,66.66205114662888,64.86061757758442,66.07658386230469,428600,0.0,0.0
2017-07-06,65.98650529177485,66.70707450596908,65.71628754150024,66.0045166015625,435600,0.0,0.0
2017-07-07,66.13060906205958,66.60798774567654,64.26612603303515,65.32897186279297,344700,0.0,0.0
2017-07-10,65.13983451768773,66.28374175657679,64.43727655831549,65.30196380615234,619300,0.0,0.0
2017-07-11,65.48209229249082,66.00450955556136,65.30195172615304,65.73429870605469,610100,0.0,0.0
2017-07-12,66.3017636545019,66.77013336301776,65.52714666309491,65.6712646484375,652900,0.0,0.0
2017-07-13,65.90544148968577,67.13041679232973,65.2839516188479,66.65303802490234,610200,0.0,0.0
2017-07-14,66.82417450463443,66.82417450463443,66.02253718739811,66.22969818115234,292600,0.0,0.0
2017-07-17,66.57197995345146,67.74290763453767,66.2116918700697,67.5627670288086,472700,0.0,0.0
2017-07-18,67.55375888174252,67.63482009387724,66.53595138848348,66.89623260498047,525500,0.0,0.0
2017-07-19,66.66204496630054,67.72489094837583,66.20267752464414,67.5177230834961,914200,0.0,0.0
2017-07-20,67.51773727962365,68.16625454021832,66.85120870486779,68.04916381835938,549800,0.0,0.0
2017-07-21,67.9140459026587,68.18425681078413,67.55375781990116,67.63481903076172,359500,0.0,0.0
2017-07-24,67.69786750904417,67.7428992189204,66.93225284999794,67.01332092285156,456100,0.0,0.0
2017-07-25,67.90502833753087,69.00390376045657,67.88701702800608,68.64361572265625,570700,0.0,0.0
2017-07-26,68.73368118483499,68.73368118483499,65.77032276181791,66.56295776367188,963000,0.0,0.0
2017-07-27,67.55374707602263,68.22928454678286,66.67104175725004,66.99530029296875,689100,0.0,0.0
2017-07-28,66.50893710564354,66.50893710564354,64.24814248118608,64.6264419555664,632400,0.0,0.0
2017-07-31,64.96870490045052,65.29296352111481,64.69849396451315,65.17587280273438,587700,0.0,0.0
2017-08-01,65.40104541721438,65.58118602298966,64.65344884659213,64.77954864501953,471500,0.0,0.0
2017-08-02,64.35620661779289,65.21189162125799,64.35620661779289,64.87862396240234,401100,0.0,0.0
2017-08-03,64.81557284452872,65.20288130003013,64.67146174606843,64.86961364746094,347100,0.0,0.0
2017-08-04,65.01374063905632,65.68927825713799,64.95069073624566,65.2839584350586,283300,0.0,0.0
2017-08-07,65.7883470988944,66.4278551167435,65.7703289170266,65.94146728515625,648100,0.0,0.0
2017-08-08,65.9504739578003,66.67104315186378,65.10379811105499,65.7162857055664,266200,0.0,0.0
2017-08-09,65.45509037596396,65.45509037596396,64.75253234818852,65.15785217285156,361800,0.0,0.0
2017-08-10,64.85160881380976,65.13082881940917,64.30217102271664,64.3111801147461,330200,0.0,0.0
2017-08-11,63.59960216261481,64.50932788832499,63.16725515406343,63.266334533691406,392300,0.0,0.0
2017-08-14,63.70768849889237,64.06796964337482,63.26633241463336,63.78874969482422,298500,0.0,0.0
2017-08-15,63.950898036524066,64.34721565999156,62.671881725055435,63.1762809753418,253000,0.0,0.0
2017-08-16,63.57515983868985,65.05281312574455,63.54796495399774,64.86244201660156,443800,0.45,0.0
2017-08-17,64.42728563057268,64.42728563057268,62.605152771348635,62.650482177734375,385300,0.0,0.0
2017-08-18,62.587022492989675,63.35757395465483,62.06123183301257,62.831783294677734,359500,0.0,0.0
2017-08-21,63.01307972989097,63.466346006637686,62.886165725705446,62.913360595703125,294600,0.0,0.0
2017-08-22,63.20346508206761,64.30036889081413,63.149075329726884,64.26410675048828,316000,0.0,0.0
2017-08-23,63.8742977890643,65.07092076215851,63.54794544037533,64.76270294189453,466300,0.0,0.0
2017-08-24,64.88961485704736,64.88961485704736,64.0102769971399,64.06466674804688,336900,0.0,0.0
2017-08-25,64.46354096493147,64.63578439145235,64.0646643630076,64.25503540039062,536200,0.0,0.0
2017-08-28,64.43635635137319,64.69018444163699,63.81084647443977,64.5813980102539,542700,0.0,0.0
2017-08-29,63.97403489557912,65.45168122717614,63.71113949002541,65.1978530883789,281100,0.0,0.0
2017-08-30,65.06185179306485,66.3672611536138,64.6357872143874,66.04090881347656,313000,0.0,0.0
2017-08-31,66.5032586145779,66.69362970655332,65.6057929191802,65.65111541748047,307800,0.0,0.0
2017-09-01,66.04997612176948,66.76613781775694,65.98651910649444,66.50324249267578,286400,0.0,0.0
2017-09-05,66.83866698411126,68.17126440232381,66.48511282596097,67.11968994140625,493700,0.0,0.0
2017-09-06,67.37350672616651,67.89023006350294,67.11061142593636,67.60920715332031,389900,0.0,0.0
2017-09-07,67.68175070318593,68.06249286729029,66.3582065619326,66.71175384521484,516500,0.0,0.0
2017-09-08,66.44885723354969,67.11062230668472,65.75082310203878,67.08342742919922,472600,0.0,0.0
2017-09-11,67.5276274763232,67.6182793745955,66.58483251843901,66.67549133300781,502600,0.0,0.0
2017-09-12,66.78427583033624,67.8449176435292,65.98652938316751,67.80866241455078,352700,0.0,0.0
2017-09-13,67.31913105778638,67.67267831430324,66.90212677872283,66.96558380126953,330000,0.0,0.0
2017-09-14,66.62109407130339,66.62109407130339,65.43353830696614,65.66017150878906,693500,0.0,0.0
2017-09-15,65.53323446024355,65.9593058366837,64.51791558269029,65.67827606201172,862800,0.0,0.0
2017-09-18,65.84146129095468,66.63014715531232,65.57856600283546,66.30379486083984,572200,0.0,0.0
2017-09-19,66.37633904664611,67.24660978760602,65.56045806565336,66.93838500976562,422500,0.0,0.0
2017-09-20,67.17406807390722,68.98713337639484,67.17406807390722,68.51573944091797,835500,0.0,0.0
2017-09-21,68.23471425349273,68.47041469539806,67.0562258765575,67.21033477783203,392700,0.0,0.0
2017-09-22,66.7842760498501,67.7995953720088,66.65736199911741,67.40071868896484,320900,0.0,0.0
2017-09-25,67.31004581423085,68.10779201549632,66.75706037275647,67.5820083618164,323200,0.0,0.0
2017-09-26,67.84492143509038,68.43416922522711,67.29194270855304,67.39165496826172,319500,0.0,0.0
2017-09-27,68.03530423137296,69.03248914539971,66.95652775109333,68.9871597290039,623600,0.0,0.0
2017-09-28,69.40414255479266,69.78489155206775,68.12593502113465,69.13218688964844,318300,0.0,0.0
2017-09-29,69.15034022191459,69.47669267451404,68.88744480641512,69.05062103271484,436700,0.0,0.0
2017-10-02,69.15032309228414,70.8002125644784,69.01434178466937,70.7186279296875,416300,0.0,0.0
2017-10-03,70.90899262499535,70.99964451649757,69.8120888303376,70.41946411132812,277400,0.0,0.0
2017-10-04,70.41944476098718,70.80018675045122,69.82112999214874,69.92991638183594,383500,0.0,0.0
2017-10-05,70.35601491391698,70.96339026240173,69.86648634585119,70.47386169433594,419200,0.0,0.0
2017-10-06,70.1565701692163,70.30161873151941,69.00527660019378,69.1775131225586,373100,0.0,0.0
2017-10-09,69.17752379758572,69.17752379758572,67.47324442530744,68.08061981201172,336800,0.0,0.0
2017-10-10,68.25284167681009,68.51573696613046,67.89022724615116,68.2437744140625,238400,0.0,0.0
2017-10-11,68.31630912910805,69.22284188621799,68.31630912910805,68.55200958251953,436000,0.0,0.0
2017-10-12,68.47041803790569,69.0052759610745,68.19846236055035,68.55200958251953,285700,0.0,0.0
2017-10-13,69.80300928925904,70.23814797475139,69.06872010605389,69.37693786621094,298900,0.0,0.0
2017-10-16,69.65797407950565,69.71237074828142,67.84490855635813,68.12593841552734,481000,0.0,0.0
2017-10-17,67.87211554781277,68.83303813547167,67.79959126142055,67.8539810180664,329000,0.0,0.0
2017-10-18,67.87210455682367,68.94181340084572,67.72705600752789,68.86022186279297,440900,0.0,0.0
2017-10-19,68.515745458102,68.86929266983267,67.52762118499376,68.85115814208984,338800,0.0,0.0
2017-10-20,69.57639979648353,69.99340409885859,68.81491548335441,69.91181945800781,371700,0.0,0.0
2017-10-23,69.67612821464745,69.80304228367757,68.9962284521441,69.20472717285156,471900,0.0,0.0
2017-10-24,69.34975372270083,70.2925485901937,69.06873079011109,70.2744140625,278300,0.0,0.0
2017-10-25,70.35602649184219,70.35602649184219,68.85117839611438,68.9871597290039,325800,0.0,0.0
2017-10-26,70.48292618905994,72.25066240734735,69.96620276246081,71.09030151367188,830300,0.0,0.0
2017-10-27,70.65515720546126,70.99963712381992,69.92086105326936,70.9361801147461,486600,0.0,0.0
2017-10-30,70.44668283499705,70.7730352879198,69.28632163184878,69.56734466552734,393800,0.0,0.0
2017-10-31,69.52199224714367,70.2562814921047,69.2953590810401,69.65796661376953,598400,0.0,0.0
2017-11-01,70.76395603049535,72.51356480587079,70.13845303196122,70.4829330444336,614800,0.0,0.0
2017-11-02,70.60983339316735,71.33506233964685,70.60983339316735,71.1628189086914,724100,0.0,0.0
2017-11-03,71.06310734161133,71.06310734161133,69.90274643641253,70.16564178466797,259000,0.0,0.0
2017-11-06,70.31067425973505,70.61889897535272,69.413208819967,69.94806671142578,403500,0.0,0.0
2017-11-07,69.77582066268724,70.04777631370024,69.28629219130937,69.69422912597656,330400,0.0,0.0
2017-11-08,69.55826126599483,70.29255058360881,69.10499488894006,69.97526550292969,317600,0.0,0.0
2017-11-09,69.10498772229678,69.72143020781395,68.90554943046838,69.0687255859375,346600,0.0,0.0
2017-11-10,69.33163510359182,69.38602486113557,67.890244282012,68.49761962890625,386100,0.0,0.0
2017-11-13,68.35257255201174,69.30442781506147,68.18032911171389,68.25285339355469,739400,0.0,0.0
2017-11-14,67.80865758493387,68.18939970876247,66.57577239856805,67.26473236083984,609700,0.0,0.0
2017-11-15,66.69360941668938,67.9355616860838,65.89586314306331,67.43696594238281,664600,0.0,0.0
2017-11-16,67.8474009866639,68.14837916574177,67.4004984215537,67.76531982421875,565000,0.45,0.0
2017-11-17,67.49170688104485,68.09366328244353,67.20897357890365,67.8200454711914,296800,0.0,0.0
2017-11-20,67.62850911170905,68.95097883265603,67.60114872496231,68.94185638427734,304700,0.0,0.0
2017-11-21,69.63502686459753,69.63502686459753,69.13340346214713,69.5438232421875,385300,0.0,0.0
2017-11-22,69.71711894562311,70.21874237649416,69.45262355477514,69.56206512451172,230100,0.0,0.0
2017-11-24,70.04543625696525,70.04543625696525,69.00569991051245,69.14250183105469,104000,0.0,0.0
2017-11-27,69.18812422826284,69.37053147304165,68.13014272505268,69.21548461914062,488100,0.0,0.0
2017-11-28,69.21546993297895,69.68973980219772,68.22133883060584,69.64413452148438,340300,0.0,0.0
2017-11-29,70.00895031751534,71.58679270376028,69.79005333758779,70.96659851074219,446900,0.0,0.0
2017-11-30,71.2949466896328,72.01546702322106,70.95749264366626,71.69625091552734,425900,0.0,0.0
2017-12-01,71.81480633264678,72.7177407330622,70.16399825975525,71.65975952148438,629200,0.0,0.0
2017-12-04,72.66301908311684,74.76985923517698,72.66301908311684,74.44152069091797,797900,0.0,0.0
2017-12-05,74.1496675232401,74.1496675232401,72.55358002883915,73.40178680419922,439800,0.0,0.0
2017-12-06,73.44739216392053,74.50537360157125,73.44739216392053,74.05846405029297,435200,0.0,0.0
2017-12-07,73.95812840319658,74.73337644101078,73.79396608936942,74.6056900024414,464700,0.0,0.0
2017-12-08,75.08907726604437,75.99200480682536,74.35943449147254,75.76399230957031,571100,0.0,0.0
2017-12-11,75.9646401532529,76.603072326348,75.61806368191397,76.3021011352539,529200,0.0,0.0
2017-12-12,76.26563749301535,76.9861579601738,76.03762495119521,76.32035827636719,319300,0.0,0.0
2017-12-13,76.2747481474254,76.68517487170735,75.5633501754048,76.5939712524414,368500,0.0,0.0
2017-12-14,76.5209995689153,76.94054175132845,75.107319226862,75.18940734863281,575600,0.0,0.0
2017-12-15,75.64542824549376,75.85519584607488,74.870180188838,75.43565368652344,788700,0.0,0.0
2017-12-18,76.21089229101031,77.0773439264531,76.07409036397263,76.63955688476562,434800,0.0,0.0
2017-12-19,76.63955960508281,76.84021171637883,75.90080133930128,76.42066955566406,569800,0.0,0.0
2017-12-20,77.45127582778107,78.21740136204215,76.6030691425573,77.96202850341797,337400,0.0,0.0
2017-12-21,78.32684424312562,78.84671241665829,77.71577246971484,78.52749633789062,483200,0.0,0.0
2017-12-22,78.64607588210579,78.77376232757842,77.94379347361695,78.72815704345703,168200,0.0,0.0
2017-12-26,78.63694946226083,79.64020303676037,78.46365774141843,79.46691131591797,380900,0.0,0.0
2017-12-27,79.649327694927,79.649327694927,78.5639859747162,78.98352813720703,191000,0.0,0.0
2017-12-28,79.1203412237155,79.3301157952796,78.48190897702406,79.22978973388672,267600,0.0,0.0
2017-12-29,79.48517022771384,79.48517022771384,78.24478149414062,78.24478149414062,258800,0.0,0.0
2018-01-02,79.01087988146936,80.24215280615961,78.24476130986417,80.16006469726562,367100,0.0,0.0
2018-01-03,80.26040238640071,80.88059668317666,79.38483519537398,80.50665283203125,388600,0.0,0.0
2018-01-04,81.04476303540751,81.34574120348512,80.31512025674472,81.01740264892578,547600,0.0,0.0
2018-01-05,80.9991607101036,81.40046494886106,80.13271596739308,80.67082214355469,480900,0.0,0.0
2018-01-08,80.95356394402788,81.98417798987643,80.16920034864238,81.79264831542969,383100,0.0,0.0
2018-01-09,81.86559450883992,81.86559450883992,80.81673581497243,81.11771392822266,530400,0.0,0.0
2018-01-10,81.30923265013699,81.59196583220381,80.60695048009181,81.07209777832031,403500,0.0,0.0
2018-01-11,81.91121201877132,82.85974489715046,81.33662299751792,82.84150695800781,509400,0.0,0.0
2018-01-12,83.21543915044582,83.21543915044582,82.04801627643104,82.49491882324219,334800,0.0,0.0
2018-01-16,82.76852422943158,84.07275579865512,81.98416079852018,82.93269348144531,512100,0.0,0.0
2018-01-17,83.09687895266164,83.2975310729968,82.80502322082582,82.96919250488281,311900,0.0,0.0
2018-01-18,83.01479479575151,83.56203040766736,82.74118394818343,83.15160369873047,317400,0.0,0.0
2018-01-19,83.22456051047034,83.32488656474314,82.60436624696086,82.91446685791016,275700,0.0,0.0
2018-01-22,82.85062825593222,83.4069793770413,82.3946032031143,83.09688568115234,579700,0.0,0.0
2018-01-23,83.01478079360041,83.27016061666802,81.52814192656886,82.63172149658203,391600,0.0,0.0
2018-01-24,83.67145286760781,84.14572269524373,83.08774150927765,83.79002380371094,395800,0.0,0.0
2018-01-25,84.49229745049756,84.49229745049756,82.43106284351114,82.99653625488281,317100,0.0,0.0
2018-01-26,82.99654705406354,83.79003303091915,82.30338713031804,83.63497924804688,290000,0.0,0.0
2018-01-29,83.41608882578252,84.04540552727505,83.08775028225503,83.10599517822266,268600,0.0,0.0
2018-01-30,82.64995785208964,83.19718635677314,80.90793934198061,80.95354461669922,347600,0.0,0.0
2018-01-31,81.49167714574284,81.74705006698885,79.43044191821538,79.88646697998047,493100,0.0,0.0
2018-02-01,79.49428420464149,80.39721178882992,78.90145029160058,79.52164459228516,569900,0.0,0.0
2018-02-02,78.85585243153693,78.85585243153693,77.39657363322573,77.55162048339844,259300,0.0,0.0
2018-02-05,77.0499859898205,78.54574741234126,74.79722140781725,75.10731506347656,493000,0.0,0.0
2018-02-06,73.32882147251452,76.76724691461371,72.81806874024676,76.12881469726562,721600,0.0,0.0
2018-02-07,76.67604785000617,79.08385943867604,76.2838660479976,76.90406036376953,385000,0.0,0.0
2018-02-08,77.00439174411892,77.0499970333768,73.82133878052237,73.8395767211914,297800,0.0,0.0
2018-02-09,75.00697056036422,76.02846879993817,73.27407461899614,75.68189239501953,458200,0.0,0.0
2018-02-12,76.43888956928063,78.33595477509614,75.73661430281352,77.68840026855469,503200,0.0,0.0
2018-02-13,77.55160780302386,78.98352597698388,77.40568342624775,78.70991516113281,422800,0.0,0.0
2018-02-14,77.97115402855282,81.09037037601176,77.78874680845344,80.79850769042969,448100,0.0,0.0
2018-02-15,85.93335423678154,86.45322247129207,81.65583740439823,83.42521667480469,1159300,0.0,0.0
2018-02-16,83.36138155294489,87.30143775487923,81.94770109726976,86.25257873535156,1229700,0.0,0.0
2018-02-20,85.36788629626332,87.5294474959463,84.127497627887,84.5652847290039,744300,0.0,0.0
2018-02-21,84.62911733112269,85.10338025259759,83.62586375841072,83.63497924804688,457300,0.0,0.0
2018-02-22,84.38285142395796,84.38285142395796,82.56787411996729,83.33399963378906,389500,0.0,0.0
2018-02-23,83.70794825274174,84.21869402829084,82.8415035323082,84.173095703125,212400,0.0,0.0
2018-02-26,85.07601259177127,85.44083393930279,83.7809034185034,85.11249542236328,461000,0.0,0.0
2018-02-27,84.91185176294367,85.20370747826523,84.33726278045128,84.65647888183594,551800,0.0,0.0
2018-02-28,85.03042549172248,85.44996766130457,82.20306489408644,82.23954772949219,406300,0.0,0.0
2018-03-01,82.95095227631704,85.8147889806395,82.82326582135157,85.3861312866211,1373400,0.0,0.0
2018-03-02,84.78418593612737,85.18549025166031,83.02392876807262,84.64737701416016,590200,0.0,0.0
2018-03-05,83.92683982683859,85.59589303440922,83.8994794395652,84.96658325195312,356400,0.0,0.0
2018-03-06,85.27669083997635,85.60502945763574,84.08190734473224,84.66561889648438,581500,0.0,0.0
2018-03-07,83.95419880484174,86.52617932803352,83.95419880484174,86.01542663574219,750100,0.0,0.0
2018-03-08,86.07016585080905,86.22521268952482,83.07863583733757,83.96332550048828,495500,0.0,0.0
2018-03-09,84.87536492864955,85.2766691276996,83.7079421223826,84.47406768798828,483600,0.0,0.0
2018-03-12,84.51055380254559,85.8695063133932,84.51055380254559,85.60501098632812,467100,0.0,0.0
2018-03-13,85.80565667303222,86.71770657740105,85.03953113500036,85.08513641357422,558000,0.0,0.0
2018-03-14,86.05192942002721,86.05192942002721,82.95095754864803,83.14249420166016,578500,0.0,0.0
2018-03-15,83.51848206815625,83.77526336942093,82.34462069279441,82.42715454101562,486900,0.5,0.0
2018-03-16,82.68393007557563,84.70150312844125,81.51923464307119,83.23417663574219,795300,0.0,0.0
2018-03-19,83.04158973252002,83.04158973252002,80.84976927876791,81.51923370361328,326100,0.0,0.0
2018-03-20,81.55593517041954,81.70266435097547,79.99690176858697,80.29036712646484,735200,0.0,0.0
2018-03-21,80.70304312459676,82.95905917233159,80.62967504253251,82.1795425415039,359200,0.0,0.0
2018-03-22,81.10657335998029,81.17993445683939,76.67707441125721,76.75044250488281,1009400,0.0,0.0
2018-03-23,77.04389717578987,77.04389717578987,75.74163818359375,75.74163818359375,705200,0.0,0.0
2018-03-26,77.2639736312314,78.11685813041404,76.11762387409145,77.86007690429688,690200,0.0,0.0
2018-03-27,78.43786685324169,78.43786685324169,76.86966058150843,77.27317810058594,604400,0.0,0.0
2018-03-28,77.17228003057731,77.31900918585433,75.85168264926007,76.23685455322266,619900,0.0,0.0
2018-03-29,77.10809054787984,79.24488869551419,77.10809054787984,78.63043975830078,411300,0.0,0.0
2018-04-02,77.95178394549751,78.9697430955857,76.07176753398886,76.42942810058594,396500,0.0,0.0
2018-04-03,77.03473039231744,78.40117781756285,77.03473039231744,77.96098327636719,423400,0.0,0.0
2018-04-04,76.52116095384022,77.65833824698038,75.89754624532489,77.5207748413086,450700,0.0,0.0
2018-04-05,78.25446211922262,79.99691605386258,78.19026677937224,79.39163970947266,328400,0.0,0.0
2018-04-06,78.62127723985805,79.18986240359365,75.56739893684954,76.14515686035156,564100,0.0,0.0
2018-04-09,76.74127519606743,78.03435470344454,76.30107359980622,76.61288452148438,446400,0.0,0.0
2018-04-10,78.4928810028728,79.73094471324,77.87843902603765,79.28157043457031,424200,0.0,0.0
2018-04-11,79.00643956991927,79.12565744530534,77.33735433069026,77.69501495361328,375200,0.0,0.0
2018-04-12,78.47454867467751,79.96022104633992,77.89679069519194,79.66675567626953,513400,0.0,0.0
2018-04-13,80.48295554759187,80.90481157501169,78.77718591680903,79.43748474121094,292800,0.0,0.0
2018-04-16,80.05191356362559,80.54713760029281,79.16234484943251,80.27201080322266,276500,0.0,0.0
2018-04-17,80.95981660460033,81.70264912273244,80.62050150212751,81.30831146240234,537000,0.0,0.0
2018-04-18,82.12452732240678,83.12414129205325,81.8860845327577,82.00530242919922,586200,0.0,0.0
2018-04-19,81.82187050286609,82.97739314592184,80.85893380085889,82.74812316894531,488100,0.0,0.0
2018-04-20,82.9957467361067,83.0966261040355,81.29914999776042,82.22540283203125,428700,0.0,0.0
2018-04-23,81.91358831317362,81.96861087621926,80.45543441834134,81.01484680175781,286800,0.0,0.0
2018-04-24,81.85857487949288,82.7206254493322,79.46499516534604,80.42792510986328,693100,0.0,0.0
2018-04-25,79.99689872186633,82.25291488652466,79.48332911756506,81.43671417236328,555300,0.0,0.0
2018-04-26,84.82991239358788,85.9579240369662,83.58268285162734,85.31596374511719,985900,0.0,0.0
2018-04-27,85.11419359820187,85.28844103929002,81.40918951344239,81.69348907470703,821300,0.0,0.0
2018-04-30,82.21623617332202,82.49135601800842,80.03358095627233,80.62968444824219,594100,0.0,0.0
2018-05-01,79.95102977408511,80.2628335965056,78.01599053307767,80.14361572265625,1073700,0.0,0.0
2018-05-02,80.6388464559011,81.55592647609933,79.86849560061663,80.06108856201172,513500,0.0,0.0
2018-05-03,80.1894781501715,81.67514328541829,79.96020814813808,81.1707534790039,581900,0.0,0.0
2018-05-04,80.97818364786578,83.08746388868539,80.54715483869904,82.41799926757812,526400,0.0,0.0
2018-05-07,82.9040395484939,84.17878028330249,82.68394229126312,83.88531494140625,428700,0.0,0.0
2018-05-08,83.50928947061786,84.4813988760361,83.50928947061786,84.13290405273438,582800,0.0,0.0
2018-05-09,84.42640077893618,84.74738444561156,83.36259138770058,83.49098205566406,349400,0.0,0.0
2018-05-10,83.7202385870514,85.26093335060806,83.50014133419059,84.44473266601562,504500,0.0,0.0
2018-05-11,84.80239846614687,85.24259299855164,84.22463352181245,84.2796630859375,239700,0.0,0.0
2018-05-14,84.42637570749865,84.97662926024246,83.90364042980369,84.22461700439453,416800,0.0,0.0
2018-05-15,83.56435190771455,85.28846019716529,83.09663903786121,84.96748352050781,482200,0.0,0.0
2018-05-16,85.01332171662753,86.37060333115589,85.01332171662753,85.88455200195312,665000,0.0,0.0
2018-05-17,85.92125730073693,87.61785449103307,85.15090619468496,87.48946380615234,812900,0.0,0.0
2018-05-18,87.35188778513722,88.20477263865804,87.17764031069501,88.17726135253906,579400,0.0,0.0
2018-05-21,88.45235926665195,88.45235926665195,86.23302744459852,86.57234954833984,355900,0.0,0.0
2018-05-22,87.02173203408223,88.38817945389802,86.76495071994407,86.92085266113281,321000,0.0,0.0
2018-05-23,85.99459676049152,86.4347982812435,85.08668943259994,86.20552825927734,409300,0.0,0.0
2018-05-24,86.1778668041468,87.07219262960854,86.01190936195616,86.69417572021484,535400,0.5,0.0
2018-05-25,86.3161582011874,86.32537297802872,85.3111918252006,85.65232849121094,481300,0.0,0.0
2018-05-29,84.74878318741123,86.09487923102054,84.70268819943657,85.41261291503906,425800,0.0,0.0
2018-05-30,86.21476037422386,87.66227555318491,86.0027008741673,87.0814208984375,381700,0.0,0.0
2018-05-31,88.22466663218356,89.81048051484493,86.23317746767461,86.27005767822266,768600,0.0,0.0
2018-06-01,87.45942940642756,87.80056612250031,86.7955995990329,86.89701843261719,621600,0.0,0.0
2018-06-04,86.89700104504213,88.15089997829388,86.82324062916135,87.49629211425781,433100,0.0,0.0
2018-06-05,87.49630376290696,88.14168990233505,87.13673048034255,87.91119384765625,302900,0.0,0.0
2018-06-06,88.55660272208239,89.03603150577575,87.61617471311631,89.02680969238281,307000,0.0,0.0
2018-06-07,88.92538526874945,89.155881349834,87.56085240787088,88.31687927246094,647500,0.0,0.0
2018-06-08,88.26155556991259,88.78708631236938,87.8466584358583,88.14169311523438,331500,0.0,0.0
2018-06-11,88.31688159649612,88.42752225063376,87.0998625377114,88.07716369628906,277800,0.0,0.0
2018-06-12,88.48284463242528,88.54738325952403,87.35802253083342,87.6346206665039,221700,0.0,0.0
2018-06-13,87.99416904929618,88.09558786798013,86.96154427459626,87.37643432617188,497300,0.0,0.0
2018-06-14,88.39985946687679,88.8424150625388,87.45021668476195,88.59347534179688,351500,0.0,0.0
2018-06-15,88.38141820650483,88.38141820650483,86.06723557465693,86.6665267944336,801200,0.0,0.0
2018-06-18,85.78141184045839,87.42254261066344,85.74453162791453,87.1182861328125,392600,0.0,0.0
2018-06-19,85.28353973876708,85.28353973876708,83.55021194989524,84.7856674194336,500600,0.0,0.0
2018-06-20,85.51404842108037,86.07645943704256,84.28780754797056,85.95660400390625,312500,0.0,0.0
2018-06-21,85.42183877761215,85.46793376777296,84.01120405659128,84.7856674194336,437700,0.0,0.0
2018-06-22,85.3480651421802,86.43600662695873,85.24664633167015,86.08565521240234,620300,0.0,0.0
2018-06-25,85.61547560783285,85.61547560783285,82.05661510891385,82.97859954833984,516800,0.0,0.0
2018-06-26,82.91404964528073,83.59631606811824,81.90908308517461,83.39347839355469,491300,0.0,0.0
2018-06-27,83.30127257833689,83.59630724633605,81.6970220107278,81.84453582763672,360700,0.0,0.0
2018-06-28,81.36509848384578,81.71544991668367,79.68708766900224,80.94098663330078,733100,0.0,0.0
2018-06-29,81.6324868806279,81.89986315900339,80.64596400795085,80.71050262451172,402700,0.0,0.0
2018-07-02,79.8346139117724,81.1807171250737,79.69632189974568,80.78426361083984,588000,0.0,0.0
2018-07-03,81.45730486527486,81.99205740393482,80.06510671606753,80.1941909790039,283600,0.0,0.0
2018-07-05,81.18072029254253,81.41121636715602,80.29560917594661,81.08851623535156,557200,0.0,0.0
2018-07-06,80.98709381432224,81.92752169625248,80.01901456431362,81.42964935302734,319800,0.0,0.0
2018-07-09,82.25944006633804,83.12610755606148,81.52184981540125,83.02468872070312,412500,0.0,0.0
2018-07-10,84.29702072757469,85.36651880574686,83.3104978559567,84.04808807373047,484500,0.0,0.0
2018-07-11,82.9785787005393,83.35659560213766,81.90907364310311,82.62822723388672,325600,0.0,0.0
2018-07-12,83.32893730139008,84.37078404725936,82.1764569429909,82.55447387695312,324500,0.0,0.0
2018-07-13,82.55447784566073,83.62397601189545,82.18568270640722,82.96936798095703,316900,0.0,0.0
2018-07-16,83.12610305629674,83.89134463505597,82.62823071899243,82.8956069946289,404900,0.0,0.0
2018-07-17,82.8587423116042,83.84526535908799,82.63746098631563,83.65164947509766,252900,0.0,0.0
2018-07-18,83.80837658900556,85.38496894139995,83.69773593764761,85.30198669433594,407700,0.0,0.0
2018-07-19,84.6934770833686,84.72113548648234,83.59631353197804,83.95588684082031,403500,0.0,0.0
2018-07-20,83.85447197618146,84.3892245756344,83.27362438075085,83.93745422363281,430100,0.0,0.0
2018-07-23,84.15872143444906,85.4126205804602,83.89134515714858,84.44453430175781,384300,0.0,0.0
2018-07-24,85.79064141459156,86.80482273167792,85.14524818794976,85.46794128417969,679300,0.0,0.0
2018-07-25,85.3941899229489,86.7126277768558,83.93745301473638,84.75801849365234,480200,0.0,0.0
2018-07-26,85.99346347121588,86.66651503407343,82.60978313628056,84.92396545410156,1043400,0.0,0.0
2018-07-27,85.42183232778278,85.5970045318575,83.33814619327596,83.64240264892578,559100,0.0,0.0
2018-07-30,84.07575955404313,84.74880422583695,83.74384460783317,83.75305938720703,394600,0.0,0.0
2018-07-31,83.74383372344026,83.992766383652,82.63744836847908,83.16297912597656,713700,0.0,0.0
2018-08-01,83.25517686278052,83.55021152820966,82.76651932343671,82.98780059814453,665100,0.0,0.0
2018-08-02,81.91831371949243,83.33817056015651,81.51264536086187,82.8587417602539,664000,0.0,0.0
2018-08-03,81.91830246817857,83.14454325771896,81.83532725878113,82.55447387695312,548500,0.0,0.0
2018-08-06,82.20413496894722,83.23675302633038,81.40200598435884,83.11689758300781,795000,0.0,0.0
2018-08-07,84.09417844255027,85.41261613626169,83.58709135061895,83.63318634033203,439600,0.0,0.0
2018-08-08,83.63319628478271,84.14950524972114,82.81263080799896,83.39347839355469,574700,0.0,0.0
2018-08-09,83.41191746192742,83.46723426681096,82.65589064706504,82.90482330322266,409400,0.0,0.0
2018-08-10,81.66015810138029,82.39774843572854,80.286403313694,81.63249969482422,368700,0.0,0.0
2018-08-13,81.86298988126721,81.94596509494133,80.27717570090533,80.95944213867188,636100,0.0,0.0
2018-08-14,81.16227346245226,81.52184676191573,80.64596452664458,80.85801696777344,518300,0.0,0.0
2018-08-15,79.77007205267593,79.853054290701,78.00908584068446,79.22610473632812,457600,0.0,0.0
2018-08-16,80.0236377794324,81.33124017362945,79.7176006173663,81.04375457763672,516400,0.5,0.0
2018-08-17,80.96030839522275,82.52757639503803,80.15348493353041,82.14735412597656,486400,0.0,0.0
2018-08-20,82.6110507911195,83.38077824972488,82.49976259186953,82.79652404785156,311200,0.0,0.0
2018-08-21,83.02836044828298,85.23553017879934,83.02836044828298,84.1504898071289,575700,0.0,0.0
2018-08-22,84.06703863406418,84.4008961598147,82.68524375408917,82.95417785644531,399600,0.0,0.0
2018-08-23,82.65740573765218,82.65740573765218,80.53370394647906,80.66354370117188,491100,0.0,0.0
2018-08-24,82.07315646691235,82.07315646691235,81.08085982993093,81.50745391845703,445100,0.0,0.0
2018-08-27,81.74858267521128,82.99126899984365,81.25707220127906,82.31428527832031,344900,0.0,0.0
2018-08-28,82.93561879491439,83.37148865894616,81.95259796137893,82.35137176513672,372900,0.0,0.0
2018-08-29,82.22154211924365,83.24165905061373,81.47035925289953,82.57394409179688,363000,0.0,0.0
2018-08-30,82.2122753173736,82.2122753173736,80.79338441253722,81.32199096679688,417100,0.0,0.0
2018-08-31,80.9139310930859,81.85058717623573,80.69136180240928,81.50745391845703,621500,0.0,0.0
2018-09-04,80.682099000204,81.84132456055177,80.05148001236077,80.73773956298828,337800,0.0,0.0
2018-09-05,80.58936877072549,82.16591282786453,80.45026027736571,81.6373062133789,409800,0.0,0.0
2018-09-06,81.81348831778544,82.62958040592859,81.06231256534289,81.84130859375,352000,0.0,0.0
2018-09-07,79.64342323099463,80.41315063233729,77.974142818536,79.07772064208984,1271300,0.0,0.0
2018-09-10,79.19828706423817,79.65270147620892,78.61403288778203,78.79023742675781,573000,0.0,0.0
2018-09-11,78.05761293716553,79.60633663341248,77.08386768294658,79.18901824951172,471700,0.0,0.0
2018-09-12,79.41159338424019,80.61719092080139,79.19829982145527,80.03294372558594,454900,0.0,0.0
2018-09-13,80.7470174268421,80.7470174268421,79.16119766851259,79.54141998291016,320800,0.0,0.0
2018-09-14,79.79180536372974,79.81962564189496,78.66967600051271,79.26319885253906,649400,0.0,0.0
2018-09-17,79.25391534080244,80.25548770920037,78.94787816012256,79.0127944946289,315200,0.0,0.0
2018-09-18,79.70834511447524,80.37606015601511,79.17046984243582,79.968017578125,556700,0.0,0.0
2018-09-19,80.5522615930595,81.72076287065856,80.51516552825547,81.35908508300781,407800,0.0,0.0
2018-09-20,82.54612989818136,82.54612989818136,81.21997566705555,81.40544891357422,396500,0.0,0.0
2018-09-21,81.47036220262977,81.5260098347795,79.6156015055848,80.02365112304688,757800,0.0,0.0
2018-09-24,79.85672546549931,80.9139385376712,79.21683073616077,79.33739471435547,296200,0.0,0.0
2018-09-25,79.9030933599513,80.3760522383258,79.39303134364489,80.3204116821289,328000,0.0,0.0
2018-09-26,79.92164241108374,80.21840385330738,78.62330844809877,78.68822479248047,605000,0.0,0.0
2018-09-27,78.88298913426509,79.6619924933758,78.64187527996971,78.93863677978516,454400,0.0,0.0
2018-09-28,78.52129693326735,79.76399035103508,78.52129693326735,79.09627532958984,332100,0.0,0.0
2018-10-01,79.64342171188368,80.30186090969649,78.81805376847392,79.77325439453125,376400,0.0,0.0
2018-10-02,78.07614885220002,79.52285983998748,78.07614885220002,79.13336181640625,690300,0.0,0.0
2018-10-03,79.58779183665811,79.7176245367306,79.01281339680031,79.54141998291016,301900,0.0,0.0
2018-10-04,79.74545750601062,80.32043603734513,78.84589717285529,78.96646118164062,349500,0.0,0.0
2018-10-05,78.44708261167622,79.22608560811254,77.24149267541975,77.64026641845703,713700,0.0,0.0
2018-10-08,77.60318068942851,79.03134714346427,76.76853703767387,78.81804656982422,999100,0.0,0.0
2018-10-09,78.76240771385446,79.41157108177859,78.12251305450778,78.22452545166016,637600,0.0,0.0
2018-10-10,77.983414271345,78.26163122088427,76.04519263570106,76.119384765625,659800,0.0,0.0
2018-10-11,76.04519542959441,77.17660068877383,74.64484899607305,75.5351333618164,724800,0.0,0.0
2018-10-12,76.7314556381648,76.7314556381648,75.02507902442957,75.84117126464844,684300,0.0,0.0
2018-10-15,75.59078077779625,76.87983900857112,75.2940193234168,75.43312072753906,874200,0.0,0.0
2018-10-16,76.2028349381695,76.38831523701523,75.44238340127687,76.3512191772461,542600,0.0,0.0
2018-10-17,76.33267241834115,77.20441218945736,75.59077240227131,77.13949584960938,531400,0.0,0.0
2018-10-18,76.87982885752331,77.11167393424964,75.34964993605944,75.5165786743164,602400,0.0,0.0
2018-10-19,75.81333522084071,75.84115549620525,74.66338569522499,75.1827163696289,291100,0.0,0.0
2018-10-22,74.31100012152326,75.91537156884469,74.31100012152326,75.59078979492188,571400,0.0,0.0
2018-10-23,74.14406322835026,75.03435467562434,73.57836059483398,74.5799331665039,680700,0.0,0.0
2018-10-24,73.9493119568753,74.97870477862386,70.80549293110842,70.9353256225586,1032400,0.0,0.0
2018-10-25,70.46237110941381,73.040487679774,69.83175210782306,72.32640075683594,1457400,0.0,0.0
2018-10-26,70.74986306861771,71.66796783279871,69.6091818779942,70.7034912109375,817000,0.0,0.0
2018-10-29,71.71433295075649,72.18729189295583,69.22895302520833,69.95230865478516,451500,0.0,0.0
2018-10-30,69.82247435836521,71.54740254728269,69.64626981019421,71.35265350341797,784100,0.0,0.0
2018-10-31,72.08529521785289,73.81021657826682,71.9740070017107,73.18887329101562,635000,0.0,0.0
2018-11-01,73.8472968828549,75.47948832768246,73.4207027584223,75.0992660522461,532100,0.0,0.0
2018-11-02,75.96172480084613,76.55524763487907,75.15490138176214,76.17501831054688,470600,0.0,0.0
2018-11-05,76.4625046533761,77.2878725732223,75.37747137564801,76.02664184570312,528300,0.0,0.0
2018-11-06,76.06372299380776,76.60160522276264,75.53511654820716,76.37903594970703,317500,0.0,0.0
2018-11-07,77.22294674577059,77.59390024374632,75.96171617321222,76.82417297363281,362600,0.0,0.0
2018-11-08,76.74073142366481,77.38062619149116,75.44239739236338,75.84117126464844,301600,0.0,0.0
2018-11-09,75.19199059263674,75.48875198261557,73.78236868372511,75.1734390258789,676500,0.0,0.0
2018-11-12,75.21981483618848,75.98954216421002,74.61701624104691,74.89523315429688,511300,0.0,0.0
2018-11-13,75.13636255321568,76.69436202555956,74.7004996756865,75.30329132080078,276700,0.0,0.0
2018-11-14,75.5351266970014,76.34195014883741,74.14405617163968,75.03434753417969,520300,0.0,0.0
2018-11-15,74.81972753861085,76.0421478433898,74.64242732853877,75.95816802978516,291200,0.5,0.0
2018-11-16,75.70621802377853,76.56471872524777,75.56625166097918,76.1447982788086,263000,0.0,0.0
2018-11-19,76.02348477918508,76.35008479479083,74.57710412805706,74.99702453613281,741400,0.0,0.0
2018-11-20,73.69996628708296,74.28784643856922,72.57085195144363,73.62531280517578,549400,0.0,0.0
2018-11-21,74.2411739270026,75.4729276969152,73.85858735450118,74.51178741455078,348100,0.0,0.0
2018-11-23,73.26136552781148,74.81038568853464,72.58016515443687,74.16651916503906,307900,0.0,0.0
2018-11-26,74.20383877622632,75.41693260084294,73.77459205411398,74.16651916503906,387600,0.0,0.0
2018-11-27,73.25203653059168,73.52265000394344,71.07780240008513,72.05760955810547,859200,0.0,0.0
2018-11-28,72.26289957917191,74.66108687269768,71.3297526615456,74.58643341064453,480400,0.0,0.0
2018-11-29,74.5304428108753,74.94102259109353,74.11052244922712,74.47444915771484,371400,0.0,0.0
2018-11-30,74.12919722293202,75.17431726798678,74.12919722293202,75.07167053222656,425100,0.0,0.0
2018-12-03,76.77932959435444,77.21790979816448,74.55844242535979,75.35161590576172,510600,0.0,0.0
2018-12-04,75.40760238682844,75.92083605458625,72.89744194461669,72.93476867675781,752100,0.0,0.0
2018-12-06,71.24576920515096,72.81345638785217,70.8258559195161,72.80412292480469,505600,0.0,0.0
2018-12-07,73.0747525902084,74.20385981136569,70.56459154455621,70.835205078125,628700,0.0,0.0
2018-12-10,70.73253752837108,71.0404705931908,69.51944371645304,70.30328369140625,458400,0.0,0.0
2018-12-11,71.46972028215055,71.48838720767074,69.83671314709356,69.92070007324219,779700,0.0,0.0
2018-12-12,70.9191644079733,71.62835804546987,70.0793307740097,70.2286376953125,560700,0.0,0.0
2018-12-13,71.2364333832444,71.2364333832444,69.80871971614627,69.8460464477539,637900,0.0,0.0
2018-12-14,68.99688414881972,70.98448448529312,68.93156415051344,69.08086395263672,1280800,0.0,0.0
2018-12-17,69.20219465022201,70.31263489492314,68.08241382144621,68.35302734375,863800,0.0,0.0
2018-12-18,68.688944813865,69.59409845828556,68.06373809099475,68.97821807861328,882300,0.0,0.0
2018-12-19,69.02487928305939,69.88337274668142,67.01861196748378,67.27989196777344,762000,0.0,0.0
2018-12-20,67.35454824076004,68.33435540207277,66.16012126426024,66.59870147705078,655300,0.0,0.0
2018-12-21,66.58002556904871,67.84910584021328,65.82417890730562,66.02947235107422,1317900,0.0,0.0
2018-12-24,65.74952751797628,66.20676749024821,64.732400848322,64.82571411132812,418300,0.0,0.0
2018-12-26,65.0030110997061,67.21456451357112,64.03253754958051,67.13058471679688,534300,0.0,0.0
2018-12-27,65.83350336770152,66.99060329696057,64.68572977963285,66.98126983642578,665300,0.0,0.0
2018-12-28,67.20524201939753,67.52251569301626,66.11346176708906,66.42140197753906,453300,0.0,0.0
2018-12-31,66.70134398067962,66.99995070585841,65.21763669791765,66.41206359863281,453100,0.0,0.0
2019-01-02,65.13366448658903,67.33589201126122,64.44313056964579,66.71067810058594,378300,0.0,0.0
2019-01-03,66.35607716582615,66.79465735147262,64.94702334200034,65.04033660888672,528800,0.0,0.0
2019-01-04,66.49605991542576,67.99842721602086,66.10413274879672,67.72781372070312,418700,0.0,0.0
2019-01-07,68.33434326419055,68.84756973234074,67.00926939811502,67.55982971191406,584500,0.0,0.0
2019-01-08,68.32502807550877,70.30329526325666,68.32502807550877,70.11666870117188,724500,0.0,0.0
2019-01-09,71.0404769133281,71.72167734017516,69.37947643062135,70.4339370727539,470000,0.0,0.0
2019-01-10,69.77138820251974,71.18044196691281,69.62208840566807,71.05913543701172,334700,0.0,0.0
2019-01-11,70.74187322622201,71.69368717235578,70.34995318691836,71.32042694091797,402300,0.0,0.0
2019-01-14,70.67655468691756,71.20844821397087,69.84605439238427,70.74187469482422,316000,0.0,0.0
2019-01-15,71.34841651267371,71.49772344524534,69.40746910532079,69.91136932373047,264600,0.0,0.0
2019-01-16,70.35928385187691,71.50705065266158,70.35928385187691,71.0311508178711,271700,0.0,0.0
2019-01-17,70.76986601697611,72.8414535240049,70.49925964835226,72.09494018554688,466300,0.0,0.0
2019-01-18,72.58950339677212,73.28936362182466,72.03894298433733,73.17738342285156,297400,0.0,0.0
2019-01-22,72.31889347514961,72.49619368573124,71.26443991389611,72.09494018554688,316100,0.0,0.0
2019-01-23,72.58017810532434,72.58017810532434,71.16179768870468,71.43241119384766,467200,0.0,0.0
2019-01-24,71.18045244368163,71.74967268661024,70.79786587346949,71.34841918945312,220000,0.0,0.0
2019-01-25,72.60816894365867,73.48532943992628,72.02962233492637,73.08407592773438,250700,0.0,0.0
2019-01-28,72.53350744482927,73.35467410603626,71.74966039242426,73.30801391601562,192300,0.0,0.0
2019-01-29,74.05454181862079,75.04367529804114,73.80258815767846,74.45579528808594,377700,0.0,0.0
2019-01-30,75.47292815060128,76.49939556448771,74.52112132604366,75.70621490478516,354800,0.0,0.0
2019-01-31,75.053006714505,77.23656707995634,74.09186653042961,76.40606689453125,596500,0.0,0.0
2019-02-01,76.87263894981959,77.52584605049906,76.52737915369146,76.984619140625,550200,0.0,0.0
2019-02-04,76.88197656905146,77.90843678922226,76.5087163655313,77.6191635131836,451400,0.0,0.0
2019-02-05,77.47919122586372,77.72181142974546,76.96596466764221,77.66582489013672,325600,0.0,0.0
2019-02-06,77.24588997353308,77.88976353546006,77.04993000236944,77.48851013183594,447000,0.0,0.0
2019-02-07,77.21791137137065,77.62849831425517,75.91150419620327,76.51805114746094,311600,0.0,0.0
2019-02-08,76.29408823253976,76.95662163983496,75.53823444503347,76.57402801513672,258500,0.0,0.0
2019-02-11,76.6113560977724,76.90063646671922,76.0701292080996,76.69534301757812,272100,0.0,0.0
2019-02-12,77.25523700886698,78.6082972415016,77.2085768135294,78.4403305053711,282100,0.0,0.0
2019-02-13,79.0562073143733,79.29882750426763,78.05774040595134,78.55230712890625,337300,0.0,0.0
2019-02-14,77.94574671470481,78.61761351230273,77.61914677680157,78.123046875,322900,0.0,0.0
2019-02-15,78.89758459228652,79.34549118188495,78.22571758854201,78.61763763427734,286600,0.0,0.0
2019-02-19,78.20703648782393,79.01887682344594,78.20703648782393,78.81358337402344,487400,0.0,0.0
2019-02-20,79.3175008040805,80.91318143652327,79.25218079407455,80.72655487060547,553200,0.0,0.0
2019-02-21,82.24756398012305,83.77792426672993,82.16358417969312,83.60062408447266,861400,0.0,0.0
2019-02-22,84.3937960317669,85.77484926248457,83.05939586787309,83.25535583496094,711700,0.0,0.0
2019-02-25,83.93657280562385,85.4482735626793,83.43267967261892,84.59911346435547,792800,0.0,0.0
2019-02-26,84.49644808839636,85.26162820226794,83.93655429635032,84.08586120605469,542800,0.0,0.0
2019-02-27,84.12320402462719,84.44980405289613,83.6286372504847,84.20718383789062,470200,0.0,0.0
2019-02-28,84.14184909955148,84.14184909955148,82.99408246983751,83.28335571289062,486600,0.0,0.0
2019-03-01,83.7312819424295,84.07654176986219,82.45286801236807,83.2927017211914,429700,0.0,0.0
2019-03-04,83.46065995055528,83.9272333946092,82.80745285727234,83.61929321289062,421700,0.0,0.0
2019-03-05,83.61929576244088,84.10452902653957,83.27402884034933,83.53530883789062,318100,0.0,0.0
2019-03-06,83.50731034533493,83.50731034533493,82.01427679611204,82.25689697265625,488200,0.0,0.0
2019-03-07,82.0982557178616,82.0982557178616,80.88516207265884,81.65967559814453,443600,0.0,0.0
2019-03-08,80.91316394060041,80.91316394060041,80.0080103409922,80.48391723632812,476800,0.0,0.0
2019-03-11,80.89450977672365,82.0422765157313,80.39994304208247,81.98628997802734,537900,0.0,0.0
2019-03-12,82.29422572883969,83.02207915705934,82.10759208099766,82.42486572265625,326200,0.0,0.0
2019-03-13,82.96610196832998,83.04074831652983,82.44353481485196,82.66748809814453,451300,0.0,0.0
2019-03-14,82.34823515231324,82.53603474825265,81.62522640845722,81.84119415283203,396900,0.55,0.0
2019-03-15,81.84120518598439,83.02431056269977,81.51255763974041,82.16045379638672,1136400,0.0,0.0
2019-03-18,82.61116204309852,83.76609921612648,82.46092235278637,83.08065032958984,452000,0.0,0.0
2019-03-19,83.63464523743413,84.22619791477439,83.15576516692653,83.50318908691406,434100,0.0,0.0
2019-03-20,83.50317674603906,83.96327320486193,82.06654391065814,83.27782440185547,368900,0.0,0.0
2019-03-21,82.86466870043976,85.07126184496762,82.18860453480264,84.79895782470703,276500,0.0,0.0
2019-03-22,84.01961185847458,84.11350806619575,81.71911536828783,81.77545166015625,542100,0.0,0.0
2019-03-25,82.03838317613975,82.94918440563023,81.62523120461901,82.67688751220703,425800,0.0,0.0
2019-03-26,83.46561248714018,83.72852473565108,82.59236413954525,83.0055160522461,485500,0.0,0.0
2019-03-27,83.17452589717082,83.62523052852626,82.62991790078047,83.4937744140625,613300,0.0,0.0
2019-03-28,83.93510562534787,84.20740965983089,82.7801685852468,83.8412094116211,514000,0.0,0.0
2019-03-29,84.41398207391578,85.16515891592226,84.26374240722151,84.75201416015625,484700,0.0,0.0
2019-04-01,85.68160059026722,86.56424074082554,85.63464890249728,86.46095275878906,332400,0.0,0.0
2019-04-02,86.7989933381677,87.0619056222115,85.61588089614816,86.3858413696289,324100,0.0,0.0
2019-04-03,87.35298117159324,87.98209369663722,86.97738914518031,87.39993286132812,455900,0.0,0.0
2019-04-04,87.45627105991353,88.4797591750516,87.06190264732332,88.45158386230469,335700,0.0,0.0
2019-04-05,88.47975115054929,89.17459169502273,88.3013433384436,88.49852752685547,309000,0.0,0.0
2019-04-08,88.49852857301757,88.5642566365985,87.62528020611556,87.78490447998047,583800,0.0,0.0
2019-04-09,87.2121319686818,87.2121319686818,85.46563516109453,85.65343475341797,421300,0.0,0.0
2019-04-10,86.10413777621226,86.14169769394796,85.22150478279934,85.7848892211914,595200,0.0,0.0
2019-04-11,85.70976837177685,86.08536038086892,84.7801837012358,85.24028015136719,544300,0.0,0.0
2019-04-12,85.66282570624239,86.13231393683627,85.11821763943622,85.72855377197266,355000,0.0,0.0
2019-04-15,85.69098619777763,85.97267481267328,85.03369843537865,85.70976257324219,321100,0.0,0.0
2019-04-16,86.17926152595533,86.36706112316377,85.8224530369925,86.09475708007812,314200,0.0,0.0
2019-04-17,86.86470833110121,87.53138071207518,85.49380365368447,85.56891632080078,293900,0.0,0.0
2019-04-18,84.26373767240698,85.07125792595971,83.92570560516066,84.50787353515625,359300,0.0,0.0
2019-04-22,84.16985352094567,84.22618981894695,82.80834045121826,83.55013275146484,339000,0.0,0.0
2019-04-23,83.44684015980015,84.64872887634836,83.17453612811002,83.88815307617188,441300,0.0,0.0
2019-04-24,84.10411941471364,84.2074073961831,83.2402628095342,83.39988708496094,359200,0.0,0.0
2019-04-25,86.31070603526867,87.21212248897395,83.89753705583712,85.76609802246094,664000,0.0,0.0
2019-04-26,85.44686017912613,87.0619008803717,85.35296396334206,86.16048431396484,558600,0.0,0.0
2019-04-29,85.91634119019557,86.32949310145653,85.14638082345924,86.10413360595703,395300,0.0,0.0
2019-04-30,86.0853543627245,86.6675222943095,85.6346425505585,86.3482666015625,387500,0.0,0.0
2019-05-01,86.16048174991712,86.16048174991712,84.4515448837437,84.51727294921875,227400,0.0,0.0
2019-05-02,84.16984865992573,85.30600930820964,83.83181656379575,84.54544067382812,298600,0.0,0.0
2019-05-03,85.4468707144687,86.98679176742583,85.4468707144687,86.51730346679688,431700,0.0,0.0
2019-05-06,84.72385267505733,86.78959810777235,84.63934106494165,86.06658935546875,491200,0.0,0.0
2019-05-07,85.1651577047337,85.86000540758037,83.08063608765818,83.61585235595703,483000,0.0,0.0
2019-05-08,83.37172131785672,85.00553836365079,83.21209703787346,84.4327621459961,378300,0.0,0.0
2019-05-09,83.56891645774644,85.1276210348068,83.18393261745219,84.76141357421875,379000,0.0,0.0
2019-05-10,84.39519379835279,85.80365835738698,84.04777712530326,85.73793029785156,499200,0.0,0.0
2019-05-13,83.70975658986097,83.74731650960133,80.30126730260018,81.70973205566406,473300,0.0,0.0
2019-05-14,82.38579672474194,84.02900561212023,81.86936394414495,83.55013275146484,540700,0.0,0.0
2019-05-15,82.58297637643702,83.97266468233452,81.88813580539917,83.88815307617188,319000,0.0,0.0
2019-05-16,84.20741439132132,84.79896701847825,83.7473179035326,84.07595825195312,388500,0.0,0.0
2019-05-17,83.26843623286393,84.28253257128382,82.320067962833,82.36701965332031,1094900,0.0,0.0
2019-05-20,81.67216037002666,82.7801526721828,81.47496904613858,82.01018524169922,482500,0.0,0.0
2019-05-21,82.74260824954985,84.3764252843833,82.53603228209997,83.86937713623047,470200,0.0,0.0
2019-05-22,83.27782092750843,83.28720553375074,81.55949236072021,81.69094848632812,357600,0.0,0.0
2019-05-23,80.43417198988473,81.07673848113028,79.0356423762096,80.17903137207031,520700,0.55,0.0
2019-05-24,81.00113208170563,81.13342453260137,80.11287658906475,80.29241943359375,236300,0.0,0.0
2019-05-28,80.4908633919877,80.63260737279131,79.28132821334043,79.35692596435547,632300,0.0,0.0
2019-05-29,78.44031541656597,80.46250819810328,78.0717854280221,80.15067291259766,503000,0.0,0.0
2019-05-30,80.74598887739266,81.18067229843415,79.9805815492152,80.27351379394531,444700,0.0,0.0
2019-05-31,78.99784761301252,79.479774308893,78.21353709429313,78.6860122680664,582500,0.0,0.0
2019-06-03,78.77105646435396,80.50976153111219,78.77105646435396,80.41526794433594,568600,0.0,0.0
2019-06-04,80.9255553169463,81.95555504813369,80.63262298678647,81.6815185546875,334500,0.0,0.0
2019-06-05,81.89884703569689,81.89884703569689,80.54756771495319,81.63426208496094,310200,0.0,0.0
2019-06-06,81.52086003140964,82.18232957372305,80.89719657600418,81.9555435180664,459800,0.0,0.0
2019-06-07,82.02169834116494,82.5792156216655,81.04839336451906,81.84215545654297,276500,0.0,0.0
2019-06-10,82.22012968781088,83.02333602111561,81.86104395077197,82.08783721923828,210600,0.0,0.0
2019-06-11,83.2312297896452,84.41241774462063,83.2312297896452,84.19507598876953,704500,0.0,0.0
2019-06-12,83.8926810947616,84.5824979416122,83.08002331218063,84.16671752929688,327400,0.0,0.0
2019-06-13,84.5825090427011,84.98883798732051,83.81709434599067,84.62030792236328,300400,0.0,0.0
2019-06-14,84.11001524097043,84.35569709028742,83.46744884776146,84.04386901855469,180400,0.0,0.0
2019-06-17,83.46745821558103,83.57140332095722,81.69094711235051,82.65480041503906,442000,0.0,0.0
2019-06-18,83.48635189566414,86.10386808623777,83.48635189566414,84.34626007080078,406200,0.0,0.0
2019-06-19,84.80929246737645,85.53690105234266,84.19507330846274,85.0266342163086,397900,0.0,0.0
2019-06-20,86.07551623645068,86.30230949097064,84.84708521676036,85.52745056152344,342300,0.0,0.0
2019-06-21,85.2817735676169,85.94323596360596,85.02664013184952,85.31957244873047,442400,0.0,0.0
2019-06-24,85.23451756431758,85.24396908632491,84.0344338077496,84.84709167480469,288900,0.0,0.0
2019-06-25,84.90378447191566,85.82038743216829,84.41241347960846,84.77149200439453,432400,0.0,0.0
2019-06-26,85.45185164025818,87.2094596870366,84.96992499274842,86.98267364501953,280200,0.0,0.0
2019-06-27,87.36064212791187,87.96540967238741,87.0110151718419,87.85202026367188,333300,0.0,0.0
2019-06-28,88.06936654946165,89.43954883302119,87.56854403558769,89.41120147705078,824700,0.0,0.0
2019-07-01,89.77027151044845,90.39394212040054,89.61907601370925,90.26164245605469,403900,0.0,0.0
2019-07-02,90.10099735776346,90.10099735776346,88.87256646117305,89.36393737792969,584600,0.0,0.0
2019-07-03,89.60962804591986,89.85530990399953,88.84421349135508,89.19384765625,217900,0.0,0.0
2019-07-05,88.41899678493837,88.88202040022713,86.53854775968948,88.76863098144531,251900,0.0,0.0
2019-07-08,88.47568498190668,89.00486199839833,87.11496159089454,87.31340026855469,286100,0.0,0.0
2019-07-09,86.54798163051206,87.33229199299315,85.38569697182582,87.21890258789062,561100,0.0,0.0
2019-07-10,87.94651335283591,88.22054977137452,86.33064940302357,86.44404602050781,274400,0.0,0.0
2019-07-11,86.18890221677475,86.38734088291774,85.38569603208242,85.81092071533203,339400,0.0,0.0
2019-07-12,86.19836851451407,86.90708124769493,85.91488053748223,86.78423309326172,1193500,0.0,0.0
2019-07-15,87.43624535877612,87.644135566994,86.25505754790018,87.2850570678711,538800,0.0,0.0
2019-07-16,87.2850713396911,89.08047133826642,87.13387581466611,88.1355209350586,434100,0.0,0.0
2019-07-17,88.11661843514742,88.3906548964811,86.82203388527425,86.85983276367188,468500,0.0,0.0
2019-07-18,87.20945931771945,87.81422690013606,86.70863683941178,87.2850570678711,256200,0.0,0.0
2019-07-19,87.71027723840506,88.93871538164294,86.98266875684888,88.16385650634766,260600,0.0,0.0
2019-07-22,88.29615113873794,88.88201566294742,87.4834933702557,88.18275451660156,327600,0.0,0.0
2019-07-23,88.70249242618966,89.81753413355307,88.31505932009772,88.3434066772461,498800,0.0,0.0
2019-07-24,87.67249257928853,88.33396215188803,86.89763357836841,87.9748764038086,608200,0.0,0.0
2019-07-25,90.61130010638412,95.95972323387441,90.271117360001,95.52503967285156,1387400,0.0,0.0
2019-07-26,95.73291146542734,99.4560179108555,95.1281438572581,97.32987976074219,802400,0.0,0.0
2019-07-29,96.94245308183564,97.04639819723322,95.65732723668188,95.73291778564453,595100,0.0,0.0
2019-07-30,94.78796037356761,95.70456329957818,94.74071718515998,95.18484497070312,557700,0.0,0.0
2019-07-31,95.1848517513583,95.57227764525331,93.69182847086753,94.44778442382812,898400,0.0,0.0
2019-08-01,94.16429173880644,94.77851082938655,92.46337844326126,93.43667602539062,531100,0.0,0.0
2019-08-02,92.69017233036325,93.35164187216736,91.57513788699382,92.52008819580078,399400,0.0,0.0
2019-08-05,90.96090596452203,91.58456933182354,90.29943651565337,91.31998443603516,539100,0.0,0.0
2019-08-06,91.43339854442583,92.69962856205156,90.47899666540702,92.68073272705078,496700,0.0,0.0
2019-08-07,91.31054789195733,92.66182715370488,90.43174379572432,92.53898620605469,447200,0.0,0.0
2019-08-08,93.51226952549575,95.00529254937678,93.24768462696449,94.68400573730469,625700,0.0,0.0
2019-08-09,93.89025441497611,94.09814461683335,92.72796247250064,93.00199890136719,585100,0.0,0.0
2019-08-12,93.03981139073149,93.09650610520815,91.57514266135793,92.13265991210938,516300,0.0,0.0
2019-08-13,92.17990459093446,95.09979755559144,91.71687375345789,93.79576873779297,481100,0.0,0.0
2019-08-14,91.49008863295552,92.17045400896869,90.56403415796008,90.93257141113281,591800,0.0,0.0
2019-08-15,91.4077582131055,91.71188022017503,90.32432310974269,91.05611419677734,441900,0.55,0.0
2019-08-16,91.4267644315004,92.98539065417964,90.3243248536535,92.74779510498047,1211500,0.0,0.0
2019-08-19,93.91677352803106,94.55352789446856,93.72669997862441,94.01181030273438,277100,0.0,0.0
2019-08-20,93.4510842400697,94.36345028952412,92.95688143150639,93.31803131103516,547800,0.0,0.0
2019-08-21,94.22089038240009,94.22089038240009,92.79531708762805,93.28001403808594,529300,0.0,0.0
2019-08-22,93.78371264750633,93.9737861808091,92.65275554708543,92.90936279296875,430200,0.0,0.0
2019-08-23,92.3866442726843,93.27049992721528,90.51439035119522,90.82801818847656,466900,0.0,0.0
2019-08-26,91.36974131093294,91.66435746358064,90.58092236905105,91.02760314941406,495000,0.0,0.0
2019-08-27,91.33172179114999,91.33172179114999,89.79210737184452,89.82061767578125,777100,0.0,0.0
2019-08-28,89.50699148565,91.07512348872493,88.79420487069234,90.6949691772461,278600,0.0,0.0
2019-08-29,91.7118819908757,93.27050821355492,91.7118819908757,92.74779510498047,533500,0.0,0.0
2019-08-30,93.63164143726331,93.63164143726331,92.14904767938445,92.40565490722656,599000,0.0,0.0
2019-09-03,91.53131156475499,91.91146591237944,90.52390870676513,91.8164291381836,381400,0.0,0.0
2019-09-04,93.09942709312266,94.22087823040619,92.90935357867045,94.20187377929688,518800,0.0,0.0
2019-09-05,95.33282861319827,97.11004579677942,94.84813895018175,95.19977569580078,608600,0.0,0.0
2019-09-06,96.58734595711982,96.88196938671672,95.01922103717634,95.1142578125,616000,0.0,0.0
2019-09-09,95.8365432539713,96.11215497842537,94.85765069002412,95.39936828613281,454000,0.0,0.0
2019-09-10,95.35184108473125,97.98439640113266,94.4014589523229,97.92737579345703,428400,0.0,0.0
2019-09-11,98.36454324775673,98.36454324775673,96.72988494379493,98.21247863769531,382400,0.0,0.0
2019-09-12,98.42158227426647,99.17238511259532,97.59475436751578,98.5926513671875,358800,0.0,0.0
2019-09-13,99.76162342542277,99.76162342542277,98.23150746146376,98.26952362060547,281800,0.0,0.0
2019-09-16,97.25260757127309,98.57363818543227,96.19768280013297,97.47119140625,465500,0.0,0.0
2019-09-17,96.40677350710395,98.45008945378633,95.97909716296701,98.20299530029297,516400,0.0,0.0
2019-09-18,97.60425265974656,98.17448780156884,97.01502031443037,98.03192901611328,291200,0.0,0.0
2019-09-19,97.6422560391779,99.50500410635614,97.30011789920229,98.39305877685547,499600,0.0,0.0
2019-09-20,98.30754559602914,98.39307652102762,95.3708605734445,95.48490905761719,1185800,0.0,0.0
2019-09-23,94.90515847132268,97.22409314943914,94.30642034988578,96.24519348144531,347100,0.0,0.0
2019-09-24,95.93157873938098,96.15966843037197,92.94737930007025,93.47008514404297,990000,0.0,0.0
2019-09-25,93.18497095966934,95.47538812776371,93.18497095966934,95.22828674316406,461000,0.0,0.0
2019-09-26,94.82912083858628,94.82912083858628,92.73828320577739,93.88824462890625,434700,0.0,0.0
2019-09-27,94.37294413262707,94.86713962746185,93.5841252602724,93.98328399658203,478800,0.0,0.0
2019-09-30,93.76471330007556,94.95269107500552,93.66966927740843,94.71509552001953,284100,0.0,0.0
2019-10-01,95.36134229398552,96.93898015734175,94.00230276827274,94.23039245605469,369500,0.0,0.0
2019-10-02,93.14697882406874,93.603158304675,91.74040971537484,92.2821273803711,312100,0.0,0.0
2019-10-03,91.92096500775789,93.22298394529317,90.65695497643395,93.2039794921875,497300,0.0,0.0
2019-10-04,93.5651146950874,94.6580555585082,93.2609927136072,94.56301879882812,322800,0.0,0.0
2019-10-07,94.40146528712208,94.67707699411622,93.2324919954463,93.82173156738281,340000,0.0,0.0
2019-10-08,93.11845154497189,94.26841314179352,92.4816899576072,93.30852508544922,403700,0.0,0.0
2019-10-09,94.2113738113669,94.2113738113669,91.93996120019239,93.17546081542969,436800,0.0,0.0
2019-10-10,94.04982524363541,95.42788383691405,93.26100624722498,95.0477294921875,437800,0.0,0.0
2019-10-11,96.47328521753856,97.77530400293558,96.46377936667618,96.59683227539062,372800,0.0,0.0
2019-10-14,95.42788010404654,95.74150071915005,94.04031571244602,94.9241714477539,293600,0.0,0.0
2019-10-15,94.6865706957914,96.91046869021976,93.89775902441605,95.8175277709961,374800,0.0,0.0
2019-10-16,94.94316821427606,95.57992244736737,93.77419510278698,94.3919448852539,382700,0.0,0.0
2019-10-17,95.43738057056362,96.08364076869644,94.20188803793735,94.9906997680664,452000,0.0,0.0
2019-10-18,95.03822107858522,95.19978431421701,94.05932856161033,94.42047119140625,310300,0.0,0.0
2019-10-21,95.29481206709367,95.90306329520956,94.05931966049492,94.09733581542969,314200,0.0,0.0
2019-10-22,94.3539376630707,95.21878889054412,93.84073043756564,94.70558166503906,416600,0.0,0.0
2019-10-23,94.70558577773308,94.73409608302585,93.44157573692259,94.30642700195312,503400,0.0,0.0
2019-10-24,100.3888577437816,107.28863376029578,99.79011963626638,107.2411117553711,1833300,0.0,0.0
2019-10-25,107.6307669641769,111.48931575979836,107.1935920920832,110.29183959960938,889900,0.0,0.0
2019-10-28,110.34887739912912,112.85788581744549,110.33937154693014,112.25914764404297,606700,0.0,0.0
2019-10-29,112.24014080588823,114.85369195918335,112.24014080588823,113.78926849365234,465200,0.0,0.0
2019-10-30,112.27815787479456,113.00045041142668,111.61289320344991,112.192626953125,518300,0.0,0.0
2019-10-31,111.36579143831867,111.77445609252506,109.9877400873749,110.28235626220703,679900,0.0,0.0
2019-11-01,111.46081821363921,113.19051344935822,111.46081821363921,111.83146667480469,420100,0.0,0.0
2019-11-04,112.6202876346104,113.14300073071908,111.89799515203494,112.71532440185547,380700,0.0,0.0
2019-11-05,113.57066906064631,114.51154537660376,112.62979274468886,112.68681335449219,577200,0.0,0.0
2019-11-06,112.0880688689012,112.6582966872526,111.17570290937095,111.38478088378906,702600,0.0,0.0
2019-11-07,112.7343434797419,113.18101704009457,111.48933781962215,111.6128921508789,567700,0.0,0.0
2019-11-08,111.22322137944101,112.69631660598702,111.13769046670961,111.51783752441406,373200,0.0,0.0
2019-11-11,111.0141294369952,111.08065589315636,110.32035457286318,110.73851776123047,304200,0.0,0.0
2019-11-12,110.73851941022802,110.99512663841352,109.63607994159263,109.97821807861328,463700,0.0,0.0
2019-11-13,109.66459619236855,110.53894603402526,108.90428756867725,109.11337280273438,471800,0.0,0.0
2019-11-14,108.53087817818736,109.50493123515623,107.56636944668526,107.85285949707031,892800,0.55,0.0
2019-11-15,108.70274667560729,109.56220935066266,107.71914222527732,108.07247161865234,599200,0.0,0.0
2019-11-18,107.94833531800387,111.27158144909981,107.62364616396381,111.1951904296875,798500,0.0,0.0
2019-11-19,111.30978503294875,111.30978503294875,109.20888255773309,110.60311889648438,831200,0.0,0.0
2019-11-20,110.02058993480611,113.04780173422556,109.45716882839235,111.93050384521484,759400,0.0,0.0
2019-11-21,111.52941898269795,112.3411309033398,111.02329298344162,111.04238891601562,684900,0.0,0.0
2019-11-22,111.88275129581497,111.94959798582865,110.9946411080661,111.14743041992188,402000,0.0,0.0
2019-11-25,111.59626007080078,113.17194035864505,110.65085481239129,111.59626007080078,691400,0.0,0.0
2019-11-26,111.91140488699038,113.9454605237297,111.28112981643434,113.79267120361328,448000,0.0,0.0
2019-11-27,113.92636648338409,113.97410995920093,112.58942530287649,113.6112289428711,441000,0.0,0.0
2019-11-29,113.18148757067944,113.41068247036587,112.2838330470077,112.66581726074219,120600,0.0,0.0
2019-12-02,112.95230037297759,113.60167135299636,112.48437353444349,113.17194366455078,370900,0.0,0.0
2019-12-03,111.6153601169352,112.80905624479928,110.83229574848609,112.71356201171875,429900,0.0,0.0
2019-12-04,113.34383307887403,113.92635735164781,111.50076603083002,111.84455108642578,548600,0.0,0.0
2019-12-05,111.6726656986995,113.3247371071848,111.4434707898197,113.3056411743164,671300,0.0,0.0
2019-12-06,113.6398753835957,115.63573188267185,113.6398753835957,114.80492401123047,565900,0.0,0.0
2019-12-09,114.75718269092523,116.23736897778855,114.72853514620749,115.11051940917969,394900,0.0,0.0
2019-12-10,114.4993337567443,115.82672326476425,114.4324870651801,114.90996551513672,358400,0.0,0.0
2019-12-11,114.82401210948841,115.51158222221021,114.5661769600891,115.04365539550781,527100,0.0,0.0
2019-12-12,114.0218636391176,115.54024172378092,113.10510582249651,115.42565155029297,456200,0.0,0.0
2019-12-13,114.86221271319148,115.70257943304594,113.65896500069074,114.35608673095703,306300,0.0,0.0
2019-12-16,115.0245504785948,115.04365369574523,113.39157512787898,113.5157241821289,384700,0.0,0.0
2019-12-17,113.93591980828575,115.96043131503767,112.85682099776247,115.6261978149414,399200,0.0,0.0
2019-12-18,115.22511028595444,115.52114461210421,113.88816908486147,115.3969955444336,363500,0.0,0.0
2019-12-19,115.18690656818376,115.58798672689304,114.69032488866866,114.74762725830078,376900,0.0,0.0
2019-12-20,115.12006393939166,116.66708954495765,114.56618715643286,115.86492919921875,1640600,0.0,0.0
2019-12-23,115.78851603448287,115.7980676428235,114.98635579168901,115.38743591308594,355200,0.0,0.0
2019-12-24,115.66438419958415,115.87446860091795,115.14870659105269,115.2155532836914,119600,0.0,0.0
2019-12-26,115.2155433916669,115.78851603448287,114.14598911553264,115.38743591308594,287200,0.0,0.0
2019-12-27,115.52114339100554,115.84582525680317,114.6043855934234,114.86222076416016,322100,0.0,0.0
2019-12-30,115.15825698622493,115.38745190370754,114.34654502260179,114.68077850341797,315500,0.0,0.0
2019-12-31,114.53753890471982,115.37789839778092,114.24149729593948,114.36564636230469,369200,0.0,0.0
2020-01-02,115.40654599646975,115.43519353926226,113.11464785840519,113.87861633300781,345700,0.0,0.0
2020-01-03,112.27429045805283,114.08871015475256,112.27429045805283,113.45843505859375,292300,0.0,0.0
2020-01-06,113.08600142767536,113.6780773656019,112.51302870896056,113.1814956665039,399100,0.0,0.0
2020-01-07,112.42708072647476,114.45158472191895,112.42708072647476,113.49662780761719,412200,0.0,0.0
2020-01-08,113.0478011699046,114.72852744268245,112.95230693200953,113.38204193115234,279200,0.0,0.0
2020-01-09,113.83085586649904,114.42293174812559,113.13374143216949,114.29878997802734,397800,0.0,0.0
2020-01-10,114.23195460952597,114.31789723909374,112.5798758567589,112.70401763916016,327000,0.0,0.0
2020-01-13,113.93590319422044,116.05590863675566,113.42022560394895,115.09140014648438,503600,0.0,0.0
2020-01-14,114.89086620189664,115.81717559201365,114.54708112338429,115.77897644042969,416800,0.0,0.0
2020-01-15,115.14871153077786,116.22781026845,115.03411407316266,115.87447357177734,425000,0.0,0.0
2020-01-16,116.48565318167216,116.48565318167216,114.7762793490542,115.3969955444336,343700,0.0,0.0
2020-01-17,116.09409888241048,116.56202567842455,115.47337549992686,116.02725219726562,382400,0.0,0.0
2020-01-21,114.27969690957447,114.71897623402137,110.8609492664846,111.68221282958984,752600,0.0,0.0
2020-01-22,112.14059404103173,112.9427543755165,111.83500811088373,112.12149810791016,395000,0.0,0.0
2020-01-23,111.35752578390168,113.12419460907816,109.64815204184933,112.7422103881836,373400,0.0,0.0
2020-01-24,112.7040179453547,112.7040179453547,110.37392790212898,111.48167419433594,267600,0.0,0.0
2020-01-27,109.5526658713566,110.9564537971635,109.17068162234723,109.80095672607422,334300,0.0,0.0
2020-01-28,110.7081469623656,111.54850636029036,109.59084920602709,110.51715850830078,283200,0.0,0.0
2020-01-29,110.31662052418353,111.14743566994773,109.54310774809686,109.60040283203125,318600,0.0,0.0
2020-01-30,109.01789485185664,112.37934029336611,108.82689907999922,112.35069274902344,292700,0.0,0.0
2020-01-31,111.33843308509765,111.57717233499527,109.43807069592083,109.62906646728516,735400,0.0,0.0
2020-02-03,110.13518624144963,111.52942250718984,109.6672520925539,110.90869903564453,325900,0.0,0.0
2020-02-04,112.8090706733817,112.8090706733817,111.20474258090479,111.45303344726562,280900,0.0,0.0
2020-02-05,112.50347577784972,113.96455874342023,111.90185552312754,113.62078094482422,329000,0.0,0.0
2020-02-06,114.45157683167456,114.62346935582839,112.77085073836393,113.24832916259766,534100,0.0,0.0
2020-02-07,112.54167204722442,112.87590551350839,110.52671235452851,110.8322982788086,330100,0.0,0.0
2020-02-10,110.2975230366653,111.89229932679893,110.2975230366653,111.26203155517578,310000,0.0,0.0
2020-02-11,111.91141073178858,113.72582316380185,111.91141073178858,112.51303100585938,452700,0.0,0.0
2020-02-12,113.55393566827233,113.63032668794604,111.4339300502796,111.7013168334961,278000,0.0,0.0
2020-02-13,111.14744528682101,111.94961296002441,110.90870603544701,111.13789367675781,195300,0.0,0.0
2020-02-14,111.10922896278832,111.39571893446382,110.1351761734284,110.82274627685547,405500,0.0,0.0
2020-02-18,110.55535105905693,111.64400856838263,110.07787263517862,110.7940902709961,365500,0.0,0.0
2020-02-19,111.26203650078635,112.47482862391679,111.08059234849578,111.92095184326172,681700,0.0,0.0
2020-02-20,112.22652748476759,113.5061734714925,101.23497922260927,104.47228240966797,1423800,0.0,0.0
2020-02-21,103.58417975668144,106.92652902439019,102.93480875038259,105.95246887207031,887600,0.0,0.0
2020-02-24,102.28544128685441,104.70148124690435,101.97030373926263,103.85157012939453,485600,0.0,0.0
2020-02-25,104.14759662793728,105.3412927465804,101.88435344986539,102.61966705322266,574400,0.0,0.0
2020-02-26,103.35499200080037,104.90201756843399,102.9825520942755,103.72742462158203,763500,0.0,0.0
2020-02-27,101.47373286512116,103.1067084609142,99.58291479929866,99.78345489501953,653600,0.0,0.0
2020-02-28,96.25966468949463,98.56110717946187,94.9131718758395,97.68254852294922,940500,0.0,0.0
2020-03-02,98.19822230639625,101.12993977352436,96.81353039426345,101.00579071044922,1159800,0.0,0.0
2020-03-03,101.00579444792632,104.51049202809885,100.05083748797875,100.63336181640625,618200,0.0,0.0
2020-03-04,102.16129079011006,104.02345380205658,100.27047295158195,103.81336212158203,501400,0.0,0.0
2020-03-05,100.99624721837274,102.09444914786555,99.96489198272333,100.5378646850586,512200,0.0,0.0
2020-03-06,97.52974863286249,99.61155503158186,96.76578746034889,98.0740737915039,700700,0.0,0.0
2020-03-09,94.7317340717767,94.7317340717767,89.86145469597207,90.00469970703125,664000,0.0,0.0
2020-03-10,92.64991507982582,94.83676725151669,90.47261451712724,94.53118133544922,761900,0.0,0.0
2020-03-11,91.92416370198248,93.6812811009197,89.88055628612366,91.1792984008789,607800,0.0,0.0
2020-03-12,85.34931286473328,88.75213573403622,76.99605540872199,82.71549224853516,774600,0.625,0.0
2020-03-13,87.81972514450983,87.91584859518316,81.80230326036948,86.4355239868164,1031400,0.0,0.0
2020-03-16,76.41931666684185,83.61907161760125,72.60315590643101,77.4478530883789,953600,0.0,0.0
2020-03-17,78.99546422912302,82.04262261353998,75.6695426801419,80.21624755859375,1023500,0.0,0.0
2020-03-18,75.22736007095594,77.14985835916208,72.11290756376275,73.03571319580078,961100,0.0,0.0
2020-03-19,72.22826154690624,79.20693252622745,70.18080346913496,75.2850341796875,884600,0.0,0.0
2020-03-20,75.42921935992327,77.44784103821874,70.73831897688562,71.52655029296875,1030300,0.0,0.0
2020-03-23,71.1036006763248,72.32438386787074,67.83535210520911,68.65241241455078,875700,0.0,0.0
2020-03-24,71.37275975781255,80.12012682703687,70.99787312154223,79.6010513305664,867700,0.0,0.0
2020-03-25,79.69716953836306,86.07986322690867,77.28443214893953,80.13934326171875,1027700,0.0,0.0
2020-03-26,81.03331394082663,88.52143907368769,80.49500937897645,88.01197814941406,960600,0.0,0.0
2020-03-27,84.83985042951903,85.60884533474054,79.82212878792204,80.1874008178711,717200,0.0,0.0
2020-03-30,80.63918588854386,85.80109616216646,78.59172795899173,85.23395538330078,581400,0.0,0.0
2020-03-31,85.6472889004055,87.74281212305283,83.1864936788557,84.19580078125,654100,0.0,0.0
2020-04-01,80.72571334013436,82.8116224033951,78.46677178885011,79.90864562988281,632500,0.0,0.0
2020-04-02,80.29313659667969,82.02338791981333,76.90954297268893,80.29313659667969,512100,0.0,0.0
2020-04-03,78.95701345239951,80.66803595795737,75.18891812176085,76.66924285888672,423500,0.0,0.0
2020-04-06,80.49499453494798,81.77345754967581,79.88941026501031,81.05252075195312,1102600,0.0,0.0
2020-04-07,83.84975969618263,85.47426563934003,81.85035986825987,81.87919616699219,383700,0.0,0.0
2020-04-08,82.94619277789553,86.21444146277813,81.03330895955585,84.31116485595703,347100,0.0,0.0
2020-04-09,86.5124230733825,89.01166938430819,85.55117392812268,86.3586196899414,407400,0.0,0.0
2020-04-13,85.82031503001744,86.51241552763828,83.45564321897845,83.82091522216797,343300,0.0,0.0
2020-04-14,85.9645142341936,87.38716624369393,83.97472873018758,85.28202819824219,303700,0.0,0.0
2020-04-15,81.7830812090389,82.4751817853917,78.92816999845815,79.70677947998047,581900,0.0,0.0
2020-04-16,79.94708855846578,80.41810591350462,76.95760317086724,79.49530029296875,1004100,0.0,0.0
2020-04-17,82.00416901926025,85.04172008976775,82.00416901926025,84.65721893310547,451000,0.0,0.0
2020-04-20,82.14835179068226,84.40728583500454,81.3985786242369,81.74462890625,395900,0.0,0.0
2020-04-21,79.44723873306695,81.42740951111452,78.68785107212915,80.25468444824219,367800,0.0,0.0
2020-04-22,81.97532845047454,82.6674290297045,79.44724576099492,80.5815200805664,523700,0.0,0.0
2020-04-23,81.83114442696926,86.96421913607195,81.71579921280379,82.58092498779297,535500,0.0,0.0
2020-04-24,85.53194234617432,85.53194234617432,82.3790393515779,83.7440185546875,522600,0.0,0.0
2020-04-27,84.33999871270316,87.62747639280607,83.05192836663139,86.7238998413086,369200,0.0,0.0
2020-04-28,87.5986314713632,88.43492086315351,84.79178574319764,85.99334716796875,442800,0.0,0.0
2020-04-29,87.65632440736971,92.54907973450274,87.65632440736971,91.2610092163086,406600,0.0,0.0
2020-04-30,89.82873325962157,90.41509584822417,85.82032592474744,86.10870361328125,862400,0.0,0.0
2020-05-01,84.07084625314104,86.89692098241926,83.34029487632958,84.349609375,385500,0.0,0.0
2020-05-04,83.6671347891513,85.00327064700154,82.85968161342723,84.00357055664062,398400,0.0,0.0
2020-05-05,85.4646772418077,86.41631197819453,83.6286875917205,83.7055892944336,397300,0.0,0.0
2020-05-06,84.34961375640917,84.81101657987502,82.39827913578611,83.2634048461914,358300,0.0,0.0
2020-05-07,84.99365260144518,86.7239040969307,84.99365260144518,85.40699005126953,288200,0.0,0.0
2020-05-08,87.14685001065754,89.46345661010176,86.90653772715197,89.27120971679688,456700,0.0,0.0
2020-05-11,86.90653847448746,88.35801939904358,85.94528933219912,87.79088592529297,564900,0.0,0.0
2020-05-12,88.03120189221755,88.03120189221755,83.6190643310547,83.61906433105469,429300,0.0,0.0
2020-05-13,80.86988937845751,82.66742795198168,79.31267042924054,79.80290222167969,460400,0.0,0.0
2020-05-14,78.24568818719669,82.40789908119751,77.09218471981507,82.21564483642578,395400,0.0,0.0
2020-05-15,81.85997906779474,84.42651247340756,80.54306512538817,84.15736389160156,307000,0.0,0.0
2020-05-18,87.77165969069833,90.38625861617348,87.0507228105305,89.84796142578125,445400,0.0,0.0
2020-05-19,89.27121904957413,90.6265766566907,87.7716652567807,87.87740325927734,330000,0.0,0.0
2020-05-20,88.3099661911991,89.63648744024546,87.48329129673925,87.76205444335938,413100,0.0,0.0
2020-05-21,87.67553359297861,88.93476762551967,87.50250845361236,87.7428207397461,366700,0.0,0.0
2020-05-22,87.7812734818782,88.39647236097049,86.12792374416173,87.91584777832031,149600,0.0,0.0
2020-05-26,91.31867164249503,91.9050342260573,90.03060126794787,90.49199676513672,280500,0.0,0.0
2020-05-27,92.21264016043241,95.03871528122609,91.68395014336227,94.9233627319336,502800,0.0,0.0
2020-05-28,96.069695219614,96.069695219614,93.64159721133078,94.49288177490234,415000,0.625,0.0
2020-05-29,93.77702780082323,94.07691070713948,91.59076539292505,93.83506774902344,542600,0.0,0.0
2020-06-01,94.15430654350648,95.19906994179738,93.24497461753533,94.76374816894531,397400,0.0,0.0
2020-06-02,96.05035034815623,96.05035034815623,94.55092105226258,95.32482147216797,387900,0.0,0.0
2020-06-03,96.49532828145281,99.01049325680711,96.16642544196161,96.88227844238281,880300,0.0,0.0
2020-06-04,96.3308754275541,97.86899288426461,95.45056364003275,97.80127716064453,445000,0.0,0.0
2020-06-05,100.3841644816052,102.32858378948825,98.45909674201758,98.59452819824219,456900,0.0,0.0
2020-06-08,99.74570366721272,100.88720264956717,98.13986298845099,98.79767608642578,326800,0.0,0.0
2020-06-09,96.95000562625864,97.93672164182007,95.57633940403068,97.77227020263672,429200,0.0,0.0
2020-06-10,97.77226367674683,99.93917435680137,97.61748803268763,98.59452819824219,635600,0.0,0.0
2020-06-11,95.0249388115139,95.75046768938302,88.4758273408903,88.69832611083984,399900,0.0,0.0
2020-06-12,91.24251052332835,93.0611669030339,88.27267930653515,90.11068725585938,491800,0.0,0.0
2020-06-15,86.92802987898465,91.59076162439385,86.92802987898465,90.7491455078125,505100,0.0,0.0
2020-06-16,94.65733113829874,96.43729912545368,93.10953770194313,93.88343811035156,422000,0.0,0.0
2020-06-17,93.58354779412193,94.17364519472005,92.50976448355557,92.84835052490234,291400,0.0,0.0
2020-06-18,91.75519805837754,92.96441260153081,91.4553152134227,92.3646469116211,377900,0.0,0.0
2020-06-19,93.1675726915746,93.90277730239319,91.13609345318255,92.62584686279297,1114100,0.0,0.0
2020-06-22,92.61616594661027,93.33202632978896,91.25217566601931,93.10952758789062,336500,0.0,0.0
2020-06-23,94.59929107438008,94.8991739765501,92.2195572850762,92.2679214477539,256100,0.0,0.0
2020-06-24,91.0200102256461,91.1941374469809,87.93409916485315,88.08887481689453,513500,0.0,0.0
2020-06-25,88.13724832391783,89.92688473946137,87.06346499849943,89.85916900634766,293600,0.0,0.0
2020-06-26,88.8240733304189,88.8240733304189,86.67650687565153,87.4600830078125,599600,0.0,0.0
2020-06-29,88.55321850746245,90.79752086553864,88.55321850746245,89.85916900634766,520800,0.0,0.0
2020-06-30,89.37547824548774,92.11314215670167,89.37547824548774,91.83260345458984,419600,0.0,0.0
2020-07-01,92.41302330573211,92.41302330573211,89.27874086125306,89.93655395507812,321900,0.0,0.0
2020-07-02,91.93901907191656,92.88703932672162,90.29448254224411,91.27153015136719,326800,0.0,0.0
2020-07-06,93.17725460447859,93.21595036343118,90.40089478843723,92.05510711669922,279100,0.0,0.0
2020-07-07,90.73948354860073,92.12282560557692,89.99460308228808,90.79752349853516,390700,0.0,0.0
2020-07-08,91.24249892216807,91.39728193759208,88.7853739057647,89.09493255615234,373100,0.0,0.0
2020-07-09,89.83014357198364,90.00427078661494,86.46368654926549,86.94737243652344,434400,0.0,0.0
2020-07-10,86.95704641467094,89.53025882405801,86.95704641467094,89.44319152832031,248800,0.0,0.0
2020-07-13,90.9426244928522,90.9426244928522,88.15658900041966,88.26300048828125,396200,0.0,0.0
2020-07-14,87.7696470231772,90.8362138705065,87.07313814343252,90.8265380859375,604300,0.0,0.0
2020-07-15,92.52911248635161,92.71290810634122,90.74914456844,91.99705505371094,284000,0.0,0.0
2020-07-16,91.51337379847233,91.94869555099392,90.9522963648017,91.47467803955078,220500,0.0,0.0
2020-07-17,91.65848561666697,92.04543584470302,90.78784944870127,91.07806396484375,231800,0.0,0.0
2020-07-20,90.93295128930514,91.46500874371431,90.55567686907365,90.81686401367188,254400,0.0,0.0
2020-07-21,91.14576083839326,93.33202290095262,91.14576083839326,92.25823974609375,377300,0.0,0.0
2020-07-22,91.5036957001632,93.51583083044409,91.38761580679468,93.35137939453125,313100,0.0,0.0
2020-07-23,98.19790725741557,103.56681597867538,96.96934101626553,97.5304183959961,760400,0.0,0.0
2020-07-24,97.46270214544984,99.11690692400022,95.85686152529578,99.10723114013672,575600,0.0,0.0
2020-07-27,99.0008153408165,100.19068576846749,97.81095229362579,100.08427429199219,412800,0.0,0.0
2020-07-28,99.21364557407705,99.21364557407705,96.81456773676805,96.97901916503906,251200,0.0,0.0
2020-07-29,97.6948702959374,98.63322206787551,96.82423425081646,98.43975067138672,232600,0.0,0.0
2020-07-30,96.7758727639332,97.43368586280246,95.53763807911126,96.31153106689453,283000,0.0,0.0
2020-07-31,96.28251401599309,96.28251401599309,94.13494744039365,95.053955078125,346300,0.0,0.0
2020-08-03,95.98263768206012,98.50747884161714,95.17004147714694,97.79161834716797,468000,0.0,0.0
2020-08-04,99.96819822021952,100.16167700840106,97.7238959405416,98.73963928222656,245600,0.0,0.0
2020-08-05,100.4712294336005,101.35153387851928,99.26201475948193,99.43614196777344,188600,0.0,0.0
2020-08-06,98.97178845845826,99.58123730488018,98.5848457133482,98.96212005615234,338600,0.0,0.0
2020-08-07,98.29465398412556,100.89688661483319,97.29826216238646,100.74210357666016,268200,0.0,0.0
2020-08-10,101.36121042193017,103.4313853690959,101.26447472336798,103.1605224609375,267000,0.0,0.0
2020-08-11,104.22463079255138,105.85949141986265,103.09280761077933,103.52812194824219,469500,0.0,0.0
2020-08-12,104.61158264097236,104.70831834190201,102.98639777178715,103.9344253540039,260000,0.0,0.0
2020-08-13,103.28736105289653,103.70576516156457,102.32406133243603,102.81057739257812,188800,0.625,0.0
2020-08-14,102.333785632192,104.61068463890271,102.15863955475272,103.45277404785156,279700,0.0,0.0
2020-08-17,103.64737074949785,104.99015973027741,103.28735364195758,103.7641372680664,1107400,0.0,0.0
2020-08-18,104.09497714882393,104.96097512247155,103.14140242602821,103.30681610107422,228800,0.0,0.0
2020-08-19,102.8592214160343,104.12416610338998,101.71104325207392,101.8472671508789,237600,0.0,0.0
2020-08-20,100.68936061545863,103.35546637541935,100.41690540339104,102.45054626464844,540500,0.0,0.0
2020-08-21,101.55536204177258,102.18782696220275,100.43637365204536,100.69908905029297,546500,0.0,0.0
2020-08-24,101.71103508072387,103.04409161038578,100.92288152615073,102.93705749511719,246400,0.0,0.0
2020-08-25,102.81057621763496,103.49169572459154,101.08830522717273,102.02241516113281,215900,0.0,0.0
2020-08-26,101.76941908226699,102.69380398882386,101.33155762691852,102.42135620117188,250300,0.0,0.0
2020-08-27,103.04410166184475,103.43331598954697,102.22675083130551,102.69380950927734,277000,0.0,0.0
2020-08-28,103.05383666116795,103.78361076015165,102.23648581001028,103.40412139892578,266800,0.0,0.0
2020-08-31,103.85171025954003,104.08523586459177,101.9737581730622,102.0418701171875,445700,0.0,0.0
2020-09-01,102.22675881355207,104.26039993717639,101.72078534458298,104.12417602539062,276900,0.0,0.0
2020-09-02,103.87118127809121,106.48864011865156,102.9662610880435,106.29402923583984,328400,0.0,0.0
2020-09-03,105.71019727538405,107.57841695826197,103.6473667357615,104.08523559570312,327900,0.0,0.0
2020-09-04,105.80749928364509,106.49835112379175,103.78359833343669,105.03880310058594,413100,0.0,0.0
2020-09-08,103.45278115899114,103.65711702610831,101.03965808435946,101.06885528564453,283100,0.0,0.0
2020-09-09,101.68184798352512,104.74690038833172,101.53589169307807,102.94679260253906,315600,0.0,0.0
2020-09-10,103.58899784785133,103.6084626473509,101.29264146752996,101.35102844238281,278400,0.0,0.0
2020-09-11,101.52616834216751,102.89814720153808,100.40718733752146,102.16837310791016,504200,0.0,0.0
2020-09-14,102.9273306136292,103.27762275080416,101.81807465379036,103.20951080322266,310700,0.0,0.0
2020-09-15,103.93928050873316,104.89285515867539,103.30680820839196,103.50141906738281,187800,0.0,0.0
2020-09-16,103.75441269907144,104.9901676536677,103.10248295773268,103.54035186767578,515400,0.0,0.0
2020-09-17,102.54785616884445,105.42803039915408,101.10777276551266,104.58149719238281,271200,0.0,0.0
2020-09-18,105.2236900420284,106.23564431053703,102.92733370649839,103.7252197265625,725000,0.0,0.0
2020-09-21,101.53589877629032,101.71104485231602,97.30321059992285,98.51950073242188,299600,0.0,0.0
2020-09-22,98.61679497651572,99.73578329824952,97.28374584356476,98.0718994140625,317100,0.0,0.0
2020-09-23,97.85782818578382,100.04715019121429,97.75079407162673,98.03297424316406,315600,0.0,0.0
2020-09-24,97.86757539840559,100.84505140091792,97.2837575933154,99.1519775390625,259400,0.0,0.0
2020-09-25,98.2859720848859,100.21257143831069,97.7508014735759,99.85255432128906,149600,0.0,0.0
2020-09-28,101.93484466189715,103.07329043484638,100.7769340897469,101.45805358886719,187000,0.0,0.0
2020-09-29,101.02991416129221,101.63318924908229,99.33683313929069,99.3757553100586,218200,0.0,0.0
2020-09-30,99.30765012390874,100.87423234159183,98.65572042239096,99.28819274902344,389700,0.0,0.0
2020-10-01,99.74552755999748,102.51866769678735,99.60930365318298,101.92511749267578,437700,0.0,0.0
2020-10-02,100.10554270499811,104.16309232270993,100.10554270499811,103.1219482421875,262000,0.0,0.0
2020-10-05,104.23120892815126,106.3037647818196,104.1338997720426,105.40857696533203,259900,0.0,0.0
2020-10-06,106.13834703452007,106.83893135928591,103.51115581664816,103.65711212158203,324100,0.0,0.0
2020-10-07,105.37937384202434,107.01406798076066,103.65710295861078,106.50808715820312,257300,0.0,0.0
2020-10-08,107.03353473118375,108.98933139898354,106.6345879929265,108.97959899902344,208400,0.0,0.0
2020-10-09,110.00128043732674,110.51698625580589,108.45415555824363,108.73633575439453,193400,0.0,0.0
2020-10-12,109.10609165222905,110.71159617482347,108.58065340354473,109.54396057128906,168300,0.0,0.0
2020-10-13,108.42497261105376,109.88452083389465,107.43248308592625,109.12555694580078,210400,0.0,0.0
2020-10-14,109.5439502128339,110.5559044379084,108.94066766798794,109.31041717529297,180000,0.0,0.0
2020-10-15,107.72437936355342,110.2931834293275,107.67573221433798,110.1569595336914,233800,0.0,0.0
2020-10-16,110.23480417015665,111.2759481887627,109.4369181692029,110.18614959716797,295500,0.0,0.0
2020-10-19,110.37102676476765,112.06410046904395,108.77525478167588,109.36880493164062,575100,0.0,0.0
2020-10-20,110.46832407443812,111.88894993320736,109.04769821566889,109.2131118774414,351900,0.0,0.0
2020-10-21,109.24231440877755,110.49752675237168,108.97959899902345,108.97959899902344,318300,0.0,0.0
2020-10-22,105.08746473368458,108.16224967257563,104.11443265281713,107.75357055664062,517400,0.0,0.0
2020-10-23,109.553673553178,109.59259572552055,107.33516169516959,108.24008178710938,375000,0.0,0.0
2020-10-26,107.06272142348615,107.66600400165154,104.76636505968996,104.99016571044922,367600,0.0,0.0
2020-10-27,104.33823132988024,107.37408661379371,104.12416308834368,105.95346069335938,477600,0.0,0.0
2020-10-28,103.39439970224454,105.00962923226672,103.13167686103522,103.47223663330078,434100,0.0,0.0
2020-10-29,102.5770437638667,106.82919677819308,102.17810445708163,105.7783203125,445400,0.0,0.0
2020-10-30,105.28206974506409,106.82919463693189,104.53283829806543,106.05076599121094,413300,0.0,0.0
2020-11-02,107.4519273216346,108.2498132889308,106.13833556645304,107.9287109375,263700,0.0,0.0
2020-11-03,109.55367474843928,109.55367474843928,107.75356694391701,108.58064270019531,309500,0.0,0.0
2020-11-04,107.08217464422141,108.04547424627337,104.46471618682753,105.34044647216797,290600,0.0,0.0
2020-11-05,106.60538463008886,110.47805529593144,106.60538463008886,109.09635162353516,251400,0.0,0.0
2020-11-06,110.33211638707478,110.86728704627251,108.69742205601635,109.27151489257812,210800,0.0,0.0
2020-11-09,115.74216898268439,118.865608655185,112.11276329224651,114.0490951538086,359200,0.0,0.0
2020-11-10,114.79831755809569,117.13358839744774,114.00043162246658,115.78107452392578,346300,0.0,0.0
2020-11-11,115.99514665092508,116.08272339335093,112.90090451870702,114.0588150024414,227400,0.0,0.0
2020-11-12,113.29013893640304,113.65016352162384,110.82836866702057,111.94735717773438,211600,0.0,0.0
2020-11-13,112.99821400617063,115.58648293045484,112.99821400617063,115.01239013671875,152900,0.0,0.0
2020-11-16,117.71742575861956,118.70018282653179,116.04380937256701,117.56173706054688,350500,0.0,0.0
2020-11-17,116.10219121153531,118.49584931425181,115.71297688232582,118.24285888671875,286700,0.0,0.0
2020-11-18,118.10662470185218,118.54449356795614,115.44051902791263,115.4599838256836,520500,0.0,0.0
2020-11-19,115.67029284665254,116.89302321501039,114.74102075188215,115.26923370361328,240700,0.625,0.0
2020-11-20,115.39640545259167,116.45284630955808,114.76058415184592,115.62138366699219,271700,0.0,0.0
2020-11-23,116.89302836852384,117.9299013784591,115.7778988204546,117.20604705810547,228700,0.0,0.0
2020-11-24,117.47993128413992,120.40470021035318,116.91258260701515,119.97430419921875,482300,0.0,0.0
2020-11-25,119.32870582884497,119.68085278911315,116.951717578512,118.7711410522461,227200,0.0,0.0
2020-11-27,119.0939415667565,119.68085066915584,118.13531764457272,118.58528900146484,140000,0.0,0.0
2020-11-30,117.97880558324057,118.18422338470215,115.19098190204238,115.23011016845703,471700,0.0,0.0
2020-12-01,117.52884169262252,118.89830116507216,117.12778255916035,117.61687469482422,321100,0.0,0.0
2020-12-02,117.67557583363336,117.98859451526071,116.0811306272266,116.4919662475586,738500,0.0,0.0
2020-12-03,116.83434889893168,117.80274938001497,115.87572488866952,116.86369323730469,337700,0.0,0.0
2020-12-04,117.646224078914,119.36783055997873,117.45059020143225,118.87873840332031,285600,0.0,0.0
2020-12-07,118.40921592548082,119.2211032461218,117.53863247033321,117.8125228881836,346900,0.0,0.0
2020-12-08,117.08866450149881,119.38740370990492,116.482194976689,118.37986755371094,381000,0.0,0.0
2020-12-09,119.58303883900543,120.01344234853458,117.39190794704271,117.46038055419922,376500,0.0,0.0
2020-12-10,116.99083618422777,120.16993503414132,116.84410705241027,119.62215423583984,349300,0.0,0.0
2020-12-11,118.70266602445642,119.61237774275912,117.27451780938142,118.63419342041016,284500,0.0,0.0
2020-12-14,119.97430382921966,120.16993770068164,116.8636775100698,116.96149444580078,377600,0.0,0.0
2020-12-15,118.65376015526336,119.3384861892001,116.40393325012141,119.24066925048828,382100,0.0,0.0
2020-12-16,119.7591119957654,120.18951550411656,117.29409068192338,117.50928497314453,280300,0.0,0.0
2020-12-17,118.13531489791285,118.13531489791285,116.35501976635288,117.14735412597656,280400,0.0,0.0
2020-12-18,117.66579797776143,117.66579797776143,114.55517140339806,115.17142486572266,1232800,0.0,0.0
2020-12-21,113.54764464826113,116.17895555627197,113.54764464826113,116.08113861083984,228500,0.0,0.0
2020-12-22,115.85615336743922,116.43327853461152,114.75080030841808,114.94644165039062,246400,0.0,0.0
2020-12-23,115.51379539702174,116.61914857577322,115.35728976944533,115.89529418945312,173800,0.0,0.0
2020-12-24,116.41372774663076,116.41372774663076,114.70190504349861,115.54314422607422,67200,0.0,0.0
2020-12-28,116.374593593312,117.30386574286403,115.56269878975134,115.82681274414062,144400,0.0,0.0
2020-12-29,116.18874172547842,116.9810687005661,115.19099692214412,115.59204864501953,207300,0.0,0.0
2020-12-30,115.82680186810106,118.21356638891419,115.4844314065629,116.56044006347656,235200,0.0,0.0
2020-12-31,117.03976392503176,117.99838044936088,115.76812123101436,117.13758087158203,227000,0.0,0.0
2021-01-04,119.12327552606403,121.21658920215218,116.10068980736841,117.09843444824219,266000,0.0,0.0
2021-01-05,117.10822478923616,121.35354103998696,117.10822478923616,120.45361328125,351700,0.0,0.0
2021-01-06,123.62293909017725,128.7486231448026,123.62293909017725,128.1812744140625,748800,0.0,0.0
2021-01-07,129.29638276559376,131.09625307033028,127.88781002949212,129.55072021484375,637800,0.0,0.0
2021-01-08,127.4965548046478,129.12034453787274,126.38142515340256,128.4258270263672,591500,0.0,0.0
2021-01-11,126.24445799184656,130.71476721684738,125.54016413177682,129.3648681640625,305500,0.0,0.0
2021-01-12,129.36488264523584,132.37769228925475,128.0247748376025,132.26031494140625,420400,0.0,0.0
2021-01-13,131.35058302862532,131.35058302862532,127.41827807058627,129.23770141601562,282800,0.0,0.0
2021-01-14,130.65609077436443,131.42884984334887,128.55298546663428,129.0616455078125,458100,0.0,0.0
2021-01-15,126.78246551261054,127.19330112034848,123.91638526499408,124.84565734863281,322300,0.0,0.0
2021-01-19,125.81405519749185,126.72377432403611,124.7184935986412,125.38365173339844,379000,0.0,0.0
2021-01-20,126.06840399106429,126.78247438836777,124.229412634049,125.63800048828125,275800,0.0,0.0
2021-01-21,125.69668102184364,125.85319409015872,122.50779815298534,122.6740951538086,375600,0.0,0.0
2021-01-22,121.67634398188663,123.75009737606123,121.15790749908146,123.46642303466797,290000,0.0,0.0
2021-01-25,123.906600885627,123.906600885627,121.68612585499659,122.91864013671875,411000,0.0,0.0
2021-01-26,123.84791274943717,123.84791274943717,119.91560774992672,120.02320861816406,386600,0.0,0.0
2021-01-27,118.5168215735252,119.29936458991764,115.35728278213358,116.73651885986328,468400,0.0,0.0
2021-01-28,118.58528976817378,118.89830845567418,114.16389241140709,115.0149154663086,477400,0.0,0.0
2021-01-29,115.24967657086421,115.43553398027233,111.76734277113819,113.54763793945312,565500,0.0,0.0
2021-02-01,115.27901495823517,116.95170916773725,113.65523294751272,116.58000183105469,323600,0.0,0.0
2021-02-02,116.9712909605631,118.37009493454806,116.18874046463058,118.2233657836914,312900,0.0,0.0
2021-02-03,118.37008487449486,119.77866519932427,118.26248400387507,119.4363021850586,241200,0.0,0.0
2021-02-04,119.89604363194503,121.50026521036733,118.54615204901512,121.21659088134766,256200,0.0,0.0
2021-02-05,122.6838773226308,123.40773910278423,120.83510952925916,121.04052734375,328500,0.0,0.0
2021-02-08,122.66431651104769,123.55446037087607,121.03075047057118,121.81329345703125,288000,0.0,0.0
2021-02-09,121.48070553007683,122.53713885809749,120.52208167242529,122.10674285888672,401200,0.0,0.0
2021-02-10,122.94798769695588,123.24143851071537,121.06009168958256,121.14812469482422,187800,0.0,0.0
2021-02-11,121.23617362725388,121.96981190730335,119.93518661952373,121.62744140625,230200,0.0,0.0
2021-02-12,121.2459446179649,123.0262397985732,120.78620425212692,122.85016632080078,160700,0.0,0.0
2021-02-16,123.62292458681578,125.28584231324217,123.22187291934686,124.70870971679688,288300,0.0,0.0
2021-02-17,124.8163228204823,125.49126495394933,122.68388061755581,122.69366455078125,358000,0.0,0.0
2021-02-18,122.75234832238719,126.14665657244679,121.32420010963392,124.131591796875,439900,0.0,0.0
2021-02-19,125.05108451339389,129.1105585471368,123.66206451871,128.5040740966797,474900,0.0,0.0
2021-02-22,128.5040717293439,133.03306999137024,128.47472739327142,132.41680908203125,463800,0.0,0.0
2021-02-23,132.15269558255372,133.07217622196043,130.58759484254253,132.5830841064453,400900,0.0,0.0
2021-02-24,132.58309557671475,135.62524939544355,131.53644612043428,135.17529296875,595000,0.0,0.0
2021-02-25,135.96761501698333,136.40779495811577,131.84945262784657,132.46571350097656,338100,0.0,0.0
2021-02-26,131.75163252201492,132.47547927873072,128.26929915192565,129.31594848632812,358800,0.0,0.0
2021-03-01,132.13313725045128,136.85776921826013,131.6342686299651,136.29042053222656,504300,0.0,0.0
2021-03-02,136.60343150391947,136.8088567742878,134.5981656299499,135.6643829345703,380800,0.0,0.0
2021-03-03,136.34912408912845,139.4597582692972,135.06770490227666,137.376220703125,376000,0.0,0.0
2021-03-04,137.40555140173814,137.40555140173814,131.73207941104317,133.561279296875,325200,0.0,0.0
2021-03-05,135.40026824604539,137.8261611170162,132.9743753750746,137.2099151611328,439100,0.0,0.0
2021-03-08,138.6380539864243,144.11589193115972,137.45445936475568,143.46051025390625,424700,0.0,0.0
2021-03-09,143.05944168404358,143.91045717623288,139.50862820133923,142.8148956298828,452100,0.0,0.0
2021-03-10,143.06923973519702,146.41462846966675,141.45524150462344,145.49514770507812,372400,0.0,0.0
2021-03-11,147.25226034999287,148.65757205467995,145.9943671432174,148.46102905273438,408800,0.688,0.0
2021-03-12,149.39461914913366,151.4288624563654,148.20550924842547,150.1906280517578,427200,0.0,0.0
2021-03-15,150.41663240241292,150.41663240241292,147.5765436609406,149.71890258789062,346600,0.0,0.0
2021-03-16,149.94493053172056,150.26923319942944,146.88863993087813,147.3800048828125,339100,0.0,0.0
2021-03-17,146.98692984595422,149.6599415875342,145.47351728414344,147.3406982421875,403700,0.0,0.0
2021-03-18,147.94017283971172,151.0947428493139,145.86661186648917,146.77073669433594,594300,0.0,0.0
2021-03-19,147.153998706911,147.6650075211118,142.9479154176795,146.2105712890625,1279600,0.0,0.0
2021-03-22,145.3752250357853,145.91572947287332,143.2132222827012,143.39012145996094,382600,0.0,0.0
2021-03-23,141.80790762563535,142.55477684630142,138.16197361147002,138.9678192138672,583900,0.0,0.0
2021-03-24,141.05122447337794,144.18613532309726,139.7245330808683,139.94073486328125,281100,0.0,0.0
2021-03-25,138.5452665585087,144.84456924627636,137.97528137817721,144.18614196777344,326400,0.0,0.0
2021-03-26,145.61108423084306,153.0306978091541,145.61108423084306,152.9324188232422,478400,0.0,0.0
2021-03-29,151.9496993034467,155.89045598002525,147.92051552594808,148.1956787109375,533200,0.0,0.0
2021-03-30,148.05810184831583,149.85649950462124,146.58400688366578,148.63790893554688,341100,0.0,0.0
2021-03-31,150.14147040940085,151.56642574149717,148.06790975529614,149.65992736816406,543400,0.0,0.0
2021-04-01,149.42409516233948,153.32553434873014,148.09740370273593,152.9619140625,409700,0.0,0.0
2021-04-05,155.38926374308156,156.2737297456028,153.30588092894382,154.23947143554688,365300,0.0,0.0
2021-04-06,154.08222375796726,155.27133360692608,151.07507248102556,152.18556213378906,457200,0.0,0.0
2021-04-07,152.75552429959933,153.35499008442815,150.8785067607605,151.86123657226562,277200,0.0,0.0
2021-04-08,151.30110429313677,152.1658964214503,149.23736547377737,151.61557006835938,373200,0.0,0.0
2021-04-09,151.23231146489064,153.5613766488163,150.94732637719744,151.59591674804688,355600,0.0,0.0
2021-04-12,152.46071058898727,154.35738702513922,152.01848514898603,153.8856658935547,254400,0.0,0.0
2021-04-13,153.84636561729562,154.00360599686206,150.0137100905204,151.63522338867188,246500,0.0,0.0
2021-04-14,152.6277970947269,155.2123818472996,152.13643208444432,152.85382080078125,307800,0.0,0.0
2021-04-15,154.00362335702616,154.00362335702616,151.49765888304577,152.41159057617188,292500,0.0,0.0
2021-04-16,154.59324097918469,154.73082256787424,152.26417587234437,153.31568908691406,298700,0.0,0.0
2021-04-19,152.814508691074,154.1608439370044,150.63284698152202,152.6179656982422,281700,0.0,0.0
2021-04-20,153.11916922973242,153.30589034157126,149.4732490811403,150.21029663085938,343300,0.0,0.0
2021-04-21,149.32581830194871,153.10933474433992,148.73618930779355,152.44107055664062,393300,0.0,0.0
2021-04-22,155.34996229533712,155.448226299501,149.76804802248841,152.4803924560547,335900,0.0,0.0
2021-04-23,153.94465224388068,155.42858417692383,152.726076611233,154.77015686035156,294200,0.0,0.0
2021-04-26,156.09683004338086,158.10160764641176,155.67426333991315,157.05007934570312,586800,0.0,0.0
2021-04-27,156.36215142152253,157.5316023750853,154.7897776192878,157.25643920898438,335900,0.0,0.0
2021-04-28,156.73559058021593,160.3913468546178,156.48007121995352,159.32015991210938,268700,0.0,0.0
2021-04-29,160.51910256732037,162.0718176503486,157.7084943782156,160.7942657470703,453500,0.0,0.0
2021-04-30,158.53400976157917,160.78445484895195,157.1581787734095,157.54144287109375,332200,0.0,0.0
2021-05-03,160.23411134377966,162.97592113520108,159.28086215216567,161.7082061767578,302400,0.0,0.0
2021-05-04,160.8728768697742,166.90683767738315,160.8728768697742,165.93394470214844,375800,0.0,0.0
2021-05-05,166.9068519549203,169.24575404625858,164.61708936038488,168.34164428710938,388200,0.0,0.0
2021-05-06,169.55040365661281,171.97774792697513,167.41788138175068,171.96792602539062,351400,0.0,0.0
2021-05-07,172.4592844756343,174.74904706058254,168.84283045891038,174.17906188964844,289800,0.0,0.0
2021-05-10,177.0289627665868,178.08049095244724,172.2823755721302,172.64598083496094,508300,0.0,0.0
2021-05-11,170.3464182746721,174.46405946271258,169.63885145979177,173.43218994140625,481900,0.0,0.0
2021-05-12,172.79340369382047,173.46165284192665,163.57539224249166,164.9315643310547,489200,0.0,0.0
2021-05-13,165.80620312036717,171.368458395805,165.33449692950992,169.4619598388672,433100,0.0,0.0
2021-05-14,170.19901034623103,170.7001972457165,166.6710132607047,167.6144256591797,473500,0.0,0.0
2021-05-17,167.5063138129292,168.2925007571257,164.10607664753718,167.6537322998047,545400,0.0,0.0
2021-05-18,167.62425527794596,168.6462878311293,164.76450751590244,164.9119110107422,306800,0.0,0.0
2021-05-19,161.8359589246228,163.77193810129697,158.5831252304423,163.5164337158203,362200,0.0,0.0
2021-05-20,162.63199112530708,163.80142721509333,160.88273294615,162.73025512695312,422300,0.0,0.0
2021-05-21,164.63673537626678,165.688263544187,161.61976244624702,163.06436157226562,453300,0.0,0.0
2021-05-24,163.6343590588548,166.50392872188655,162.04234133364514,165.3443145751953,357900,0.0,0.0
2021-05-25,165.75704780982224,166.68081630044296,162.20939232716685,162.38629150390625,389200,0.0,0.0
2021-05-26,162.1602753065901,163.81126953879638,161.63942959527546,163.57540893554688,365600,0.0,0.0
2021-05-27,167.10619454974037,168.15220944332273,165.8233401291649,166.08978271484375,425700,0.688,0.0
2021-05-28,165.35954668310566,166.19832507199018,163.37605149217165,165.8529510498047,191600,0.0,0.0
2021-06-01,168.181805283329,170.24424698079105,167.14566815878615,170.10609436035156,367400,0.0,0.0
2021-06-02,170.57976151996138,170.57976151996138,165.58651164266834,166.8200225830078,326700,0.0,0.0
2021-06-03,166.07992707048354,167.65881214467996,163.96815680239632,167.24435424804688,478400,0.0,0.0
2021-06-04,168.25089679517083,169.47454510165642,166.2772792374562,168.20155334472656,231400,0.0,0.0
2021-06-07,167.50093323818388,167.66868892939166,163.2379119409943,165.3003387451172,280400,0.0,0.0
2021-06-08,165.1424445515004,172.11917433974176,165.00429193363937,171.41854858398438,449400,0.0,0.0
2021-06-09,170.4810829045796,172.00077688911605,169.5534952806829,170.9744873046875,409900,0.0,0.0
2021-06-10,173.4414899124101,173.4414899124101,169.76069771526346,170.48106384277344,446700,0.0,0.0
2021-06-11,171.7047259269866,172.6915346966819,169.36599396121088,170.98435974121094,206200,0.0,0.0
2021-06-14,170.33304910035582,170.33304910035582,164.0076017644495,165.14244079589844,374500,0.0,0.0
2021-06-15,164.58983095420987,164.72798358208607,161.32349627852471,163.30699157714844,447400,0.0,0.0
2021-06-16,163.4253951394828,163.4253951394828,159.13277112096827,160.07025146484375,514000,0.0,0.0
2021-06-17,159.92222372912144,159.92222372912144,151.4060593921847,152.69879150390625,512800,0.0,0.0
2021-06-18,148.54432195329161,152.02775568357023,147.814078047657,148.0805206298828,803300,0.0,0.0
2021-06-21,150.0936172028142,152.00801353339645,149.0475872773844,151.4751434326172,539700,0.0,0.0
2021-06-22,151.2086995236424,151.2086995236424,148.49497547949767,148.78115844726562,461100,0.0,0.0
2021-06-23,149.73837080846235,152.26459889479742,149.04759261133344,149.1857452392578,341500,0.0,0.0
2021-06-24,150.1528225170967,152.54089787729617,148.72195284583134,150.89292907714844,317800,0.0,0.0
2021-06-25,152.07709443708444,152.94549094048168,150.79424007274937,151.25804138183594,619900,0.0,0.0
2021-06-28,151.40607497021972,151.62317412231124,146.1463970384349,146.7779541015625,405200,0.0,0.0
2021-06-29,147.77462009461988,149.96533686923755,146.34375032390304,146.78781127929688,390500,0.0,0.0
2021-06-30,145.89966939933853,149.6100646164115,145.89966939933853,148.909423828125,322900,0.0,0.0
2021-07-01,150.60675585898326,151.62316772932508,148.2285580690859,150.90280151367188,310200,0.0,0.0
2021-07-02,151.40605391585734,151.94880172061218,149.79756594950072,150.4291229248047,293900,0.0,0.0
2021-07-06,149.57061320431956,150.15282676757315,146.02795825954937,146.96542358398438,354500,0.0,0.0
2021-07-07,147.13317879785643,149.8765056973076,147.13317879785643,148.80087280273438,326500,0.0,0.0
2021-07-08,146.17598580743083,148.79102298716174,144.72537573187995,146.44241333007812,264400,0.0,0.0
2021-07-09,149.1857589730269,150.73505613934637,148.7219726531983,149.6890411376953,275300,0.0,0.0
2021-07-12,147.97196371604744,151.21857281869853,146.94568927835144,150.7350311279297,306100,0.0,0.0
2021-07-13,149.47193409213438,149.96533850517832,147.59700334557047,148.25816345214844,174600,0.0,0.0
2021-07-14,149.68902327573787,150.45873290425686,147.06410835924666,147.94236755371094,240500,0.0,0.0
2021-07-15,147.39962429732046,151.28765334316853,147.39962429732046,149.0179901123047,209400,0.0,0.0
2021-07-16,149.1561465356915,149.85678742045016,146.26480393202172,146.48190307617188,359000,0.0,0.0
2021-07-19,144.07408470732224,144.07408470732224,141.23207054674808,142.76162719726562,520600,0.0,0.0
2021-07-20,142.26821977788592,147.74501150961737,141.6860062124199,146.79766845703125,411700,0.0,0.0
2021-07-21,148.70220444552703,150.37977621312044,148.22854048870784,148.8502197265625,331200,0.0,0.0
2021-07-22,147.43911370019956,148.8206400653963,144.3701375783979,148.0015869140625,379700,0.0,0.0
2021-07-23,149.34362893607724,149.8370332989353,147.49830143739007,149.31402587890625,337000,0.0,0.0
2021-07-26,153.0836583041517,154.92898599408642,151.67251385022507,151.73171997070312,398600,0.0,0.0
2021-07-27,151.36658116721551,152.3040463914602,149.17586471697766,151.2481689453125,324500,0.0,0.0
2021-07-28,152.00800802536193,152.05735147267546,148.8206200879863,151.48500061035156,202100,0.0,0.0
2021-07-29,153.14285253250463,157.33678972577766,152.4323490269261,156.64602661132812,283400,0.0,0.0
2021-07-30,155.90592667971634,157.9880938359537,154.42571348971367,155.07699584960938,220000,0.0,0.0
2021-08-02,156.5572097653996,157.297316363832,152.5310431205337,152.6297149658203,359300,0.0,0.0
2021-08-03,152.88627480044326,155.81709803837046,150.30084065341924,155.36317443847656,204100,0.0,0.0
2021-08-04,154.19873681830546,154.69214121558886,149.353517080688,149.46206665039062,285700,0.0,0.0
2021-08-05,149.7482441231847,151.18899168041483,147.68581722484527,148.41604614257812,276600,0.0,0.0
2021-08-06,150.53768315997914,151.62316378895127,148.9193173549146,150.71530151367188,163900,0.0,0.0
2021-08-09,149.4620510999133,152.13629422274906,148.84035680561684,151.29751586914062,196100,0.0,0.0
2021-08-10,151.36659734735628,155.87632067529162,151.36659734735628,155.4717254638672,320000,0.0,0.0
2021-08-11,156.40919656980068,157.96835629834374,154.86977723358302,157.87954711914062,299100,0.0,0.0
2021-08-12,157.01531140795,158.0262076768506,154.2105948551067,156.71800231933594,193100,0.688,0.0
2021-08-13,156.12336388629458,157.03514710230417,155.0133695576809,155.73684692382812,174700,0.0,0.0
2021-08-16,153.84388963718493,154.7556728019417,150.25621879634278,153.833984375,234300,0.0,0.0
2021-08-17,152.63478589843166,152.7636299225963,148.70023419431067,151.20765686035156,165100,0.0,0.0
2021-08-18,149.59220420741318,152.26809189992613,148.39300208401698,148.5416717529297,262300,0.0,0.0
2021-08-19,145.29097730748677,149.58230032672694,145.05311488450468,148.40293884277344,362400,0.0,0.0
2021-08-20,148.46238428735046,150.3652380936383,147.88756150380448,148.5416717529297,528800,0.0,0.0
2021-08-23,150.6625658706572,150.98962100295154,149.26515261154637,149.73095703125,274700,0.0,0.0
2021-08-24,152.17890637620994,153.87362877526283,150.513899765301,151.18783569335938,336000,0.0,0.0
2021-08-25,151.0887161887223,152.14916903335978,149.82014697810592,150.3454132080078,256800,0.0,0.0
2021-08-26,150.85087903484694,151.2175703573909,148.274089146462,148.29391479492188,296700,0.0,0.0
2021-08-27,149.65167310448237,152.6050595049488,149.23542523240633,151.72300720214844,272600,0.0,0.0
2021-08-30,152.20864749820385,153.02131764894136,150.60311772348714,151.27703857421875,352100,0.0,0.0
2021-08-31,150.90041925140943,150.90041925140943,148.48221944772777,148.7002410888672,231000,0.0,0.0
2021-09-01,147.84791062044474,148.87863255329995,144.24041410052715,148.20469665527344,292500,0.0,0.0
2021-09-02,149.14623620823022,149.16604673415122,147.35238552481349,148.29391479492188,279100,0.0,0.0
2021-09-03,148.18489242680533,148.87863887885425,147.42176376828226,148.24435424804688,349700,0.0,0.0
2021-09-07,148.04613233743927,149.3047811220116,147.56050229515918,147.68934631347656,276500,0.0,0.0
2021-09-08,146.8865891921264,147.61997180219987,145.6873870394495,146.7180938720703,323200,0.0,0.0
2021-09-09,146.66855195432126,148.75971164521872,146.18292188834118,147.32264709472656,328900,0.0,0.0
2021-09-10,148.26417462418578,149.5426491030363,146.82711009009932,147.26318359375,424700,0.0,0.0
2021-09-13,149.19577983153954,149.19577983153954,146.45052481990908,148.28399658203125,358500,0.0,0.0
2021-09-14,147.80827162553254,147.80827162553254,144.25033173001694,144.73594665527344,218000,0.0,0.0
2021-09-15,146.3910635911918,149.05703114119552,145.7072223706464,148.7498016357422,408400,0.0,0.0
2021-09-16,148.511941948968,148.511941948968,144.80533229887624,145.12246704101562,272500,0.0,0.0
2021-09-17,144.29988861098772,144.43863789316504,141.64381148033075,142.79345703125,938900,0.0,0.0
2021-09-20,138.06605657563725,139.93917959072718,134.250443460289,139.80043029785156,454100,0.0,0.0
2021-09-21,140.959968513886,140.959968513886,137.17408665041629,138.91836547851562,533600,0.0,0.0
2021-09-22,141.44559695564968,144.73594347727374,141.44559695564968,142.4069366455078,457700,0.0,0.0
2021-09-23,143.17007495440853,145.2116781051957,142.66461923671196,143.10069274902344,389600,0.0,0.0
2021-09-24,142.6844504495549,143.85390662133227,141.49516862938876,141.60418701171875,226700,0.0,0.0
2021-09-27,141.7726623114751,144.76569996799236,141.7726623114751,144.10166931152344,201100,0.0,0.0
2021-09-28,144.11157909312524,145.93514536161356,141.65371312512391,144.6170196533203,263200,0.0,0.0
2021-09-29,146.68835684460566,147.12443033648407,142.65470728980557,143.39801025390625,315500,0.0,0.0
2021-09-30,144.56747574525863,145.56846681389592,140.76176795049315,141.14828491210938,455100,0.0,0.0
2021-10-01,141.14827822061883,143.1799760497354,138.3732774142063,141.98077392578125,299500,0.0,0.0
2021-10-04,142.96194387920528,144.86479774732965,141.54472008258335,141.69337463378906,334500,0.0,0.0
2021-10-05,141.4951596328678,143.97283623506988,139.9689023772901,142.4465789794922,247900,0.0,0.0
2021-10-06,140.16710969454275,140.841045575856,137.77864100766982,139.91934204101562,292300,0.0,0.0
2021-10-07,142.0105031261049,144.02239040650957,141.1978330777607,141.38613891601562,261900,0.0,0.0
2021-10-08,141.50506173310856,142.22853905047424,140.23649255093142,140.38514709472656,186800,0.0,0.0
2021-10-11,142.17899640810924,144.785501829883,142.06997803607433,142.73399353027344,302300,0.0,0.0
2021-10-12,142.89255501992662,144.34943004405724,142.46640191128827,142.79345703125,222800,0.0,0.0
2021-10-13,143.20971685603396,144.1115948268896,141.20774979785327,143.47731018066406,237300,0.0,0.0
2021-10-14,146.65863756022964,148.03622522465105,144.67649616552035,144.95399475097656,371600,0.0,0.0
2021-10-15,145.77657697298739,148.135329938066,145.71711515412622,146.26220703125,318100,0.0,0.0
2021-10-18,144.8152424297758,147.9569346599842,143.5764040839899,147.24337768554688,428100,0.0,0.0
2021-10-19,147.35237798851742,147.9668520790356,145.65765563407615,146.25230407714844,300200,0.0,0.0
2021-10-20,145.48916782341294,149.08674383586433,144.7161339613961,148.02630615234375,266600,0.0,0.0
2021-10-21,145.5981832207066,147.09469435941853,144.06202078998783,147.0352325439453,320400,0.0,0.0
2021-10-22,148.26416902993793,149.47327638169764,147.6199640611107,147.95692443847656,210900,0.0,0.0
2021-10-25,148.81917076011194,152.25818708674728,148.34344596523357,151.4851531982422,276000,0.0,0.0
2021-10-26,151.14818251157897,152.11944265688203,149.38407792791844,149.79042053222656,231400,0.0,0.0
2021-10-27,148.115508984821,149.45346044174931,142.644794638155,142.69435119628906,415800,0.0,0.0
2021-10-28,141.84203599140122,145.67748994447672,141.4654394027627,143.0015869140625,453300,0.0,0.0
2021-10-29,143.59622496417634,146.55953163302286,143.59622496417634,144.85488891601562,421900,0.0,0.0
2021-11-01,146.92623343922386,148.21462839270967,143.44758067509724,147.8875732421875,436400,0.0,0.0
2021-11-02,147.17399567184253,149.29488631770022,147.17399567184253,149.1165008544922,440800,0.0,0.0
2021-11-03,149.3147200650065,154.59712887958997,148.85882087451435,154.03221130371094,506500,0.0,0.0
2021-11-04,157.3622120652012,160.23631118369715,157.3622120652012,159.37408447265625,569500,0.0,0.0
2021-11-05,159.9687067631096,162.0004044869794,159.9687067631096,161.8319091796875,437700,0.0,0.0
2021-11-08,164.2501327543479,166.30165623573603,162.93200698987616,163.46719360351562,423500,0.0,0.0
2021-11-09,162.7338049204878,164.55737136792865,162.6644378356321,164.49790954589844,383900,0.0,0.0
2021-11-10,163.54648491399007,164.90424688202037,162.24818476608692,162.44639587402344,387100,0.0,0.0
2021-11-11,163.5365619783805,165.3502230766628,163.3879074303811,164.93397521972656,272100,0.0,0.0
2021-11-12,164.92406891814758,166.33138741297978,164.3195152225296,165.34031677246094,236200,0.0,0.0
2021-11-15,164.8943411345712,165.43941789915908,163.24916021071382,163.58612060546875,259400,0.0,0.0
2021-11-16,164.04202669238674,164.99344609689064,163.1005125507806,164.09158325195312,356400,0.0,0.0
2021-11-17,162.0400508734905,163.73478833470793,157.64961516368754,157.83790588378906,487700,0.0,0.0
2021-11-18,158.1544355407823,160.52342245167304,157.27850454418737,159.64749145507812,220500,0.688,0.0
2021-11-19,159.4384636317856,162.83268119780803,159.0502696853123,160.95143127441406,246900,0.0,0.0
2021-11-22,160.90165663032406,166.16717578036847,160.8021286799879,163.24078369140625,341200,0.0,0.0
2021-11-23,164.1764334552671,165.9979635231225,162.15583229987485,163.2208709716797,233800,0.0,0.0
2021-11-24,163.340318677654,164.22619788862974,160.6329094779676,161.0310516357422,192100,0.0,0.0
2021-11-26,154.99912111277382,158.88106062960892,154.06347025790816,157.46763610839844,148800,0.0,0.0
2021-11-29,159.07017353098416,159.23938471080515,155.61623632578775,156.10397338867188,306200,0.0,0.0
2021-11-30,155.44702810961513,156.10397636484518,147.4243433318465,147.9419403076172,621900,0.0,0.0
2021-12-01,150.18152135671832,154.45165455841024,148.68846545305473,148.76809692382812,401000,0.0,0.0
2021-12-02,150.24124658844457,155.32759115813516,149.57435008330245,152.68984985351562,324700,0.0,0.0
2021-12-03,152.99843042336178,154.62087426689232,149.12643917381385,150.6891632080078,334500,0.0,0.0
2021-12-06,151.4456350807724,154.17295607113246,150.08198217966762,153.2472686767578,405300,0.0,0.0
2021-12-07,155.4370781676671,158.8910154008615,155.4370781676671,156.4224853515625,286000,0.0,0.0
2021-12-08,157.47759853875274,157.87574072682838,155.4868572220728,156.273193359375,204100,0.0,0.0
2021-12-09,154.92942971530638,157.29841663257548,153.3368458486597,156.1338348388672,243200,0.0,0.0
2021-12-10,158.22412598091486,158.22412598091486,155.5266648234309,157.43777465820312,233000,0.0,0.0
2021-12-13,158.75166046856322,158.75166046856322,155.12851213757884,155.7655487060547,438800,0.0,0.0
2021-12-14,156.27318872022417,159.21949246423242,155.70582017150093,156.18360900878906,367000,0.0,0.0
2021-12-15,154.80998876793018,155.078743083593,151.49540283525553,154.64077758789062,282700,0.0,0.0
2021-12-16,156.59171900784042,160.8718006812796,154.86971683622048,157.1491241455078,333300,0.0,0.0
2021-12-17,156.44239840383156,159.64749301284579,155.17827346471097,158.50282287597656,706900,0.0,0.0
2021-12-20,157.10930008708146,157.1192635140193,150.88823351126746,152.72967529296875,295200,0.0,0.0
2021-12-21,153.665321722584,155.30767717616774,153.31693592908425,154.70050048828125,196800,0.0,0.0
2021-12-22,155.0787446958363,157.39796004898955,153.8843029966894,157.01971435546875,196500,0.0,0.0
2021-12-23,157.39796186729282,158.52272034614248,156.3926278151422,157.93545532226562,197500,0.0,0.0
2021-12-27,157.45768729756887,160.58315056565974,155.70582521374914,160.39402770996094,193200,0.0,0.0
2021-12-28,159.6076882048982,160.9812893602043,159.22944250147665,160.62295532226562,135100,0.0,0.0
2021-12-29,159.92620151588716,162.33499668141562,159.65744718601945,161.84727478027344,104600,0.0,0.0
2021-12-30,162.8924044372863,163.56926439225003,160.2745898972303,160.72250366210938,137800,0.0,0.0
2021-12-31,160.83198806314243,162.36485214908052,158.95073818177957,161.46902465820312,152700,0.0,0.0
2022-01-03,162.09611012169646,163.4796746638453,160.15512527918642,160.5333709716797,173600,0.0,0.0
2022-01-04,161.94679191716548,165.03244682069752,161.62828122627857,162.81277465820312,212100,0.0,0.0
2022-01-05,164.3456505834414,169.9495922697923,163.24078854127626,165.97805786132812,295800,0.0,0.0
2022-01-06,167.29195027837383,167.29195027837383,163.091484974492,164.72389221191406,230300,0.0,0.0
2022-01-07,166.07758960093548,166.49564342762798,163.4299001770663,165.75906372070312,216200,0.0,0.0
2022-01-10,165.30120153958987,167.33175086492412,160.89170191823592,161.64817810058594,400800,0.0,0.0
2022-01-11,160.62294818959825,163.52942850685687,157.92550238025086,163.41993713378906,222500,0.0,0.0
2022-01-12,165.99795870976405,167.74980549270143,165.15188762707754,166.9435577392578,353800,0.0,0.0
2022-01-13,167.2819920583389,169.09357396467524,164.12666886289747,164.82342529296875,254700,0.0,0.0
2022-01-14,163.17109895032425,165.87850826013945,163.1312908081874,165.55999755859375,169400,0.0,0.0
2022-01-18,164.02711457850796,164.02711457850796,161.23012562112342,163.1412353515625,190100,0.0,0.0
2022-01-19,167.32180907692597,167.32180907692597,161.9069904164289,162.94216918945312,269700,0.0,0.0
2022-01-20,162.3549030829473,165.73915712917835,159.79679328903734,159.9859161376953,358000,0.0,0.0
2022-01-21,159.13986774556005,159.13986774556005,149.71370627579017,150.14170837402344,445000,0.0,0.0
2022-01-24,147.37457384403882,152.33151535554168,145.56300718548823,151.50537109375,451500,0.0,0.0
2022-01-25,149.08660742551905,151.5949455931045,145.11507325918788,150.8185577392578,413400,0.0,0.0
2022-01-26,152.47087163274006,154.0734190157336,147.06601619585464,148.3699493408203,476200,0.0,0.0
2022-01-27,150.2511873657066,153.28707069966103,148.3002695167112,149.90281677246094,421900,0.0,0.0
2022-01-28,151.88359999492934,151.88359999492934,147.11578138486533,150.8882293701172,398300,0.0,0.0
2022-01-31,151.2366208757518,152.36139458447653,149.93268773810686,152.17227172851562,539200,0.0,0.0
2022-02-01,154.39194266534398,158.5028283243324,153.51601163009298,157.7264404296875,277600,0.0,0.0
2022-02-02,157.42781695537693,160.46370030785374,156.54193773332466,159.30906677246094,325800,0.0,0.0
2022-02-03,159.03036393505465,161.70791326098126,157.23869382958796,159.0104522705078,160400,0.0,0.0
2022-02-04,158.0449532455638,160.49357176846308,155.33754381705361,155.41717529296875,299800,0.0,0.0
2022-02-07,156.52203552393647,156.52203552393647,152.3315183829258,153.32688903808594,428900,0.0,0.0
2022-02-08,154.43174872680586,158.39333480962995,154.05351821153343,158.2738800048828,526100,0.0,0.0
2022-02-09,159.03037190954748,163.3602250943811,157.4676327094819,162.39471435546875,250200,0.0,0.0
2022-02-10,159.8266756080307,164.6940375718047,159.48823803758356,160.12527465820312,222800,0.0,0.0
2022-02-11,158.59241051076424,162.43454190054345,157.63684798575935,160.12527465820312,270500,0.0,0.0
2022-02-14,160.79216087973538,162.135917272003,158.83129476060762,161.10073852539062,337500,0.0,0.0
2022-02-15,162.23546709920183,166.7743548159748,160.16509433243422,165.92828369140625,344800,0.0,0.0
2022-02-16,166.12735605472875,168.61578268939004,165.26138844607487,167.4213409423828,304200,0.0,0.0
2022-02-17,171.96022530585407,179.2562938775083,171.96022530585407,172.93569946289062,658900,0.0,0.0
2022-02-18,172.4579121257327,175.58337533699628,171.2037505833794,174.1400909423828,465700,0.0,0.0
2022-02-22,176.41949794457872,179.1766636857118,173.82157996307072,173.8414764404297,560800,0.0,0.0
2022-02-23,174.73732362623224,176.10097657978855,171.42273748260573,171.8706512451172,393100,0.0,0.0
2022-02-24,167.00327522405573,172.6868479365669,165.02248229587465,172.17919921875,398000,0.0,0.0
2022-02-25,173.8514359223619,182.72019178090343,173.84147249575784,182.5708770751953,562600,0.0,0.0
2022-02-28,180.94842192811146,190.26509172425074,180.779210741922,189.98638916015625,1044300,0.0,0.0
2022-03-01,189.90674977118147,194.00768696421255,181.84425703765848,186.31346130371094,646700,0.0,0.0
2022-03-02,187.43823328426757,190.11578260020693,185.12898141439618,188.33407592773438,543700,0.0,0.0
2022-03-03,189.9266717071034,191.14102511778145,184.49195645171554,189.15028381347656,584700,0.0,0.0
2022-03-04,187.92598270545133,188.6028274605527,183.45676299667616,187.98570251464844,396400,0.0,0.0
2022-03-07,187.98570047774908,190.76277789237844,182.54102183873155,183.8350067138672,476200,0.0,0.0
2022-03-08,182.431529136492,184.56162169217146,177.79309832286032,181.1674041748047,444200,0.0,0.0
2022-03-09,181.92389158854877,189.49866257757034,180.36115243240906,188.13499450683594,534800,0.0,0.0
2022-03-10,187.63999938964844,190.13999938964844,183.64999389648438,188.27000427246094,429200,0.875,0.0
2022-03-11,187.8699951171875,190.5800018310547,184.7899932861328,188.22999572753906,634400,0.0,0.0
2022-03-14,188.17999267578125,190.72999572753906,185.10000610351562,187.6699981689453,367400,0.0,0.0
2022-03-15,184.97000122070312,190.6699981689453,184.8000030517578,190.0399932861328,391500,0.0,0.0
2022-03-16,192.42999267578125,194.66000366210938,186.52999877929688,189.47000122070312,401900,0.0,0.0
2022-03-17,189.67999267578125,192.66000366210938,188.8800048828125,191.02999877929688,445300,0.0,0.0
2022-03-18,189.89999389648438,192.0500030517578,187.5,191.5,733900,0.0,0.0
2022-03-21,195.38999938964844,198.44000244140625,192.3699951171875,194.7100067138672,450400,0.0,0.0
2022-03-22,195.47999572753906,196.9499969482422,193.60000610351562,195.27999877929688,391900,0.0,0.0
2022-03-23,195.13999938964844,196.07000732421875,192.66000366210938,194.33999633789062,484700,0.0,0.0
2022-03-24,195.91000366210938,196.9600067138672,193.44000244140625,195.2899932861328,423200,0.0,0.0
2022-03-25,195.6999969482422,195.8800048828125,193.66000366210938,194.92999267578125,404300,0.0,0.0
2022-03-28,193.82000732421875,193.82000732421875,189.02999877929688,190.9499969482422,607300,0.0,0.0
2022-03-29,189.22999572753906,189.22999572753906,181.0500030517578,185.25,852500,0.0,0.0
2022-03-30,186.91000366210938,187.61000061035156,182.9600067138672,184.67999267578125,588500,0.0,0.0
2022-03-31,184.08999633789062,187.4499969482422,182.86000061035156,183.35000610351562,528400,0.0,0.0
2022-04-01,184.38999938964844,187.05999755859375,182.17999267578125,184.77000427246094,385600,0.0,0.0
2022-04-04,184.77000427246094,184.9499969482422,180.5399932861328,182.1999969482422,330800,0.0,0.0
2022-04-05,181.3300018310547,183.4499969482422,178.5399932861328,179.0,400200,0.0,0.0
2022-04-06,178.92999267578125,180.5399932861328,176.60000610351562,178.8300018310547,612600,0.0,0.0
2022-04-07,178.3000030517578,179.3800048828125,175.9499969482422,178.4499969482422,258400,0.0,0.0
2022-04-08,179.60000610351562,180.9600067138672,177.6199951171875,179.36000061035156,283000,0.0,0.0
2022-04-11,180.0,186.19000244140625,180.0,183.0399932861328,422900,0.0,0.0
2022-04-12,184.25999450683594,189.22000122070312,183.13999938964844,184.36000061035156,389000,0.0,0.0
2022-04-13,185.86000061035156,189.67999267578125,183.5,189.1699981689453,258900,0.0,0.0
2022-04-14,192.22999572753906,195.1300048828125,190.9600067138672,194.25999450683594,363400,0.0,0.0
2022-04-18,194.5800018310547,196.8000030517578,192.80999755859375,194.5399932861328,302400,0.0,0.0
2022-04-19,194.0,198.85000610351562,193.91000366210938,198.50999450683594,399600,0.0,0.0
2022-04-20,199.58999633789062,201.38999938964844,197.57000732421875,200.6300048828125,367000,0.0,0.0
2022-04-21,201.47999572753906,204.92999267578125,195.8800048828125,197.22999572753906,335600,0.0,0.0
2022-04-22,198.30999755859375,198.30999755859375,191.75999450683594,192.63999938964844,492500,0.0,0.0
2022-04-25,190.11000061035156,193.35000610351562,183.58999633789062,190.3800048828125,504000,0.0,0.0
2022-04-26,190.27999877929688,190.60000610351562,186.4600067138672,186.75,417600,0.0,0.0
2022-04-27,188.99000549316406,193.25999450683594,186.75999450683594,189.24000549316406,477500,0.0,0.0
2022-04-28,193.72000122070312,200.1699981689453,191.8300018310547,199.1300048828125,489500,0.0,0.0
2022-04-29,202.85000610351562,207.4600067138672,196.9199981689453,198.25,491500,0.0,0.0
2022-05-02,198.16000366210938,199.74000549316406,193.47999572753906,197.82000732421875,451600,0.0,0.0
2022-05-03,196.3300018310547,205.35000610351562,195.72999572753906,204.6199951171875,543300,0.0,0.0
2022-05-04,203.60000610351562,211.66000366210938,203.60000610351562,211.42999267578125,536600,0.0,0.0
2022-05-05,210.30999755859375,210.82000732421875,195.97000122070312,197.5500030517578,630400,0.0,0.0
2022-05-06,196.30999755859375,198.42999267578125,190.61000061035156,197.17999267578125,501800,0.0,0.0
2022-05-09,192.39999389648438,196.66000366210938,191.11000061035156,192.97999572753906,446800,0.0,0.0
2022-05-10,194.16000366210938,195.19000244140625,187.77000427246094,189.92999267578125,473926,0.0,0.0
