,Symbol,Date,Close,Low,Volume,Open,Adj_Close,High
0,SCMN.VX,2016-07-27,479.90,479.40,19200,481.20,479.90,483.70
1,SCMN.VX,2016-07-26,478.50,477.00,24000,480.90,478.50,482.10
2,SCMN.VX,2016-07-25,479.50,478.20,18000,478.20,479.50,484.30
3,SCMN.VX,2016-07-22,479.70,476.50,21800,476.50,479.70,481.50
4,SCMN.VX,2016-07-21,477.40,471.50,25900,479.20,477.40,480.50
5,SCMN.VX,2016-07-20,480.30,478.50,14600,482.80,480.30,483.70
6,SCMN.VX,2016-07-19,479.40,477.60,21300,480.80,479.40,482.80
7,SCMN.VX,2016-07-18,482.50,480.00,12100,481.50,482.50,484.40
8,SCMN.VX,2016-07-15,482.10,479.60,14800,481.80,482.10,483.40
9,SCMN.VX,2016-07-14,483.20,479.30,26400,484.80,483.20,484.90
10,SCMN.VX,2016-07-13,482.10,478.60,24000,483.00,482.10,483.90
11,SCMN.VX,2016-07-12,482.30,477.70,25600,479.50,482.30,484.50
12,SCMN.VX,2016-07-11,478.20,474.10,15600,476.10,478.20,478.20
13,SCMN.VX,2016-07-08,473.90,470.40,18500,471.20,473.90,474.70
14,SCMN.VX,2016-07-07,470.90,469.20,24100,470.60,470.90,473.00
15,SCMN.VX,2016-07-06,466.90,465.20,23600,472.60,466.90,474.30
16,SCMN.VX,2016-07-05,474.60,474.20,20900,478.60,474.60,479.90
17,SCMN.VX,2016-07-04,478.80,477.00,18700,481.90,478.80,483.00
18,SCMN.VX,2016-07-01,480.10,479.00,44300,482.00,480.10,483.70
19,SCMN.VX,2016-06-30,481.80,476.50,39600,477.60,481.80,483.80
20,SCMN.VX,2016-06-29,474.70,462.90,44900,465.70,474.70,474.90
21,SCMN.VX,2016-06-28,458.80,454.60,50200,456.10,458.80,464.70
22,SCMN.VX,2016-06-27,446.80,446.80,81500,450.20,446.80,457.90
23,SCMN.VX,2016-06-24,453.20,445.40,84100,446.90,453.20,462.20
24,SCMN.VX,2016-06-23,461.50,453.80,30200,455.90,461.50,462.90
25,SCMN.VX,2016-06-22,454.70,451.50,33900,455.20,454.70,456.30
26,SCMN.VX,2016-06-21,455.40,451.90,51900,455.50,455.40,456.80
27,SCMN.VX,2016-06-20,455.60,454.40,38300,456.70,455.60,458.70
28,SCMN.VX,2016-06-17,453.10,450.80,53100,452.20,453.10,457.10
29,SCMN.VX,2016-06-16,446.90,445.10,24200,448.40,446.90,449.90
30,SCMN.VX,2016-06-15,452.00,448.40,39200,448.80,452.00,456.10
31,SCMN.VX,2016-06-14,447.70,447.10,36700,451.00,447.70,452.80
32,SCMN.VX,2016-06-13,454.30,453.40,31000,456.80,454.30,458.20
33,SCMN.VX,2016-06-10,459.80,458.00,36500,466.00,459.80,466.20
34,SCMN.VX,2016-06-09,466.80,466.20,29600,471.30,466.80,471.40
35,SCMN.VX,2016-06-08,471.80,470.70,24200,475.30,471.80,476.60
36,SCMN.VX,2016-06-07,477.50,475.00,27000,480.50,477.50,481.40
37,SCMN.VX,2016-06-06,479.80,479.80,45700,489.20,479.80,489.70
38,SCMN.VX,2016-06-03,478.50,472.80,50700,474.40,478.50,480.95
39,SCMN.VX,2016-06-02,472.30,467.00,32900,467.90,472.30,473.40
40,SCMN.VX,2016-06-01,468.60,467.20,24900,474.00,468.60,474.80
41,SCMN.VX,2016-05-31,472.90,472.70,22100,479.80,472.90,479.90
42,SCMN.VX,2016-05-30,479.80,477.70,17700,479.10,479.80,481.20
43,SCMN.VX,2016-05-27,478.90,473.40,36300,474.90,478.90,480.60
44,SCMN.VX,2016-05-26,477.00,471.30,34000,475.00,477.00,477.90
45,SCMN.VX,2016-05-25,473.70,469.20,53300,469.20,473.70,477.40
46,SCMN.VX,2016-05-24,465.30,455.80,60200,457.70,465.30,466.20
47,SCMN.VX,2016-05-23,462.80,460.60,83000,471.50,462.80,471.60
48,SCMN.VX,2016-05-20,472.30,467.80,47600,470.40,472.30,472.70
49,SCMN.VX,2016-05-19,470.80,470.60,35600,476.60,470.80,478.30
50,SCMN.VX,2016-05-18,480.00,478.50,40000,481.50,480.00,484.60
51,SCMN.VX,2016-05-17,483.10,481.90,35700,486.90,483.10,488.70
52,SCMN.VX,2016-05-16,486.30,486.30,000,486.30,486.30,486.30
53,SCMN.VX,2016-05-13,486.30,481.80,24100,483.40,486.30,487.70
54,SCMN.VX,2016-05-12,483.80,478.40,27100,481.00,483.80,489.50
55,SCMN.VX,2016-05-11,480.40,477.00,24000,480.40,480.40,483.10
56,SCMN.VX,2016-05-10,480.60,476.50,31400,481.60,480.60,485.00
57,SCMN.VX,2016-05-09,479.10,477.10,23500,478.20,479.10,483.80
58,SCMN.VX,2016-05-06,475.50,471.10,41900,480.50,475.50,480.60
59,SCMN.VX,2016-05-05,484.10,484.10,000,484.10,484.10,484.10
60,SCMN.VX,2016-05-04,484.10,481.40,32100,494.60,484.10,495.30
61,SCMN.VX,2016-05-03,493.10,487.90,52900,497.80,493.10,498.90
62,SCMN.VX,2016-05-02,489.90,486.80,17900,488.50,489.90,492.30
63,SCMN.VX,2016-04-29,486.40,484.60,16900,487.40,486.40,489.90
64,SCMN.VX,2016-04-28,490.60,484.80,16000,490.00,490.60,490.90
65,SCMN.VX,2016-04-27,491.80,490.60,15400,494.30,491.80,495.40
66,SCMN.VX,2016-04-26,493.80,492.70,12100,495.70,493.80,497.30
67,SCMN.VX,2016-04-25,491.90,489.60,14300,493.10,491.90,494.00
68,SCMN.VX,2016-04-22,492.30,490.60,20400,500.50,492.30,500.50
69,SCMN.VX,2016-04-21,500.50,497.30,26000,507.50,500.50,508.00
70,SCMN.VX,2016-04-20,506.00,502.00,11800,504.00,506.00,506.00
71,SCMN.VX,2016-04-19,505.50,497.70,24600,498.40,505.50,507.00
72,SCMN.VX,2016-04-18,496.30,489.00,15800,492.20,496.30,496.80
73,SCMN.VX,2016-04-15,495.90,490.10,20700,497.80,495.90,498.90
74,SCMN.VX,2016-04-14,497.30,495.30,19700,497.20,497.30,498.70
75,SCMN.VX,2016-04-13,495.90,494.70,26300,500.50,495.90,502.00
76,SCMN.VX,2016-04-12,499.20,495.70,32000,498.70,499.20,500.50
77,SCMN.VX,2016-04-11,497.40,497.40,28700,503.00,497.40,504.50
78,SCMN.VX,2016-04-08,501.50,497.10,30700,503.00,501.50,504.00
79,SCMN.VX,2016-04-07,524.00,519.00,31600,522.00,502.00,525.50
80,SCMN.VX,2016-04-06,519.50,513.50,32200,516.00,497.689,522.00
81,SCMN.VX,2016-04-05,515.50,513.50,24600,518.00,493.857,518.50
82,SCMN.VX,2016-04-04,523.50,517.50,23900,521.50,501.521,525.50
83,SCMN.VX,2016-04-01,520.50,512.50,32300,515.50,498.647,525.00
84,SCMN.VX,2016-03-31,522.00,515.50,23500,521.50,500.084,522.50
85,SCMN.VX,2016-03-30,524.00,521.00,22900,521.00,502.00,526.50
86,SCMN.VX,2016-03-29,518.50,512.50,28500,519.25,496.731,521.00
87,SCMN.VX,2016-03-28,515.00,515.00,000,515.00,493.378,515.00
88,SCMN.VX,2016-03-25,515.00,515.00,000,515.00,493.378,515.00
89,SCMN.VX,2016-03-24,515.00,514.00,17000,517.50,493.378,518.50
90,SCMN.VX,2016-03-23,521.50,516.00,21000,522.50,499.605,524.50
91,SCMN.VX,2016-03-22,521.00,512.50,22400,520.00,499.126,521.50
92,SCMN.VX,2016-03-21,520.50,517.00,18700,518.50,498.647,523.00
93,SCMN.VX,2016-03-18,520.50,519.00,28600,525.00,498.647,528.50
94,SCMN.VX,2016-03-17,521.00,511.50,37400,518.50,499.126,521.75
95,SCMN.VX,2016-03-16,515.00,511.50,19700,515.00,493.378,517.00
96,SCMN.VX,2016-03-15,513.50,513.50,23700,516.00,491.941,518.00
97,SCMN.VX,2016-03-14,517.00,515.00,25400,519.50,495.294,521.50
98,SCMN.VX,2016-03-11,519.00,509.50,27500,510.50,497.21,519.50
99,SCMN.VX,2016-03-10,508.50,504.50,32300,511.50,487.151,519.50
100,SCMN.VX,2016-03-09,511.50,507.50,28900,510.00,490.025,515.00
101,SCMN.VX,2016-03-08,508.00,496.90,40600,498.60,486.672,509.00
102,SCMN.VX,2016-03-07,502.00,495.10,25300,499.40,480.924,504.00
103,SCMN.VX,2016-03-04,498.50,496.70,24400,500.00,477.571,507.50
104,SCMN.VX,2016-03-03,498.50,495.40,25000,501.50,477.571,501.75
105,SCMN.VX,2016-03-02,498.80,496.40,25100,500.50,477.858,502.50
106,SCMN.VX,2016-03-01,499.00,487.30,32500,488.20,478.05,501.00
107,SCMN.VX,2016-02-29,489.90,483.60,49000,486.10,469.332,490.00
108,SCMN.VX,2016-02-26,491.60,489.00,36600,491.15,470.96,495.90
109,SCMN.VX,2016-02-25,486.10,477.20,44500,480.30,465.691,489.00
110,SCMN.VX,2016-02-24,470.80,469.30,50300,479.20,451.034,479.60
111,SCMN.VX,2016-02-23,477.80,477.70,57500,493.00,457.74,493.00
112,SCMN.VX,2016-02-22,492.40,487.20,34700,488.00,471.727,494.50
113,SCMN.VX,2016-02-19,483.10,481.30,48000,492.30,462.817,493.10
114,SCMN.VX,2016-02-18,493.80,487.80,34400,489.40,473.068,497.80
115,SCMN.VX,2016-02-17,487.70,479.00,27600,480.80,467.224,490.20
116,SCMN.VX,2016-02-16,477.70,475.80,39700,483.50,457.644,483.90
117,SCMN.VX,2016-02-15,479.40,475.00,33300,475.60,459.273,483.40
118,SCMN.VX,2016-02-12,466.40,460.10,32700,460.20,446.818,467.40
119,SCMN.VX,2016-02-11,460.10,452.80,36400,467.80,440.783,468.00
120,SCMN.VX,2016-02-10,473.10,465.20,34800,468.50,453.237,478.40
121,SCMN.VX,2016-02-09,466.50,464.40,67400,476.80,446.914,479.90
122,SCMN.VX,2016-02-08,475.00,471.70,66500,483.70,455.057,484.50
123,SCMN.VX,2016-02-05,481.70,481.60,65900,487.00,461.476,489.90
124,SCMN.VX,2016-02-04,484.90,480.30,101000,493.55,464.542,494.70
125,SCMN.VX,2016-02-03,502.50,496.10,48900,503.00,481.403,505.50
126,SCMN.VX,2016-02-02,500.50,498.00,56900,507.00,479.487,508.50
127,SCMN.VX,2016-02-01,516.00,503.00,29200,512.00,494.336,516.00
128,SCMN.VX,2016-01-29,504.00,501.00,32700,501.50,482.84,509.00
129,SCMN.VX,2016-01-28,498.30,494.40,57200,496.70,477.379,505.00
130,SCMN.VX,2016-01-27,497.70,489.50,30700,489.50,476.804,498.30
131,SCMN.VX,2016-01-26,490.70,480.10,47500,484.90,470.098,493.70
132,SCMN.VX,2016-01-25,488.80,487.70,42300,490.90,468.278,493.20
133,SCMN.VX,2016-01-22,487.70,476.60,42100,478.70,467.224,489.80
134,SCMN.VX,2016-01-21,470.10,464.50,50400,468.10,450.363,473.30
135,SCMN.VX,2016-01-20,465.40,463.20,58300,474.90,445.86,476.50
136,SCMN.VX,2016-01-19,481.70,478.50,46600,483.10,461.476,484.10
137,SCMN.VX,2016-01-18,475.00,475.00,32700,475.10,455.057,482.60
138,SCMN.VX,2016-01-15,477.90,474.50,46900,486.40,457.835,488.40
139,SCMN.VX,2016-01-14,487.30,481.30,44800,493.00,466.841,493.20
140,SCMN.VX,2016-01-13,497.50,493.40,31200,496.00,476.613,501.50
141,SCMN.VX,2016-01-12,492.60,485.70,36200,487.50,471.918,495.90
142,SCMN.VX,2016-01-11,487.80,484.60,42400,487.90,467.32,493.40
143,SCMN.VX,2016-01-08,490.90,487.20,37300,491.70,470.29,495.10
144,SCMN.VX,2016-01-07,492.30,480.00,36900,488.20,471.631,493.80
145,SCMN.VX,2016-01-06,495.70,492.80,28500,498.30,474.888,498.30
146,SCMN.VX,2016-01-05,496.20,493.10,26000,501.50,475.367,502.00
147,SCMN.VX,2016-01-04,494.00,489.00,34400,496.00,473.26,497.30
148,SCMN.VX,2016-01-01,502.50,502.50,000,502.50,481.403,502.50
149,SCMN.VX,2015-12-31,502.50,502.50,000,502.50,481.403,502.50
150,SCMN.VX,2015-12-30,502.50,502.00,16100,508.50,481.403,508.50
151,SCMN.VX,2015-12-29,507.50,501.00,21300,502.50,486.193,507.50
152,SCMN.VX,2015-12-28,496.70,496.70,000,496.70,475.846,496.70
153,SCMN.VX,2015-12-25,496.70,496.70,000,496.70,475.846,496.70
154,SCMN.VX,2015-12-24,496.70,496.70,000,496.70,475.846,496.70
155,SCMN.VX,2015-12-23,496.70,490.50,17500,491.10,475.846,497.90
156,SCMN.VX,2015-12-22,485.60,484.60,19400,487.70,465.212,490.30
157,SCMN.VX,2015-12-21,486.70,486.30,23300,492.20,466.266,493.90
158,SCMN.VX,2015-12-18,492.80,488.30,20500,491.50,472.11,493.40
159,SCMN.VX,2015-12-17,494.10,493.00,21100,494.50,473.355,497.50
160,SCMN.VX,2015-12-16,487.60,483.20,26900,487.20,467.128,491.40
161,SCMN.VX,2015-12-15,485.40,473.90,31300,473.90,465.021,486.60
162,SCMN.VX,2015-12-14,471.80,471.10,20700,477.40,451.992,481.30
163,SCMN.VX,2015-12-11,477.40,474.90,19200,483.20,457.356,484.10
164,SCMN.VX,2015-12-10,483.80,479.10,26000,481.80,463.488,485.00
165,SCMN.VX,2015-12-09,487.70,486.40,22200,495.70,467.224,497.80
166,SCMN.VX,2015-12-08,495.40,491.40,23300,500.00,474.601,501.00
167,SCMN.VX,2015-12-07,499.00,497.70,12100,498.20,478.05,505.00
168,SCMN.VX,2015-12-04,496.80,494.30,17700,499.20,475.942,499.30
169,SCMN.VX,2015-12-03,501.00,499.60,28900,506.00,479.966,511.50
170,SCMN.VX,2015-12-02,509.00,505.00,26700,508.00,487.63,510.00
171,SCMN.VX,2015-12-01,507.00,506.00,21900,509.50,485.714,511.50
172,SCMN.VX,2015-11-30,506.00,504.00,24900,510.50,484.756,514.50
173,SCMN.VX,2015-11-27,513.00,507.50,17400,509.50,491.462,515.00
174,SCMN.VX,2015-11-26,510.00,505.00,19700,506.00,488.588,511.00
175,SCMN.VX,2015-11-25,507.50,504.00,37800,506.50,486.193,510.00
176,SCMN.VX,2015-11-24,505.50,503.00,23800,510.00,484.277,510.00
177,SCMN.VX,2015-11-23,511.50,510.00,27000,519.50,490.025,520.50
178,SCMN.VX,2015-11-20,523.00,520.00,14000,525.00,501.042,525.00
179,SCMN.VX,2015-11-19,522.00,521.00,12700,522.50,500.084,524.50
180,SCMN.VX,2015-11-18,520.50,516.00,12400,518.50,498.647,521.00
181,SCMN.VX,2015-11-17,520.00,510.00,16200,511.50,498.168,521.50
182,SCMN.VX,2015-11-16,506.50,504.00,16800,504.00,485.235,510.00
183,SCMN.VX,2015-11-13,506.50,506.00,18500,511.50,485.235,511.50
184,SCMN.VX,2015-11-12,512.50,506.00,17600,514.50,490.983,519.50
185,SCMN.VX,2015-11-11,515.50,511.00,14400,511.50,493.857,516.50
186,SCMN.VX,2015-11-10,511.50,508.00,17400,509.50,490.025,513.50
187,SCMN.VX,2015-11-09,508.50,508.00,24800,509.50,487.151,511.50
188,SCMN.VX,2015-11-06,510.50,507.00,18100,513.00,489.067,514.50
189,SCMN.VX,2015-11-05,513.00,510.50,11000,517.50,491.462,518.50
190,SCMN.VX,2015-11-04,515.00,512.00,18400,512.50,493.378,519.75
191,SCMN.VX,2015-11-03,511.50,509.00,12400,512.00,490.025,512.00
192,SCMN.VX,2015-11-02,512.50,508.50,16200,509.00,490.983,515.00
193,SCMN.VX,2015-10-30,511.00,505.50,18700,515.50,489.546,516.50
194,SCMN.VX,2015-10-29,512.50,511.50,14800,515.00,490.983,516.50
195,SCMN.VX,2015-10-28,512.50,508.50,19700,510.00,490.983,512.75
196,SCMN.VX,2015-10-27,509.50,508.00,19300,513.50,488.109,514.50
197,SCMN.VX,2015-10-26,513.50,508.50,14500,511.00,491.941,515.50
198,SCMN.VX,2015-10-23,512.00,506.00,18500,506.00,490.504,515.00
199,SCMN.VX,2015-10-22,502.50,490.70,31300,490.70,481.403,505.50
200,SCMN.VX,2015-10-21,490.10,486.10,27400,493.10,469.523,494.10
201,SCMN.VX,2015-10-20,490.20,487.40,19300,489.70,469.619,493.20
202,SCMN.VX,2015-10-19,488.20,486.70,19700,486.80,467.703,493.30
203,SCMN.VX,2015-10-16,487.90,481.70,18000,484.25,467.416,488.30
204,SCMN.VX,2015-10-15,482.80,477.40,22700,483.70,462.53,483.80
205,SCMN.VX,2015-10-14,480.30,478.50,24800,484.60,460.135,486.20
206,SCMN.VX,2015-10-13,488.30,486.70,29200,491.30,467.799,493.30
207,SCMN.VX,2015-10-12,492.70,489.90,23200,494.80,472.014,495.00
208,SCMN.VX,2015-10-09,492.70,491.80,34000,494.40,472.014,495.80
209,SCMN.VX,2015-10-08,490.90,484.10,36400,488.20,470.29,493.20
210,SCMN.VX,2015-10-07,487.30,487.20,53600,497.60,466.841,497.60
211,SCMN.VX,2015-10-06,498.20,493.00,22100,494.70,477.283,502.00
212,SCMN.VX,2015-10-05,494.60,486.20,32600,486.20,473.834,496.50
213,SCMN.VX,2015-10-02,479.80,474.40,45200,484.10,459.656,486.40
214,SCMN.VX,2015-10-01,480.90,480.30,37300,490.70,460.71,491.00
215,SCMN.VX,2015-09-30,485.90,484.10,29600,484.70,465.50,490.20
216,SCMN.VX,2015-09-29,479.20,475.20,47800,478.00,459.081,483.30
217,SCMN.VX,2015-09-28,481.80,481.80,29500,485.90,461.572,490.90
218,SCMN.VX,2015-09-25,485.90,480.30,25300,480.90,465.50,488.70
219,SCMN.VX,2015-09-24,476.10,475.10,28400,480.30,456.111,486.40
220,SCMN.VX,2015-09-23,479.70,475.70,24700,476.20,459.56,484.90
221,SCMN.VX,2015-09-22,477.80,477.30,29100,487.10,457.74,487.10
222,SCMN.VX,2015-09-21,487.10,485.60,13900,489.00,466.649,491.60
223,SCMN.VX,2015-09-18,488.20,483.50,40100,485.50,467.703,490.80
224,SCMN.VX,2015-09-17,485.50,483.70,41000,489.70,465.116,490.00
225,SCMN.VX,2015-09-16,492.80,489.80,36100,494.40,472.11,496.60
226,SCMN.VX,2015-09-15,490.20,484.90,54900,494.30,469.619,494.60
227,SCMN.VX,2015-09-14,498.10,497.40,23700,504.50,477.187,508.50
228,SCMN.VX,2015-09-11,502.50,502.25,32200,510.00,481.403,510.00
229,SCMN.VX,2015-09-10,511.25,510.25,23200,517.50,489.785,518.00
230,SCMN.VX,2015-09-09,521.00,519.00,14100,523.50,499.126,524.50
231,SCMN.VX,2015-09-08,517.00,516.50,18200,517.00,495.294,522.75
232,SCMN.VX,2015-09-07,516.00,513.50,11300,517.50,494.336,518.50
233,SCMN.VX,2015-09-04,513.00,511.00,24900,511.50,491.462,519.00
234,SCMN.VX,2015-09-03,517.00,511.00,16400,513.50,495.294,517.50
235,SCMN.VX,2015-09-02,509.00,504.00,16500,510.50,487.63,513.00
236,SCMN.VX,2015-09-01,511.50,507.50,17300,517.00,490.025,520.50
237,SCMN.VX,2015-08-31,519.00,519.00,000,519.00,497.21,519.00
238,SCMN.VX,2015-08-28,519.00,516.00,16000,522.00,497.21,522.50
239,SCMN.VX,2015-08-27,521.00,519.00,18700,521.00,499.126,523.00
240,SCMN.VX,2015-08-26,513.00,510.50,16700,515.00,491.462,521.00
241,SCMN.VX,2015-08-25,518.50,503.50,26800,504.00,496.731,522.50
242,SCMN.VX,2015-08-24,495.00,486.80,51300,515.00,474.218,520.00
243,SCMN.VX,2015-08-21,527.00,525.50,16300,533.00,504.874,536.50
244,SCMN.VX,2015-08-20,538.50,535.50,21500,546.50,515.891,547.50
245,SCMN.VX,2015-08-19,552.00,551.00,10000,559.75,528.824,562.00
246,SCMN.VX,2015-08-18,565.00,559.50,8300,560.00,541.279,567.50
247,SCMN.VX,2015-08-17,560.00,556.50,8800,561.00,536.489,562.00
248,SCMN.VX,2015-08-14,558.50,558.00,8900,559.75,535.052,563.00
249,SCMN.VX,2015-08-13,558.50,558.50,10500,561.00,535.052,563.50
250,SCMN.VX,2015-08-12,558.00,556.50,12400,563.00,534.573,563.00
251,SCMN.VX,2015-08-11,566.50,563.00,9900,564.00,542.716,568.50
252,SCMN.VX,2015-08-10,564.50,562.50,14100,566.00,540.80,566.00
253,SCMN.VX,2015-08-07,564.00,562.00,8600,568.00,540.321,568.00
254,SCMN.VX,2015-08-06,568.50,567.50,5400,569.50,544.632,571.50
255,SCMN.VX,2015-08-05,570.00,567.50,5200,567.50,546.069,571.50
256,SCMN.VX,2015-08-04,565.50,565.50,9600,565.50,541.758,568.00
257,SCMN.VX,2015-08-03,566.00,560.50,7200,560.50,542.237,566.00
258,SCMN.VX,2015-07-31,562.00,558.00,6900,562.00,538.405,563.00
259,SCMN.VX,2015-07-30,560.50,559.00,8900,560.50,536.968,563.50
260,SCMN.VX,2015-07-29,558.50,555.00,13200,555.00,535.052,563.00
261,SCMN.VX,2015-07-28,551.50,545.50,7400,548.00,528.345,552.50
262,SCMN.VX,2015-07-27,545.00,545.00,8500,549.00,522.118,549.50
263,SCMN.VX,2015-07-24,550.00,550.00,6400,551.50,526.908,553.50
264,SCMN.VX,2015-07-23,551.50,551.50,12800,556.00,528.345,558.50
265,SCMN.VX,2015-07-22,552.00,548.50,6600,552.50,528.824,554.00
266,SCMN.VX,2015-07-21,555.00,553.00,9200,557.50,531.698,559.50
267,SCMN.VX,2015-07-20,557.00,554.25,10700,557.00,533.615,560.50
268,SCMN.VX,2015-07-17,556.00,551.50,14100,556.00,532.656,557.50
269,SCMN.VX,2015-07-16,553.00,546.50,12600,549.50,529.782,555.00
270,SCMN.VX,2015-07-15,548.50,544.00,20900,547.00,525.471,548.50
271,SCMN.VX,2015-07-14,546.50,545.25,10500,547.00,523.555,549.50
272,SCMN.VX,2015-07-13,545.00,541.50,10800,543.50,522.118,548.75
273,SCMN.VX,2015-07-10,539.50,533.50,11900,536.50,516.849,541.00
274,SCMN.VX,2015-07-09,528.50,522.50,7600,523.50,506.311,529.75
275,SCMN.VX,2015-07-08,523.50,521.00,14300,522.00,501.521,524.50
276,SCMN.VX,2015-07-07,522.00,522.00,14200,526.00,500.084,527.00
277,SCMN.VX,2015-07-06,525.00,524.00,9200,525.00,502.958,530.50
278,SCMN.VX,2015-07-03,530.50,526.50,14300,530.00,508.227,532.00
279,SCMN.VX,2015-07-02,532.50,525.00,15800,525.00,510.143,533.00
280,SCMN.VX,2015-07-01,523.00,523.00,16200,526.50,501.042,529.50
281,SCMN.VX,2015-06-30,525.00,521.00,14500,524.00,502.958,528.00
282,SCMN.VX,2015-06-29,525.50,520.50,10600,521.50,503.437,532.50
283,SCMN.VX,2015-06-26,534.00,530.50,17400,534.50,511.58,535.50
284,SCMN.VX,2015-06-25,537.00,535.50,18100,537.00,514.454,538.50
285,SCMN.VX,2015-06-24,538.00,537.00,15400,540.00,515.412,540.50
286,SCMN.VX,2015-06-23,540.50,538.50,14700,540.50,517.807,542.00
287,SCMN.VX,2015-06-22,537.00,532.00,22100,537.00,514.454,537.50
288,SCMN.VX,2015-06-19,529.50,527.50,12000,527.50,507.269,534.00
289,SCMN.VX,2015-06-18,524.00,519.00,15800,523.00,502.00,525.50
290,SCMN.VX,2015-06-17,527.00,522.50,9700,526.50,504.874,527.50
291,SCMN.VX,2015-06-16,525.50,522.50,10300,522.50,503.437,526.75
292,SCMN.VX,2015-06-15,524.50,524.00,8800,525.00,502.479,527.50
293,SCMN.VX,2015-06-12,529.50,529.00,11300,531.00,507.269,534.50
294,SCMN.VX,2015-06-11,530.00,528.00,11000,530.50,507.748,531.50
295,SCMN.VX,2015-06-10,530.50,524.00,12500,524.50,508.227,532.00
296,SCMN.VX,2015-06-09,525.50,522.00,15900,529.00,503.437,530.50
297,SCMN.VX,2015-06-08,530.50,528.50,13000,531.50,508.227,533.50
298,SCMN.VX,2015-06-05,529.50,527.50,17300,536.50,507.269,539.00
299,SCMN.VX,2015-06-04,536.00,536.00,24300,543.50,513.496,544.00
300,SCMN.VX,2015-06-03,546.00,542.50,11800,543.50,523.076,546.50
301,SCMN.VX,2015-06-02,544.00,540.50,9000,541.50,521.16,545.50
302,SCMN.VX,2015-06-01,542.50,539.50,15800,546.00,519.723,546.00
303,SCMN.VX,2015-05-29,545.50,545.50,15600,552.75,522.597,554.25
304,SCMN.VX,2015-05-28,552.00,551.50,12400,557.00,528.824,557.50
305,SCMN.VX,2015-05-27,556.50,550.50,13800,552.50,533.135,556.50
306,SCMN.VX,2015-05-26,549.50,549.50,8700,554.00,526.429,554.50
307,SCMN.VX,2015-05-25,555.00,555.00,000,555.00,531.698,555.00
308,SCMN.VX,2015-05-22,555.00,552.50,6600,554.50,531.698,556.50
309,SCMN.VX,2015-05-21,555.00,552.50,8000,552.50,531.698,555.75
310,SCMN.VX,2015-05-20,553.00,548.50,8900,553.00,529.782,553.00
311,SCMN.VX,2015-05-19,553.00,543.50,16800,545.00,529.782,553.25
312,SCMN.VX,2015-05-18,543.50,542.00,14500,548.00,520.681,548.00
313,SCMN.VX,2015-05-15,549.00,547.50,19600,553.50,525.95,555.50
314,SCMN.VX,2015-05-14,549.00,549.00,000,549.00,525.95,549.00
315,SCMN.VX,2015-05-13,549.00,548.50,19700,549.50,525.95,552.00
316,SCMN.VX,2015-05-12,545.50,541.00,19300,549.50,522.597,549.50
317,SCMN.VX,2015-05-11,551.50,551.50,13900,552.50,528.345,555.00
318,SCMN.VX,2015-05-08,553.50,546.00,23300,553.00,530.261,554.50
319,SCMN.VX,2015-05-07,550.00,542.00,25500,549.00,526.908,551.50
320,SCMN.VX,2015-05-06,550.50,547.25,17300,558.50,527.387,560.50
321,SCMN.VX,2015-05-05,557.50,557.00,17400,560.00,534.094,565.50
322,SCMN.VX,2015-05-04,558.50,558.50,000,558.50,535.052,558.50
323,SCMN.VX,2015-05-01,558.50,558.50,000,558.50,535.052,558.50
324,SCMN.VX,2015-04-30,558.50,554.50,21800,558.00,535.052,562.00
325,SCMN.VX,2015-04-29,556.50,556.00,22700,561.00,533.135,561.50
326,SCMN.VX,2015-04-28,552.50,551.00,15200,551.00,529.303,555.50
327,SCMN.VX,2015-04-27,552.50,550.00,13000,553.50,529.303,555.50
328,SCMN.VX,2015-04-24,555.00,553.50,9800,555.50,531.698,559.50
329,SCMN.VX,2015-04-23,552.50,549.00,14200,550.50,529.303,556.00
330,SCMN.VX,2015-04-22,548.50,546.50,12100,550.50,525.471,552.50
331,SCMN.VX,2015-04-21,549.50,547.00,13100,550.50,526.429,551.50
332,SCMN.VX,2015-04-20,548.50,545.00,16000,549.00,525.471,552.00
333,SCMN.VX,2015-04-17,543.50,541.50,13200,547.00,520.681,549.50
334,SCMN.VX,2015-04-16,547.50,547.50,11200,551.50,524.513,552.50
335,SCMN.VX,2015-04-15,551.50,551.00,8400,552.00,528.345,553.50
336,SCMN.VX,2015-04-14,550.50,550.25,11000,551.50,527.387,554.50
337,SCMN.VX,2015-04-13,551.00,550.00,12700,550.00,527.866,553.50
338,SCMN.VX,2015-04-10,550.00,548.00,22900,557.00,526.908,558.50
339,SCMN.VX,2015-04-09,574.50,571.00,22700,571.50,529.303,576.00
340,SCMN.VX,2015-04-08,570.00,569.00,18400,571.50,525.157,571.50
341,SCMN.VX,2015-04-07,570.50,570.00,33200,571.00,525.618,574.00
342,SCMN.VX,2015-04-06,568.00,568.00,000,568.00,523.315,568.00
343,SCMN.VX,2015-04-03,568.00,568.00,000,568.00,523.315,568.00
344,SCMN.VX,2015-04-02,568.00,564.00,27200,564.00,523.315,570.50
345,SCMN.VX,2015-04-01,563.00,561.50,14700,562.50,518.708,566.50
346,SCMN.VX,2015-03-31,565.50,563.00,18100,570.00,521.011,572.00
347,SCMN.VX,2015-03-30,571.00,568.50,21600,570.00,526.079,572.00
348,SCMN.VX,2015-03-27,570.00,570.00,20500,576.00,525.157,579.00
349,SCMN.VX,2015-03-26,571.50,567.00,20700,572.50,526.539,577.50
350,SCMN.VX,2015-03-25,576.50,573.00,14500,576.50,531.146,580.00
351,SCMN.VX,2015-03-24,577.00,572.50,26000,572.50,531.607,579.50
352,SCMN.VX,2015-03-23,574.00,568.50,16100,569.50,528.843,574.50
353,SCMN.VX,2015-03-20,568.00,564.50,22000,570.00,523.315,572.00
354,SCMN.VX,2015-03-19,568.50,565.00,23700,567.00,523.775,569.50
355,SCMN.VX,2015-03-18,567.00,565.25,17500,567.00,522.393,569.00
356,SCMN.VX,2015-03-17,566.00,564.00,18900,565.00,521.472,568.50
357,SCMN.VX,2015-03-16,565.00,559.50,12700,562.00,520.551,568.50
358,SCMN.VX,2015-03-13,560.00,555.00,16000,556.50,515.944,563.50
359,SCMN.VX,2015-03-12,555.00,552.00,25600,555.50,511.338,556.25
360,SCMN.VX,2015-03-11,555.00,548.50,16500,548.50,511.338,556.00
361,SCMN.VX,2015-03-10,547.50,545.00,19400,546.50,504.428,549.00
362,SCMN.VX,2015-03-09,547.50,546.25,15400,553.00,504.428,553.50
363,SCMN.VX,2015-03-06,554.00,550.50,20900,553.25,510.416,558.50
364,SCMN.VX,2015-03-05,553.00,549.00,13100,549.50,509.495,554.50
365,SCMN.VX,2015-03-04,549.50,544.25,11000,547.50,506.27,549.50
366,SCMN.VX,2015-03-03,546.50,545.00,22700,549.50,503.506,554.50
367,SCMN.VX,2015-03-02,547.50,545.00,9000,548.00,504.428,549.50
368,SCMN.VX,2015-02-27,546.50,542.00,14900,543.50,503.506,547.50
369,SCMN.VX,2015-02-26,543.00,540.50,10500,540.75,500.282,544.25
370,SCMN.VX,2015-02-25,540.50,534.50,23100,541.00,497.978,542.00
371,SCMN.VX,2015-02-24,541.50,534.25,16800,536.00,498.90,543.50
372,SCMN.VX,2015-02-23,536.50,533.00,12400,537.25,494.293,538.50
373,SCMN.VX,2015-02-20,534.00,528.50,15500,532.00,491.99,536.50
374,SCMN.VX,2015-02-19,531.50,531.50,16300,536.50,489.686,537.50
375,SCMN.VX,2015-02-18,537.50,535.50,13900,538.50,495.214,540.00
376,SCMN.VX,2015-02-17,536.50,533.00,16700,536.00,494.293,539.50
377,SCMN.VX,2015-02-16,534.50,531.50,7800,534.50,492.45,538.00
378,SCMN.VX,2015-02-13,532.50,529.50,19900,535.00,490.608,536.00
379,SCMN.VX,2015-02-12,536.00,534.00,18500,535.50,493.832,540.00
380,SCMN.VX,2015-02-11,535.50,533.00,18600,536.00,493.372,536.50
381,SCMN.VX,2015-02-10,536.00,530.50,17300,531.50,493.832,537.50
382,SCMN.VX,2015-02-09,531.50,530.00,25200,538.50,489.686,539.00
383,SCMN.VX,2015-02-06,540.50,536.00,29400,544.00,497.978,544.50
384,SCMN.VX,2015-02-05,542.50,527.50,33000,536.00,499.821,548.00
385,SCMN.VX,2015-02-04,546.50,538.25,26400,541.25,503.506,548.75
386,SCMN.VX,2015-02-03,541.00,532.50,20500,541.00,498.439,543.50
387,SCMN.VX,2015-02-02,537.50,534.50,21100,541.50,495.214,543.75
388,SCMN.VX,2015-01-30,540.00,538.00,21100,543.50,497.518,546.00
389,SCMN.VX,2015-01-29,540.00,533.00,30100,538.00,497.518,541.00
390,SCMN.VX,2015-01-28,539.00,532.00,29200,544.00,496.596,547.00
391,SCMN.VX,2015-01-27,542.00,535.50,29000,536.50,499.36,544.00
392,SCMN.VX,2015-01-26,534.50,524.00,25500,529.00,492.45,535.00
393,SCMN.VX,2015-01-23,527.50,516.50,37600,518.50,486.001,529.00
394,SCMN.VX,2015-01-22,516.50,509.00,39400,518.50,475.866,521.00
395,SCMN.VX,2015-01-21,517.50,512.50,32200,519.00,476.788,520.50
396,SCMN.VX,2015-01-20,517.50,513.00,28200,517.00,476.788,521.00
397,SCMN.VX,2015-01-19,514.00,508.50,51000,514.50,473.563,522.50
398,SCMN.VX,2015-01-16,513.00,512.50,73800,523.00,472.642,527.00
399,SCMN.VX,2015-01-15,530.00,508.50,149600,528.00,488.304,533.00
400,SCMN.VX,2015-01-14,524.50,523.00,50500,525.50,483.237,532.00
401,SCMN.VX,2015-01-13,528.50,517.00,33800,517.00,486.922,529.50
402,SCMN.VX,2015-01-12,514.50,513.00,18800,515.00,474.024,517.50
403,SCMN.VX,2015-01-09,513.00,511.00,49700,515.50,472.642,517.50
404,SCMN.VX,2015-01-08,516.50,512.50,71100,512.50,475.866,518.75
405,SCMN.VX,2015-01-07,509.50,501.50,100300,503.00,469.417,513.50
406,SCMN.VX,2015-01-06,501.50,500.50,81200,511.50,462.046,513.00
407,SCMN.VX,2015-01-05,513.50,511.50,31100,524.00,473.102,525.00
408,SCMN.VX,2015-01-02,522.00,522.00,000,522.00,480.934,522.00
409,SCMN.VX,2015-01-01,522.00,522.00,000,522.00,480.934,522.00
410,SCMN.VX,2014-12-31,522.00,522.00,000,522.00,480.934,522.00
411,SCMN.VX,2014-12-30,522.00,522.00,7600,527.50,480.934,530.00
412,SCMN.VX,2014-12-29,531.00,524.50,17800,530.50,489.226,531.00
413,SCMN.VX,2014-12-26,529.50,529.50,000,529.50,487.844,529.50
414,SCMN.VX,2014-12-25,529.50,529.50,000,529.50,487.844,529.50
415,SCMN.VX,2014-12-24,529.50,529.50,000,529.50,487.844,529.50
416,SCMN.VX,2014-12-23,529.50,520.50,22700,526.50,487.844,529.50
417,SCMN.VX,2014-12-22,526.50,523.00,25300,529.50,485.08,531.50
418,SCMN.VX,2014-12-19,523.00,521.00,65300,523.00,481.855,534.50
419,SCMN.VX,2014-12-18,519.50,510.00,99900,574.50,478.63,578.50
420,SCMN.VX,2014-12-17,567.50,563.75,12800,565.00,522.854,568.50
421,SCMN.VX,2014-12-16,565.50,553.50,25800,565.00,521.011,565.50
422,SCMN.VX,2014-12-15,565.50,565.00,16900,568.00,521.011,575.00
423,SCMN.VX,2014-12-12,570.00,569.00,10600,573.00,525.157,576.50
424,SCMN.VX,2014-12-11,578.50,569.50,14800,570.00,532.989,578.50
425,SCMN.VX,2014-12-10,570.50,566.00,13400,573.50,525.618,574.00
426,SCMN.VX,2014-12-09,573.00,569.50,16600,578.50,527.921,580.00
427,SCMN.VX,2014-12-08,584.00,580.50,8500,582.50,538.056,585.00
428,SCMN.VX,2014-12-05,584.00,577.50,10200,577.50,538.056,584.00
429,SCMN.VX,2014-12-04,573.50,571.50,17200,574.50,528.382,578.00
430,SCMN.VX,2014-12-03,576.00,572.50,13700,584.50,530.685,585.00
431,SCMN.VX,2014-12-02,580.00,575.00,18900,577.00,534.371,580.50
432,SCMN.VX,2014-12-01,575.75,573.50,13800,579.50,530.455,582.00
433,SCMN.VX,2014-11-28,587.00,581.00,5900,583.50,540.82,587.50
434,SCMN.VX,2014-11-27,581.50,577.75,9600,580.50,535.753,581.75
435,SCMN.VX,2014-11-26,579.00,577.50,11700,582.00,533.449,583.00
436,SCMN.VX,2014-11-25,580.50,578.50,13900,579.50,534.831,583.50
437,SCMN.VX,2014-11-24,579.00,578.00,10200,579.50,533.449,581.00
438,SCMN.VX,2014-11-21,580.00,575.50,14700,576.00,534.371,582.50
439,SCMN.VX,2014-11-20,573.50,568.50,8400,574.50,528.382,575.50
440,SCMN.VX,2014-11-19,574.50,572.00,6800,573.50,529.303,575.00
441,SCMN.VX,2014-11-18,574.00,569.50,13900,570.50,528.843,574.00
442,SCMN.VX,2014-11-17,568.50,563.00,10900,563.50,523.775,568.50
443,SCMN.VX,2014-11-14,565.00,564.50,13100,569.50,520.551,571.50
444,SCMN.VX,2014-11-13,569.00,563.00,15100,563.50,524.236,570.00
445,SCMN.VX,2014-11-12,562.50,559.00,11000,565.50,518.247,566.00
446,SCMN.VX,2014-11-11,565.50,561.00,15800,564.50,521.011,568.00
447,SCMN.VX,2014-11-10,561.00,546.00,21600,547.00,516.865,563.50
448,SCMN.VX,2014-11-07,547.50,546.00,25500,560.00,504.428,560.50
449,SCMN.VX,2014-11-06,564.00,556.00,22500,567.50,519.629,568.50
450,SCMN.VX,2014-11-05,574.50,563.50,17800,564.50,529.303,575.00
451,SCMN.VX,2014-11-04,560.00,559.50,18900,564.00,515.944,566.00
452,SCMN.VX,2014-11-03,562.00,562.00,16700,565.00,517.787,568.50
453,SCMN.VX,2014-10-31,566.00,562.00,11100,563.50,521.472,566.50
454,SCMN.VX,2014-10-30,558.00,550.50,15300,554.00,514.101,559.00
455,SCMN.VX,2014-10-29,552.50,549.50,12200,555.50,509.034,557.00
456,SCMN.VX,2014-10-28,552.25,542.50,17100,544.00,508.804,553.50
457,SCMN.VX,2014-10-27,538.00,536.50,10900,539.00,495.675,541.50
458,SCMN.VX,2014-10-24,536.50,533.50,11500,534.00,494.293,537.50
459,SCMN.VX,2014-10-23,534.50,528.50,11700,530.00,492.45,536.00
460,SCMN.VX,2014-10-22,531.50,526.00,20700,527.50,489.686,531.50
461,SCMN.VX,2014-10-21,524.00,516.50,16200,518.50,482.776,526.00
462,SCMN.VX,2014-10-20,518.50,514.25,12300,515.00,477.709,519.50
463,SCMN.VX,2014-10-17,516.50,507.50,27800,510.00,475.866,517.25
464,SCMN.VX,2014-10-16,506.00,500.50,28300,516.00,466.192,518.50
465,SCMN.VX,2014-10-15,516.00,514.00,16500,528.50,475.406,528.50
466,SCMN.VX,2014-10-14,530.50,525.50,13000,531.00,488.765,531.50
467,SCMN.VX,2014-10-13,531.00,529.00,12100,533.00,489.226,534.00
468,SCMN.VX,2014-10-10,537.00,535.00,11600,541.00,494.754,544.00
469,SCMN.VX,2014-10-09,544.00,542.75,18700,548.00,501.203,552.00
470,SCMN.VX,2014-10-08,543.00,536.50,29300,537.50,500.282,557.00
471,SCMN.VX,2014-10-07,533.00,531.00,11300,534.50,491.068,537.50
472,SCMN.VX,2014-10-06,536.00,535.50,8000,541.50,493.832,541.50
473,SCMN.VX,2014-10-03,539.50,528.50,11800,529.50,497.057,541.00
474,SCMN.VX,2014-10-02,531.00,530.50,10300,538.00,489.226,539.00
475,SCMN.VX,2014-10-01,539.50,537.50,7800,541.00,497.057,544.50
476,SCMN.VX,2014-09-30,542.00,539.50,9000,540.50,499.36,543.00
477,SCMN.VX,2014-09-29,540.00,538.50,7800,543.50,497.518,545.00
478,SCMN.VX,2014-09-26,542.00,538.50,6700,540.00,499.36,542.50
479,SCMN.VX,2014-09-25,540.00,538.50,9400,542.00,497.518,545.50
480,SCMN.VX,2014-09-24,540.00,536.00,11900,539.50,497.518,540.00
481,SCMN.VX,2014-09-23,537.50,536.00,12200,539.50,495.214,541.00
482,SCMN.VX,2014-09-22,539.00,538.50,13700,542.00,496.596,543.50
483,SCMN.VX,2014-09-19,540.00,538.50,10200,542.00,497.518,542.00
484,SCMN.VX,2014-09-18,540.50,535.50,19800,537.50,497.978,540.50
485,SCMN.VX,2014-09-17,536.00,532.00,11600,532.00,493.832,537.00
486,SCMN.VX,2014-09-16,530.00,526.25,12000,531.50,488.304,533.50
487,SCMN.VX,2014-09-15,530.50,525.50,9200,529.00,488.765,533.00
488,SCMN.VX,2014-09-12,530.00,527.00,6800,529.50,488.304,530.50
489,SCMN.VX,2014-09-11,530.50,529.00,6500,531.00,488.765,532.50
490,SCMN.VX,2014-09-10,531.00,526.50,8900,532.00,489.226,532.00
491,SCMN.VX,2014-09-09,531.50,531.50,6300,531.50,489.686,534.50
492,SCMN.VX,2014-09-08,530.50,530.50,7000,531.00,488.765,533.50
493,SCMN.VX,2014-09-05,530.50,529.00,7200,532.50,488.765,533.50
494,SCMN.VX,2014-09-04,533.00,532.00,7700,532.50,491.068,534.25
495,SCMN.VX,2014-09-03,533.50,532.00,12200,532.00,491.529,535.25
496,SCMN.VX,2014-09-02,532.50,531.50,7600,534.00,490.608,534.00
497,SCMN.VX,2014-09-01,532.00,529.00,7400,533.50,490.147,533.50
498,SCMN.VX,2014-08-29,532.50,529.00,14600,534.50,490.608,534.50
499,SCMN.VX,2014-08-28,533.50,532.00,8600,534.00,491.529,535.00
500,SCMN.VX,2014-08-27,533.50,532.50,7300,532.50,491.529,535.50
501,SCMN.VX,2014-08-26,532.00,529.50,11200,533.00,490.147,534.00
502,SCMN.VX,2014-08-25,532.00,532.00,000,532.00,490.147,532.00
503,SCMN.VX,2014-08-22,532.00,529.00,13900,531.50,490.147,533.50
504,SCMN.VX,2014-08-21,533.00,526.00,15900,526.00,491.068,534.00
505,SCMN.VX,2014-08-20,525.50,523.00,11600,529.50,484.158,532.00
506,SCMN.VX,2014-08-19,523.00,520.00,10400,524.00,481.855,525.00
507,SCMN.VX,2014-08-18,522.00,521.00,9800,526.00,480.934,527.50
508,SCMN.VX,2014-08-15,525.00,520.50,12000,521.50,483.698,528.00
509,SCMN.VX,2014-08-14,520.50,513.00,16300,513.00,479.552,520.50
510,SCMN.VX,2014-08-13,512.50,504.50,13700,505.00,472.181,514.00
511,SCMN.VX,2014-08-12,504.50,501.50,5800,502.50,464.81,504.50
512,SCMN.VX,2014-08-11,503.00,497.10,5500,498.80,463.428,503.50
513,SCMN.VX,2014-08-08,499.50,495.10,12700,500.50,460.204,502.00
514,SCMN.VX,2014-08-07,502.50,494.60,13900,496.10,462.968,504.00
515,SCMN.VX,2014-08-06,496.90,496.90,13500,502.00,457.808,504.50
516,SCMN.VX,2014-08-05,504.50,500.50,6100,501.00,464.81,505.50
517,SCMN.VX,2014-08-04,501.50,500.75,8200,506.00,462.046,506.00
518,SCMN.VX,2014-08-01,506.00,506.00,000,506.00,466.192,506.00
519,SCMN.VX,2014-07-31,506.00,504.50,12000,509.50,466.192,510.50
520,SCMN.VX,2014-07-30,508.50,508.00,5500,508.50,468.496,511.75
521,SCMN.VX,2014-07-29,509.00,507.50,5900,507.50,468.956,510.00
522,SCMN.VX,2014-07-28,506.75,505.50,6600,509.50,466.883,509.50
523,SCMN.VX,2014-07-25,509.50,509.50,6500,514.50,469.417,514.50
524,SCMN.VX,2014-07-24,514.00,511.00,9100,514.00,473.563,515.00
525,SCMN.VX,2014-07-23,512.75,512.25,3900,516.00,472.411,518.00
526,SCMN.VX,2014-07-22,515.50,512.50,4900,513.00,474.945,517.00
527,SCMN.VX,2014-07-21,511.50,511.00,5700,512.00,471.26,515.00
528,SCMN.VX,2014-07-18,512.50,508.00,8100,510.00,472.181,514.00
529,SCMN.VX,2014-07-17,511.50,509.50,9100,512.00,471.26,514.50
530,SCMN.VX,2014-07-16,513.00,512.00,6700,513.00,472.642,516.00
531,SCMN.VX,2014-07-15,512.50,511.50,7500,511.50,472.181,515.50
532,SCMN.VX,2014-07-14,513.50,506.50,5600,506.50,473.102,513.50
533,SCMN.VX,2014-07-11,505.50,502.50,10700,510.00,465.732,510.00
534,SCMN.VX,2014-07-10,509.00,506.00,10600,513.50,468.956,515.00
535,SCMN.VX,2014-07-09,515.50,513.00,6300,514.50,474.945,516.25
536,SCMN.VX,2014-07-08,515.50,515.50,7200,519.50,474.945,520.00
537,SCMN.VX,2014-07-07,518.00,518.00,4100,521.25,477.248,522.00
538,SCMN.VX,2014-07-04,520.50,520.50,2200,521.00,479.552,523.00
539,SCMN.VX,2014-07-03,520.50,517.00,6000,517.00,479.552,522.50
540,SCMN.VX,2014-07-02,516.00,516.00,9800,522.00,475.406,522.00
541,SCMN.VX,2014-07-01,522.75,516.00,13800,516.00,481.625,523.00
542,SCMN.VX,2014-06-30,515.00,512.75,7200,519.50,474.484,522.00
543,SCMN.VX,2014-06-27,519.50,518.00,8800,522.00,478.63,523.50
544,SCMN.VX,2014-06-26,521.00,520.50,11100,526.50,480.012,527.00
545,SCMN.VX,2014-06-25,527.50,526.00,8900,528.00,486.001,530.50
546,SCMN.VX,2014-06-24,530.50,529.50,4900,532.00,488.765,533.00
547,SCMN.VX,2014-06-23,530.50,528.50,4100,533.75,488.765,534.00
548,SCMN.VX,2014-06-20,534.50,531.50,7700,534.50,492.45,535.50
549,SCMN.VX,2014-06-19,533.50,531.50,3900,533.50,491.529,534.50
550,SCMN.VX,2014-06-18,532.50,531.50,3500,532.50,490.608,533.50
551,SCMN.VX,2014-06-17,532.50,526.50,7900,529.50,490.608,533.50
552,SCMN.VX,2014-06-16,530.00,527.50,9600,531.00,488.304,532.50
553,SCMN.VX,2014-06-13,533.00,528.50,6800,532.50,491.068,533.50
554,SCMN.VX,2014-06-12,534.00,531.00,4900,532.50,491.99,535.00
555,SCMN.VX,2014-06-11,530.00,529.75,6500,533.00,488.304,533.50
556,SCMN.VX,2014-06-10,531.50,529.50,16900,530.50,489.686,532.50
557,SCMN.VX,2014-06-09,529.50,529.50,000,529.50,487.844,529.50
558,SCMN.VX,2014-06-06,529.50,528.00,14000,532.25,487.844,533.00
559,SCMN.VX,2014-06-05,530.00,528.00,12400,531.50,488.304,532.50
560,SCMN.VX,2014-06-04,530.00,527.50,15500,528.00,488.304,530.50
561,SCMN.VX,2014-06-03,529.50,529.50,4300,532.00,487.844,533.00
562,SCMN.VX,2014-06-02,535.00,532.75,9100,535.50,492.911,536.00
563,SCMN.VX,2014-05-30,533.00,532.50,12500,533.50,491.068,535.00
564,SCMN.VX,2014-05-29,533.00,533.00,000,533.00,491.068,533.00
565,SCMN.VX,2014-05-28,533.00,531.00,14300,542.00,491.068,542.50
566,SCMN.VX,2014-05-27,539.50,538.50,4400,541.00,497.057,543.00
567,SCMN.VX,2014-05-26,538.50,538.50,000,538.50,496.136,538.50
568,SCMN.VX,2014-05-23,538.50,533.75,10700,543.00,496.136,543.50
569,SCMN.VX,2014-05-22,544.50,543.50,7900,543.50,501.664,546.50
570,SCMN.VX,2014-05-21,544.00,541.00,6200,544.00,501.203,547.00
571,SCMN.VX,2014-05-20,546.50,544.50,5400,546.00,503.506,548.50
572,SCMN.VX,2014-05-19,548.00,538.50,11200,539.00,504.888,548.00
573,SCMN.VX,2014-05-16,541.50,538.00,14400,541.50,498.90,544.00
574,SCMN.VX,2014-05-15,540.50,534.00,16800,536.50,497.978,544.00
575,SCMN.VX,2014-05-14,535.00,531.00,5900,532.00,492.911,536.50
576,SCMN.VX,2014-05-13,532.00,531.50,10600,536.50,490.147,537.00
577,SCMN.VX,2014-05-12,537.50,529.50,14900,531.50,495.214,539.50
578,SCMN.VX,2014-05-09,529.50,523.00,12300,523.00,487.844,530.25
579,SCMN.VX,2014-05-08,523.50,518.50,18600,519.00,482.316,525.00
580,SCMN.VX,2014-05-07,525.50,524.00,17500,536.50,484.158,538.00
581,SCMN.VX,2014-05-06,536.00,533.00,12100,541.00,493.832,541.50
582,SCMN.VX,2014-05-05,533.50,533.50,000,533.50,491.529,533.50
583,SCMN.VX,2014-05-02,533.50,533.00,13200,533.00,491.529,540.50
584,SCMN.VX,2014-05-01,534.50,534.50,000,534.50,492.45,534.50
585,SCMN.VX,2014-04-30,534.50,530.00,8500,531.50,492.45,534.50
586,SCMN.VX,2014-04-29,530.00,523.50,5200,523.50,488.304,530.00
587,SCMN.VX,2014-04-28,521.00,519.50,6900,522.00,480.012,522.50
588,SCMN.VX,2014-04-25,522.50,522.50,2700,522.50,481.394,525.50
589,SCMN.VX,2014-04-24,523.00,523.00,8600,524.00,481.855,526.00
590,SCMN.VX,2014-04-23,522.00,521.50,5000,523.50,480.934,524.50
591,SCMN.VX,2014-04-22,522.00,522.00,5900,525.00,480.934,525.50
592,SCMN.VX,2014-04-21,523.00,523.00,000,523.00,481.855,523.00
593,SCMN.VX,2014-04-18,523.00,523.00,000,523.00,481.855,523.00
594,SCMN.VX,2014-04-17,523.00,520.50,6600,522.00,481.855,523.00
595,SCMN.VX,2014-04-16,520.50,517.50,5500,519.50,479.552,521.50
596,SCMN.VX,2014-04-15,516.00,515.00,5400,516.50,475.406,518.50
597,SCMN.VX,2014-04-14,517.00,513.00,4700,515.50,476.327,517.00
598,SCMN.VX,2014-04-11,516.50,512.50,8400,516.50,475.866,520.00
599,SCMN.VX,2014-04-10,519.50,516.00,15200,518.00,478.63,520.50
600,SCMN.VX,2014-04-09,514.50,510.00,19700,512.00,474.024,516.00
601,SCMN.VX,2014-04-08,533.00,526.00,12200,530.50,470.799,533.00
602,SCMN.VX,2014-04-07,537.00,527.00,10000,528.00,474.332,537.00
603,SCMN.VX,2014-04-04,530.00,529.00,13700,533.00,468.149,537.00
604,SCMN.VX,2014-04-03,531.50,528.00,12200,530.00,469.474,534.00
605,SCMN.VX,2014-04-02,531.00,531.00,14400,536.50,469.032,537.50
606,SCMN.VX,2014-04-01,534.00,534.00,16400,542.50,471.682,542.50
607,SCMN.VX,2014-03-31,542.00,539.50,6900,542.50,478.749,543.50
608,SCMN.VX,2014-03-28,539.50,535.50,6900,535.50,476.541,543.00
609,SCMN.VX,2014-03-27,535.50,532.00,3000,533.00,473.007,537.00
610,SCMN.VX,2014-03-26,534.00,529.00,6500,529.50,471.682,536.50
611,SCMN.VX,2014-03-25,528.50,526.00,4700,526.50,466.824,528.50
612,SCMN.VX,2014-03-24,526.00,521.50,4500,525.50,464.616,529.50
613,SCMN.VX,2014-03-21,527.00,523.50,7900,524.50,465.499,529.00
614,SCMN.VX,2014-03-20,522.50,518.50,7500,522.00,461.524,522.50
615,SCMN.VX,2014-03-19,524.00,522.00,2900,522.50,462.849,524.50
616,SCMN.VX,2014-03-18,522.00,516.00,5100,518.00,461.083,525.00
617,SCMN.VX,2014-03-17,519.00,510.50,6800,512.00,458.433,522.50
618,SCMN.VX,2014-03-14,513.00,508.00,5700,508.00,453.133,514.50
619,SCMN.VX,2014-03-13,513.50,513.00,6700,522.00,453.575,522.50
620,SCMN.VX,2014-03-12,522.50,517.50,6400,519.00,461.524,522.50
621,SCMN.VX,2014-03-11,519.50,517.00,4500,523.00,458.875,523.00
622,SCMN.VX,2014-03-10,522.00,518.00,5800,519.00,461.083,522.00
623,SCMN.VX,2014-03-07,521.00,520.00,5500,525.00,460.199,525.50
624,SCMN.VX,2014-03-06,524.00,520.50,9200,524.50,462.849,526.00
625,SCMN.VX,2014-03-05,520.50,518.00,6000,520.00,459.758,524.50
626,SCMN.VX,2014-03-04,519.50,513.50,3800,514.50,458.875,519.50
627,SCMN.VX,2014-03-03,510.50,509.50,5900,515.00,450.925,515.50
628,SCMN.VX,2014-02-28,521.50,515.75,13000,517.50,460.641,522.50
629,SCMN.VX,2014-02-27,517.00,512.50,11800,515.50,456.666,518.00
630,SCMN.VX,2014-02-26,521.00,517.00,7900,522.75,460.199,522.75
631,SCMN.VX,2014-02-25,522.00,518.00,4300,520.00,461.083,522.00
632,SCMN.VX,2014-02-24,520.75,514.50,8000,516.00,459.979,522.00
633,SCMN.VX,2014-02-21,515.50,513.50,4800,518.00,455.341,519.00
634,SCMN.VX,2014-02-20,516.50,514.00,8600,516.00,456.225,517.00
635,SCMN.VX,2014-02-19,516.00,515.00,12800,515.50,455.783,519.50
636,SCMN.VX,2014-02-18,514.00,507.50,11500,507.50,454.016,514.00
637,SCMN.VX,2014-02-17,507.50,504.50,4800,504.50,448.275,508.00
638,SCMN.VX,2014-02-14,505.00,504.50,8000,506.00,446.067,508.00
639,SCMN.VX,2014-02-13,506.00,503.50,6500,504.50,446.95,506.50
640,SCMN.VX,2014-02-12,504.50,504.50,17900,505.00,445.625,510.50
641,SCMN.VX,2014-02-11,502.50,500.50,8800,502.50,443.858,503.50
642,SCMN.VX,2014-02-10,500.50,496.20,12800,500.00,442.092,501.00
643,SCMN.VX,2014-02-07,500.00,497.60,14400,500.00,441.65,503.75
644,SCMN.VX,2014-02-06,500.00,493.80,20300,496.30,441.65,509.00
645,SCMN.VX,2014-02-05,494.50,489.60,25600,490.40,436.792,498.90
646,SCMN.VX,2014-02-04,491.70,488.60,15400,490.80,434.319,492.60
647,SCMN.VX,2014-02-03,492.00,492.00,25400,498.00,434.584,500.50
648,SCMN.VX,2014-01-31,498.00,491.00,17400,496.40,439.884,498.00
649,SCMN.VX,2014-01-30,498.00,491.10,19300,493.40,439.884,498.80
650,SCMN.VX,2014-01-29,493.80,492.80,25700,497.40,436.174,500.50
651,SCMN.VX,2014-01-28,494.90,492.10,27500,493.10,437.145,498.50
652,SCMN.VX,2014-01-27,492.20,486.40,18700,490.90,434.76,495.20
653,SCMN.VX,2014-01-24,494.40,491.10,19200,496.30,436.704,498.10
654,SCMN.VX,2014-01-23,495.00,493.10,14600,496.80,437.234,502.00
655,SCMN.VX,2014-01-22,498.00,496.30,22900,498.50,439.884,503.00
656,SCMN.VX,2014-01-21,488.40,487.10,10400,491.50,431.404,492.30
657,SCMN.VX,2014-01-20,489.50,489.00,7600,492.00,432.375,492.80
658,SCMN.VX,2014-01-17,491.80,487.00,16600,490.70,434.407,492.10
659,SCMN.VX,2014-01-16,487.80,485.50,18200,493.90,430.874,495.80
660,SCMN.VX,2014-01-15,492.00,487.90,16000,489.90,434.584,493.60
661,SCMN.VX,2014-01-14,487.50,476.30,28100,477.60,430.609,487.60
662,SCMN.VX,2014-01-13,478.10,477.20,12400,478.20,422.306,479.30
663,SCMN.VX,2014-01-10,477.60,472.60,15800,474.80,421.864,479.00
664,SCMN.VX,2014-01-09,473.40,472.90,11000,476.40,418.154,477.10
665,SCMN.VX,2014-01-08,475.30,473.40,13200,475.30,419.833,475.90
666,SCMN.VX,2014-01-07,476.10,470.70,15400,471.00,420.539,477.80
667,SCMN.VX,2014-01-06,471.30,470.60,9000,471.20,416.299,472.80
668,SCMN.VX,2014-01-03,472.20,467.90,11600,468.20,417.094,473.30
669,SCMN.VX,2014-01-02,470.20,470.20,000,470.20,415.328,470.20
670,SCMN.VX,2014-01-01,470.20,470.20,000,470.20,415.328,470.20
671,SCMN.VX,2013-12-31,470.20,470.20,000,470.20,415.328,470.20
672,SCMN.VX,2013-12-30,470.20,468.60,10300,472.70,415.328,472.70
673,SCMN.VX,2013-12-27,472.10,469.50,10200,469.50,417.006,473.30
674,SCMN.VX,2013-12-26,466.90,466.90,000,466.90,412.413,466.90
675,SCMN.VX,2013-12-25,466.90,466.90,000,466.90,412.413,466.90
676,SCMN.VX,2013-12-24,466.90,466.90,000,466.90,412.413,466.90
677,SCMN.VX,2013-12-23,466.90,464.50,6500,466.70,412.413,469.70
678,SCMN.VX,2013-12-20,467.30,464.40,11200,468.00,412.766,468.30
679,SCMN.VX,2013-12-19,466.90,462.60,15700,462.90,412.413,469.10
680,SCMN.VX,2013-12-18,459.40,457.40,20600,457.80,405.788,462.40
681,SCMN.VX,2013-12-17,457.60,452.40,24000,452.70,404.198,457.80
682,SCMN.VX,2013-12-16,452.40,447.90,18300,449.90,399.605,454.10
683,SCMN.VX,2013-12-13,451.60,451.10,13300,453.30,398.898,454.50
684,SCMN.VX,2013-12-12,455.50,452.80,16400,453.20,402.343,456.10
685,SCMN.VX,2013-12-11,453.90,450.60,10400,451.00,400.93,455.20
686,SCMN.VX,2013-12-10,452.50,450.70,17900,452.70,399.693,454.40
687,SCMN.VX,2013-12-09,452.40,451.15,9300,454.40,399.605,455.40
688,SCMN.VX,2013-12-06,454.60,451.40,12400,451.50,401.548,455.20
689,SCMN.VX,2013-12-05,449.80,449.70,13100,453.60,397.308,454.30
690,SCMN.VX,2013-12-04,454.50,453.80,15900,461.00,401.46,461.00
691,SCMN.VX,2013-12-03,461.10,461.10,21500,464.70,407.29,465.10
692,SCMN.VX,2013-12-02,464.90,463.20,19000,465.20,410.646,467.90
693,SCMN.VX,2013-11-29,463.10,461.40,6400,461.50,409.056,463.90
694,SCMN.VX,2013-11-28,462.60,460.30,14300,462.50,408.615,463.60
695,SCMN.VX,2013-11-27,463.40,460.40,19900,463.10,409.321,466.40
696,SCMN.VX,2013-11-26,463.70,462.20,9700,465.20,409.586,465.20
697,SCMN.VX,2013-11-25,464.70,463.40,8200,463.40,410.47,465.60
698,SCMN.VX,2013-11-22,462.80,462.40,15100,465.80,408.791,466.20
699,SCMN.VX,2013-11-21,464.60,460.70,10800,462.80,410.381,464.80
700,SCMN.VX,2013-11-20,463.00,462.50,16100,467.10,408.968,467.10
701,SCMN.VX,2013-11-19,467.40,466.40,13500,470.10,412.855,470.30
702,SCMN.VX,2013-11-18,470.10,470.00,16400,473.20,415.239,474.00
703,SCMN.VX,2013-11-15,474.50,472.70,11400,473.00,419.126,475.00
704,SCMN.VX,2013-11-14,471.20,471.10,16000,472.20,416.211,473.60
705,SCMN.VX,2013-11-13,470.00,469.70,19300,469.80,415.151,472.40
706,SCMN.VX,2013-11-12,468.60,465.70,12400,470.00,413.915,472.10
707,SCMN.VX,2013-11-11,470.30,469.10,20600,473.60,415.416,475.50
708,SCMN.VX,2013-11-08,471.40,468.30,32200,470.50,416.388,472.80
709,SCMN.VX,2013-11-07,472.30,467.20,37400,467.20,417.183,474.60
710,SCMN.VX,2013-11-06,461.80,459.60,26300,460.20,407.908,462.10
711,SCMN.VX,2013-11-05,460.10,458.40,17900,463.80,406.406,464.30
712,SCMN.VX,2013-11-04,462.60,460.70,10900,462.90,408.615,464.60
713,SCMN.VX,2013-11-01,460.90,460.90,21900,463.20,407.113,464.80
714,SCMN.VX,2013-10-31,462.70,457.60,24000,458.90,408.703,462.70
715,SCMN.VX,2013-10-30,459.20,458.70,28300,463.80,405.612,464.80
716,SCMN.VX,2013-10-29,464.00,461.50,15400,463.60,409.851,466.00
717,SCMN.VX,2013-10-28,463.40,461.60,14800,461.60,409.321,465.30
718,SCMN.VX,2013-10-25,460.20,458.50,23300,462.00,406.495,462.20
719,SCMN.VX,2013-10-24,462.90,460.20,17700,464.90,408.88,466.30
720,SCMN.VX,2013-10-23,463.90,460.90,17700,462.60,409.763,465.20
721,SCMN.VX,2013-10-22,463.60,461.20,27400,462.70,409.498,464.70
722,SCMN.VX,2013-10-21,464.00,462.50,36700,465.70,409.851,470.30
723,SCMN.VX,2013-10-18,465.10,461.80,31000,464.70,410.823,466.90
724,SCMN.VX,2013-10-17,465.10,453.10,35800,453.40,410.823,465.50
725,SCMN.VX,2013-10-16,455.10,445.10,48000,445.30,401.99,457.50
726,SCMN.VX,2013-10-15,443.30,442.40,13000,443.10,391.567,446.50
727,SCMN.VX,2013-10-14,440.80,438.50,11400,438.50,389.359,443.00
728,SCMN.VX,2013-10-11,439.40,437.60,18700,440.10,388.122,441.90
729,SCMN.VX,2013-10-10,438.40,432.40,17600,434.20,387.239,439.70
730,SCMN.VX,2013-10-09,434.20,431.90,16500,432.50,383.529,435.00
731,SCMN.VX,2013-10-08,434.40,430.40,26100,430.40,383.706,435.90
732,SCMN.VX,2013-10-07,428.90,427.60,9500,430.30,378.847,430.40
733,SCMN.VX,2013-10-04,431.10,426.50,16500,428.10,380.791,431.60
734,SCMN.VX,2013-10-03,427.60,427.40,14800,431.30,377.699,433.40
735,SCMN.VX,2013-10-02,430.10,428.60,16600,435.00,379.907,435.50
736,SCMN.VX,2013-10-01,435.10,433.00,14300,433.00,384.324,436.10
737,SCMN.VX,2013-09-30,434.00,431.90,17200,433.90,383.352,435.20
738,SCMN.VX,2013-09-27,438.50,436.20,18400,441.80,387.327,443.00
739,SCMN.VX,2013-09-26,441.60,438.70,15300,438.70,390.065,442.70
740,SCMN.VX,2013-09-25,439.50,434.60,19500,435.20,388.21,439.80
741,SCMN.VX,2013-09-24,435.80,434.60,10500,435.40,384.942,437.20
742,SCMN.VX,2013-09-23,434.10,431.30,12600,431.30,383.441,436.40
743,SCMN.VX,2013-09-20,432.30,430.00,18200,432.30,381.851,433.20
744,SCMN.VX,2013-09-19,434.00,431.00,20000,432.50,383.352,435.70
745,SCMN.VX,2013-09-18,430.40,430.10,19300,433.90,380.172,435.00
746,SCMN.VX,2013-09-17,433.60,431.50,9400,435.20,382.999,435.40
747,SCMN.VX,2013-09-16,433.60,432.60,22400,438.60,382.999,438.60
748,SCMN.VX,2013-09-13,435.20,434.50,9800,435.50,384.412,438.10
749,SCMN.VX,2013-09-12,434.80,431.10,14000,433.00,384.059,436.00
750,SCMN.VX,2013-09-11,432.30,430.90,11900,433.00,381.851,434.60
751,SCMN.VX,2013-09-10,433.20,431.70,19500,434.60,382.646,436.50
752,SCMN.VX,2013-09-09,432.40,429.60,19900,434.20,381.939,434.20
753,SCMN.VX,2013-09-06,433.40,428.70,22000,436.00,382.822,437.40
754,SCMN.VX,2013-09-05,435.70,433.80,27200,434.50,384.854,437.90
755,SCMN.VX,2013-09-04,434.10,431.50,26600,433.50,383.441,434.50
756,SCMN.VX,2013-09-03,432.60,429.90,36600,431.10,382.116,436.60
757,SCMN.VX,2013-09-02,430.80,425.40,37000,425.40,380.526,432.30
758,SCMN.VX,2013-08-30,421.40,415.40,44200,417.40,372.223,421.90
759,SCMN.VX,2013-08-29,416.40,414.00,37600,414.10,367.806,417.00
760,SCMN.VX,2013-08-28,413.30,411.70,12400,413.70,365.068,414.90
761,SCMN.VX,2013-08-27,415.00,413.80,17500,419.80,366.57,420.70
762,SCMN.VX,2013-08-26,420.80,420.80,000,420.80,371.693,420.80
763,SCMN.VX,2013-08-23,420.80,419.20,16900,420.70,371.693,421.60
764,SCMN.VX,2013-08-22,419.80,418.90,19200,420.30,370.809,422.80
765,SCMN.VX,2013-08-21,420.60,420.40,14700,425.65,371.516,426.30
766,SCMN.VX,2013-08-20,425.10,423.90,23200,426.90,375.491,428.90
767,SCMN.VX,2013-08-19,428.00,426.60,27900,428.20,378.053,429.60
768,SCMN.VX,2013-08-16,428.60,426.60,23900,426.80,378.583,430.80
769,SCMN.VX,2013-08-15,427.40,426.10,17800,432.75,377.523,432.75
770,SCMN.VX,2013-08-14,433.00,431.30,23000,432.90,382.469,434.10
771,SCMN.VX,2013-08-13,432.50,431.00,17900,431.00,382.027,433.50
772,SCMN.VX,2013-08-12,430.80,427.20,35300,427.20,380.526,433.40
773,SCMN.VX,2013-08-09,427.40,424.90,31500,425.90,377.523,430.60
774,SCMN.VX,2013-08-08,423.80,423.50,38000,427.40,374.343,431.00
775,SCMN.VX,2013-08-07,426.70,411.20,50100,411.20,376.904,428.30
776,SCMN.VX,2013-08-06,413.10,412.10,28300,419.80,364.891,419.90
777,SCMN.VX,2013-08-05,418.20,417.20,22700,418.60,369.396,420.80
778,SCMN.VX,2013-08-02,417.10,415.60,28700,417.30,368.425,419.20
779,SCMN.VX,2013-08-01,413.80,413.80,000,413.80,365.51,413.80
780,SCMN.VX,2013-07-31,413.80,410.50,23600,411.00,365.51,415.00
781,SCMN.VX,2013-07-30,412.60,410.20,15800,410.70,364.45,413.90
782,SCMN.VX,2013-07-29,410.90,407.80,28400,407.80,362.948,413.10
783,SCMN.VX,2012-07-25,385.10,377.20,46400,378.30,340.159,386.30
784,SCMN.VX,2012-07-24,379.80,378.00,43100,379.10,335.477,380.70
785,SCMN.VX,2012-07-23,378.90,374.20,35300,380.30,334.682,382.10
786,SCMN.VX,2012-07-20,382.20,380.60,27800,386.60,337.597,387.20
787,SCMN.VX,2012-07-19,386.50,385.50,27700,386.60,341.396,388.40
788,SCMN.VX,2012-07-18,386.30,384.50,31400,384.80,341.219,386.90
789,SCMN.VX,2012-07-17,384.40,383.10,19400,384.40,339.541,384.60
790,SCMN.VX,2012-07-16,383.60,381.80,20600,383.90,338.834,384.40
791,SCMN.VX,2012-07-13,383.50,378.60,39300,378.60,338.746,384.30
792,SCMN.VX,2012-07-12,377.00,376.90,26700,380.40,333.004,381.00
793,SCMN.VX,2012-07-11,380.40,378.70,34800,378.90,336.007,380.90
794,SCMN.VX,2012-07-10,379.80,377.00,28200,381.10,335.477,382.00
795,SCMN.VX,2012-07-09,380.00,378.80,32500,379.30,335.654,381.80
796,SCMN.VX,2012-07-06,377.80,376.90,31600,379.60,333.711,380.80
797,SCMN.VX,2012-07-05,380.20,377.30,40300,379.70,335.831,381.30
798,SCMN.VX,2012-07-04,379.50,378.20,36100,380.20,335.212,382.20
799,SCMN.VX,2012-07-03,379.00,377.50,36700,381.10,334.771,381.10
800,SCMN.VX,2012-07-02,380.60,377.70,33400,382.00,336.184,382.80
801,SCMN.VX,2012-06-29,381.20,378.50,35700,384.20,336.714,384.90
802,SCMN.VX,2012-06-28,380.30,377.50,36600,377.70,335.919,382.70
803,SCMN.VX,2012-06-27,377.30,373.40,22000,373.40,333.269,378.20
804,SCMN.VX,2012-06-26,372.10,367.80,30900,370.20,328.676,373.10
805,SCMN.VX,2012-06-25,368.90,366.60,30700,369.90,325.849,370.40
806,SCMN.VX,2012-06-22,370.55,370.55,000,370.55,327.307,370.55
807,SCMN.VX,2012-06-21,370.55,367.50,33300,370.90,327.307,371.90
808,SCMN.VX,2012-06-20,370.80,370.70,42800,373.70,327.528,374.05
809,SCMN.VX,2012-06-19,375.20,367.90,31800,368.30,331.414,375.20
810,SCMN.VX,2012-06-18,367.40,365.50,21600,369.30,324.525,369.30
811,SCMN.VX,2012-06-15,368.30,365.70,38700,369.70,325.319,369.90
812,SCMN.VX,2012-06-14,367.30,361.30,43800,361.80,324.436,367.40
813,SCMN.VX,2012-06-13,360.60,357.20,39400,358.60,318.518,362.00
814,SCMN.VX,2012-06-12,358.50,355.40,31400,355.40,316.663,358.70
815,SCMN.VX,2012-06-11,355.70,355.30,24200,356.90,314.19,358.20
816,SCMN.VX,2012-06-08,355.20,349.30,18900,350.00,313.748,355.20
817,SCMN.VX,2012-06-07,351.50,351.50,000,351.50,310.48,351.50
818,SCMN.VX,2012-06-06,351.50,351.50,000,351.50,310.48,351.50
819,SCMN.VX,2012-06-05,351.50,351.50,000,351.50,310.48,351.50
820,SCMN.VX,2012-06-04,351.50,351.50,000,351.50,310.48,351.50
821,SCMN.VX,2012-06-01,351.50,349.60,34400,353.90,310.48,353.90
822,SCMN.VX,2012-05-31,351.70,350.50,34600,350.80,310.657,353.40
823,SCMN.VX,2012-05-30,351.50,349.10,40000,350.00,310.48,352.30
824,SCMN.VX,2012-05-29,350.50,349.90,23700,353.40,309.597,354.10
825,SCMN.VX,2012-05-28,352.00,352.00,000,352.00,310.922,352.00
826,SCMN.VX,2012-05-25,352.00,350.60,26000,351.30,310.922,353.20
827,SCMN.VX,2012-05-24,351.60,347.80,45000,349.20,310.568,352.30
828,SCMN.VX,2012-05-23,349.20,348.90,31300,351.60,308.448,353.30
829,SCMN.VX,2012-05-22,353.00,350.40,36800,352.20,311.805,354.30
830,SCMN.VX,2012-05-21,352.00,347.70,25500,349.10,310.922,352.40
831,SCMN.VX,2012-05-18,354.10,354.10,000,354.10,312.777,354.10
832,SCMN.VX,2012-05-17,354.10,354.10,000,354.10,312.777,354.10
833,SCMN.VX,2012-05-16,354.10,354.10,000,354.10,312.777,354.10
834,SCMN.VX,2012-05-15,354.10,353.80,33700,354.60,312.777,357.40
835,SCMN.VX,2012-05-14,356.00,355.60,25200,360.20,314.455,362.00
836,SCMN.VX,2012-05-11,361.60,358.50,22600,360.20,319.401,362.30
837,SCMN.VX,2012-05-10,362.00,360.90,38700,361.10,319.755,363.50
838,SCMN.VX,2012-05-09,361.30,357.30,53800,362.10,319.136,363.00
839,SCMN.VX,2012-05-08,362.10,358.80,45200,358.80,319.843,363.50
840,SCMN.VX,2012-05-07,353.20,353.20,000,353.20,311.982,353.20
841,SCMN.VX,2012-05-04,353.20,353.20,000,353.20,311.982,353.20
842,SCMN.VX,2012-05-03,353.20,352.30,46400,354.10,311.982,356.50
843,SCMN.VX,2012-05-02,352.30,341.60,49600,343.00,311.187,353.90
844,SCMN.VX,2012-05-01,338.30,338.30,000,338.30,298.82,338.30
845,SCMN.VX,2012-04-30,338.30,338.30,000,338.30,298.82,338.30
846,SCMN.VX,2012-04-27,338.30,336.70,47400,339.30,298.82,339.30
847,SCMN.VX,2012-04-26,339.40,339.30,38000,344.50,299.792,344.60
848,SCMN.VX,2012-04-25,342.70,341.50,14800,341.50,302.707,344.60
849,SCMN.VX,2012-04-24,340.20,336.80,40300,338.90,300.499,346.25
850,SCMN.VX,2012-04-23,337.60,335.80,31900,338.80,298.202,339.40
851,SCMN.VX,2012-04-20,339.50,336.40,21000,337.40,299.88,339.70
852,SCMN.VX,2012-04-19,337.00,335.20,34500,337.30,297.672,337.40
853,SCMN.VX,2012-04-18,336.40,335.50,50400,337.30,297.142,339.50
854,SCMN.VX,2012-04-17,339.10,336.30,26400,337.30,299.527,339.50
855,SCMN.VX,2012-04-16,337.70,335.50,28200,335.50,298.291,338.80
856,SCMN.VX,2012-04-13,336.70,335.50,14900,338.70,297.407,339.60
857,SCMN.VX,2012-04-12,339.50,334.30,23400,336.50,299.88,339.95
858,SCMN.VX,2012-04-11,338.00,336.50,54400,339.90,298.556,340.80
859,SCMN.VX,2012-04-10,340.70,340.60,28100,343.70,300.94,343.70
860,SCMN.VX,2012-04-09,369.10,369.10,000,369.10,326.026,369.10
861,SCMN.VX,2012-04-06,369.10,369.10,000,369.10,326.026,369.10
862,SCMN.VX,2012-04-05,369.10,369.10,000,369.10,326.026,369.10
863,SCMN.VX,2012-04-04,369.10,369.10,000,369.10,326.026,369.10
864,SCMN.VX,2012-04-03,369.10,362.40,60300,365.70,326.026,369.90
865,SCMN.VX,2012-04-02,367.90,362.40,30700,365.70,324.966,368.10
866,SCMN.VX,2012-03-30,364.40,359.60,35300,361.20,321.875,364.70
867,SCMN.VX,2012-03-29,360.80,360.50,24500,362.10,318.695,362.60
868,SCMN.VX,2012-03-28,362.90,361.60,25300,363.90,320.55,364.60
869,SCMN.VX,2012-03-27,363.70,362.40,34400,363.60,321.256,365.00
870,SCMN.VX,2012-03-26,363.00,360.35,24700,363.10,320.638,363.70
871,SCMN.VX,2012-03-23,362.60,360.50,26400,362.80,320.285,363.30
872,SCMN.VX,2012-03-22,361.90,358.90,25900,361.70,319.666,363.30
873,SCMN.VX,2012-03-21,362.20,361.60,24200,364.10,319.931,364.70
874,SCMN.VX,2012-03-20,363.70,359.40,34700,362.10,321.256,363.90
875,SCMN.VX,2012-03-19,364.50,361.20,68500,361.60,321.963,364.50
876,SCMN.VX,2012-03-16,361.40,358.40,49300,358.50,319.225,362.20
877,SCMN.VX,2012-03-15,358.50,357.30,91700,359.80,316.663,361.20
878,SCMN.VX,2012-03-14,360.20,357.00,37900,357.20,318.165,361.50
879,SCMN.VX,2012-03-13,356.00,354.00,32000,354.80,314.455,356.70
880,SCMN.VX,2012-03-12,353.30,351.30,26600,352.90,312.07,353.30
881,SCMN.VX,2012-03-09,353.50,351.50,48200,352.30,312.247,356.00
882,SCMN.VX,2012-03-08,351.80,350.70,71800,352.60,310.745,354.30
883,SCMN.VX,2012-03-07,354.00,350.60,35100,351.30,312.688,355.20
884,SCMN.VX,2012-03-06,351.80,351.30,29600,355.20,310.745,355.90
885,SCMN.VX,2012-03-05,355.30,353.30,63900,356.50,313.837,357.20
886,SCMN.VX,2012-03-02,356.50,353.60,71800,358.10,314.897,358.10
887,SCMN.VX,2012-03-01,356.60,355.50,93200,361.10,314.985,361.80
888,SCMN.VX,2012-02-29,361.30,360.10,40900,362.40,319.136,363.00
889,SCMN.VX,2012-02-28,361.90,360.30,58900,361.20,319.666,364.80
890,SCMN.VX,2012-02-27,363.50,360.30,25500,361.20,321.08,364.80
891,SCMN.VX,2012-02-24,362.20,358.60,55900,361.60,319.931,364.50
892,SCMN.VX,2012-02-23,360.30,358.60,34700,361.60,318.253,362.20
893,SCMN.VX,2012-02-22,361.10,359.50,18900,365.00,318.96,365.90
894,SCMN.VX,2012-02-21,364.90,363.40,34500,363.70,322.316,365.80
895,SCMN.VX,2012-02-20,363.50,363.20,24100,364.10,321.08,365.40
896,SCMN.VX,2012-02-17,363.50,360.50,31100,362.50,321.08,363.80
897,SCMN.VX,2012-02-16,360.30,358.30,37800,359.30,318.253,361.80
898,SCMN.VX,2012-02-15,360.00,354.60,79900,358.10,317.988,361.50
899,SCMN.VX,2012-02-14,367.60,366.90,39700,370.20,324.701,371.40
900,SCMN.VX,2012-02-13,370.10,365.80,26100,366.40,326.909,370.40
901,SCMN.VX,2012-02-10,364.60,362.00,65800,370.90,322.051,371.00
902,SCMN.VX,2012-02-09,370.80,368.20,52200,374.00,327.528,374.50
903,SCMN.VX,2012-02-08,374.20,372.10,35400,375.10,330.531,377.50
904,SCMN.VX,2012-02-07,375.50,370.00,73900,372.00,331.679,376.00
905,SCMN.VX,2012-02-06,373.60,370.00,23000,372.00,330.001,373.80
906,SCMN.VX,2012-02-03,371.00,368.00,26500,369.10,327.704,371.70
907,SCMN.VX,2012-02-02,367.90,366.10,34900,369.10,324.966,369.10
908,SCMN.VX,2012-02-01,368.60,361.60,87000,362.20,325.584,369.10
909,SCMN.VX,2012-01-31,362.60,361.60,54400,362.20,320.285,365.40
910,SCMN.VX,2012-01-30,363.30,361.60,25400,362.20,320.903,364.30
911,SCMN.VX,2012-01-27,363.50,362.20,25900,362.30,321.08,365.00
912,SCMN.VX,2012-01-26,362.70,359.60,30800,361.00,320.373,363.20
913,SCMN.VX,2012-01-25,359.00,356.60,24900,361.00,317.105,361.40
914,SCMN.VX,2012-01-24,359.70,359.50,27900,367.50,317.723,368.40
915,SCMN.VX,2012-01-23,367.20,365.00,21300,367.90,324.348,368.70
916,SCMN.VX,2012-01-20,368.30,367.10,32000,368.00,325.319,369.70
917,SCMN.VX,2012-01-19,366.50,364.10,31100,366.90,323.73,368.10
918,SCMN.VX,2012-01-18,364.50,360.80,39400,363.50,321.963,366.00
919,SCMN.VX,2012-01-17,361.20,358.90,19700,359.30,319.048,362.10
920,SCMN.VX,2012-01-16,359.20,354.90,20200,354.90,317.281,359.20
921,SCMN.VX,2012-01-13,356.20,353.60,16400,358.00,314.632,359.00
922,SCMN.VX,2012-01-12,357.90,355.30,19300,358.40,316.133,360.20
923,SCMN.VX,2012-01-11,354.20,353.30,14900,357.40,312.865,358.50
924,SCMN.VX,2012-01-10,356.70,352.50,24600,353.40,315.073,357.40
925,SCMN.VX,2012-01-09,351.10,350.90,16100,354.00,310.127,355.90
926,SCMN.VX,2012-01-06,358.10,358.10,000,358.10,316.31,358.10
927,SCMN.VX,2012-01-05,358.10,358.10,000,358.10,316.31,358.10
928,SCMN.VX,2012-01-04,358.10,358.10,18300,360.80,316.31,360.90
929,SCMN.VX,2012-01-03,359.70,356.10,24200,361.00,317.723,361.80
930,SCMN.VX,2012-01-02,349.20,349.20,000,349.20,308.448,349.20
931,SCMN.VX,2011-12-30,349.20,349.20,000,349.20,308.448,349.20
932,SCMN.VX,2011-12-29,349.20,346.00,9600,349.70,308.448,350.70
933,SCMN.VX,2011-12-28,349.40,346.90,11300,347.30,308.625,350.50
934,SCMN.VX,2011-12-27,346.10,346.10,000,346.10,305.71,346.10
935,SCMN.VX,2011-12-26,346.10,346.10,000,346.10,305.71,346.10
936,SCMN.VX,2011-12-23,346.10,346.10,000,346.10,305.71,346.10
937,SCMN.VX,2011-12-22,346.10,344.20,14200,347.00,305.71,348.00
938,SCMN.VX,2011-12-21,345.20,343.30,25600,349.30,304.915,349.80
939,SCMN.VX,2011-12-20,347.60,342.60,37000,344.10,307.035,347.90
940,SCMN.VX,2011-12-19,341.50,340.90,24100,342.90,301.647,344.50
941,SCMN.VX,2011-12-16,344.10,342.00,56400,347.70,303.944,347.70
942,SCMN.VX,2011-12-15,344.10,343.60,27900,347.70,303.944,347.70
943,SCMN.VX,2011-12-14,347.10,339.70,45900,340.10,306.594,347.60
944,SCMN.VX,2011-12-13,346.50,344.60,25400,344.70,306.064,348.00
945,SCMN.VX,2011-12-12,343.20,342.40,19400,344.10,303.149,345.50
946,SCMN.VX,2011-12-09,344.30,340.40,75800,343.70,304.12,346.30
947,SCMN.VX,2011-12-08,340.60,340.60,000,340.60,300.852,340.60
948,SCMN.VX,2011-12-07,340.60,339.40,28200,344.10,300.852,345.10
949,SCMN.VX,2011-12-06,342.40,342.40,000,342.40,302.442,342.40
950,SCMN.VX,2011-12-05,342.40,340.30,35400,344.60,302.442,344.60
951,SCMN.VX,2011-12-02,340.50,340.00,70400,344.40,300.764,346.60
952,SCMN.VX,2011-12-01,342.70,340.20,37100,344.40,302.707,344.50
953,SCMN.VX,2011-11-30,343.20,332.40,44400,334.10,303.149,343.50
954,SCMN.VX,2011-11-29,335.60,333.40,50000,335.90,296.436,336.10
955,SCMN.VX,2011-11-28,336.30,333.20,39500,334.30,297.054,337.70
956,SCMN.VX,2011-11-25,331.80,328.10,33600,329.80,293.079,333.70
957,SCMN.VX,2011-11-24,329.80,328.40,40500,334.40,291.312,335.80
958,SCMN.VX,2011-11-23,335.00,333.70,145600,340.10,295.906,340.10
959,SCMN.VX,2011-11-22,336.80,334.00,100700,340.10,297.496,340.10
960,SCMN.VX,2011-11-21,335.70,334.00,54500,340.10,296.524,340.10
961,SCMN.VX,2011-11-18,340.40,340.10,35600,341.20,300.675,344.40
962,SCMN.VX,2011-11-17,343.90,341.80,30600,345.40,303.767,346.40
963,SCMN.VX,2011-11-16,347.30,344.40,23100,344.50,306.77,348.80
964,SCMN.VX,2011-11-15,345.70,343.90,30300,346.80,305.357,347.70
965,SCMN.VX,2011-11-14,348.10,347.30,35400,348.20,307.477,350.80
966,SCMN.VX,2011-11-11,348.20,345.30,52000,347.30,307.565,349.20
967,SCMN.VX,2011-11-10,346.90,345.10,68300,353.30,306.417,353.30
968,SCMN.VX,2011-11-09,348.60,346.80,42800,353.30,307.918,353.30
969,SCMN.VX,2011-11-08,351.20,347.50,116800,352.70,310.215,354.30
970,SCMN.VX,2011-11-07,349.10,347.50,88200,352.70,308.36,354.30
971,SCMN.VX,2011-11-03,351.60,346.30,40900,347.40,310.568,351.90
972,SCMN.VX,2011-11-02,349.00,345.30,39000,349.00,308.272,349.90
973,SCMN.VX,2011-11-01,347.50,345.60,43600,352.10,306.947,353.10
974,SCMN.VX,2011-10-31,356.80,356.60,35000,358.00,315.162,359.40
975,SCMN.VX,2011-10-28,358.50,358.30,31500,362.60,316.663,364.80
976,SCMN.VX,2011-10-27,363.10,360.40,38900,363.50,320.726,364.80
977,SCMN.VX,2011-10-25,357.60,357.60,60500,367.00,315.868,367.00
978,SCMN.VX,2011-10-24,370.10,366.50,17600,370.90,326.909,371.00
979,SCMN.VX,2011-10-21,369.10,362.60,15700,363.90,326.026,369.60
980,SCMN.VX,2011-10-20,362.80,362.60,47300,367.80,320.461,368.40
981,SCMN.VX,2011-10-19,366.10,364.70,29700,367.80,323.376,368.40
982,SCMN.VX,2011-10-18,365.60,365.20,24500,371.00,322.935,371.00
983,SCMN.VX,2011-10-17,370.80,370.50,10800,372.90,327.528,372.90
984,SCMN.VX,2011-10-14,372.20,369.50,18900,371.00,328.764,373.00
985,SCMN.VX,2011-10-13,371.00,370.30,800,371.00,327.704,371.40
986,SCMN.VX,2011-10-12,369.80,367.00,32500,371.40,326.644,374.00
987,SCMN.VX,2011-10-11,371.50,370.10,37200,373.90,328.146,377.30
988,SCMN.VX,2011-10-10,377.30,372.30,17200,373.90,333.269,377.30
989,SCMN.VX,2011-10-07,372.00,370.80,24100,373.50,328.588,374.90
990,SCMN.VX,2011-10-06,372.50,366.80,24600,366.80,329.029,373.20
991,SCMN.VX,2011-10-05,366.80,366.80,500,366.80,323.995,367.50
992,SCMN.VX,2011-10-04,365.50,365.10,300,365.80,322.846,366.00
993,SCMN.VX,2011-10-03,369.20,364.30,44600,368.20,326.114,372.30
994,SCMN.VX,2011-09-30,369.40,367.10,20400,368.20,326.291,372.30
995,SCMN.VX,2011-09-29,368.80,368.10,400,368.20,325.761,369.60
996,SCMN.VX,2011-09-28,368.60,367.00,29800,370.40,325.584,372.40
997,SCMN.VX,2011-09-27,371.50,360.40,25600,360.40,328.146,372.90
998,SCMN.VX,2011-09-26,361.50,360.40,300,360.40,319.313,361.50
999,SCMN.VX,2011-09-23,354.90,354.60,400,354.60,313.483,355.20
1000,SCMN.VX,2011-09-22,355.60,355.10,29500,359.30,314.102,361.20
1001,SCMN.VX,2011-09-21,363.70,356.20,52300,356.30,321.256,365.90
1002,SCMN.VX,2011-09-20,362.80,356.20,29600,356.30,320.461,363.80
1003,SCMN.VX,2011-09-19,357.60,355.30,19900,356.80,315.868,358.70
1004,SCMN.VX,2011-09-16,361.40,359.00,24000,360.00,319.225,363.20
1005,SCMN.VX,2011-09-15,360.30,356.40,33200,360.70,318.253,363.70
1006,SCMN.VX,2011-09-14,354.50,360.70,400,360.70,313.13,362.10
1007,SCMN.VX,2011-09-13,357.10,354.60,38700,360.80,315.427,361.50
1008,SCMN.VX,2011-09-12,358.30,355.60,36400,360.80,316.486,361.80
1009,SCMN.VX,2011-09-09,366.10,365.10,39000,365.20,323.376,370.70
1010,SCMN.VX,2011-09-08,366.80,355.80,61300,358.90,323.995,366.80
1011,SCMN.VX,2011-09-07,359.80,355.80,28600,358.90,317.811,362.10
1012,SCMN.VX,2011-09-06,353.10,348.10,69800,348.90,311.893,355.60
1013,SCMN.VX,2011-09-05,350.20,347.10,42900,359.50,309.332,360.10
1014,SCMN.VX,2011-09-02,354.70,352.50,14900,359.50,313.307,360.10
1015,SCMN.VX,2011-09-01,363.00,359.60,20900,361.90,320.638,365.30
1016,SCMN.VX,2011-08-31,360.20,357.00,23400,357.90,318.165,363.90
1017,SCMN.VX,2011-08-30,356.60,354.80,17000,357.50,314.985,357.90
1018,SCMN.VX,2011-08-26,350.90,344.10,25500,352.20,309.95,352.20
1019,SCMN.VX,2011-08-25,353.90,352.00,25700,357.90,312.60,359.10
1020,SCMN.VX,2011-08-24,355.90,352.00,35100,355.80,314.367,357.20
1021,SCMN.VX,2011-08-23,352.00,347.60,43000,347.90,310.922,356.60
1022,SCMN.VX,2011-08-22,345.40,338.10,28400,338.50,305.092,349.80
1023,SCMN.VX,2011-08-19,336.90,336.30,1700,338.50,297.584,338.90
1024,SCMN.VX,2011-08-18,345.30,341.60,79400,353.20,305.004,354.60
1025,SCMN.VX,2011-08-17,353.50,346.50,35300,353.20,312.247,354.60
1026,SCMN.VX,2011-08-16,355.10,352.20,27900,356.10,313.66,356.50
1027,SCMN.VX,2011-08-12,346.10,340.40,2000,340.60,305.71,346.50
1028,SCMN.VX,2011-08-11,335.70,335.00,600,335.70,296.524,336.50
1029,SCMN.VX,2011-08-10,359.30,358.90,900,359.40,317.37,360.40
1030,SCMN.VX,2011-08-09,343.60,343.40,800,343.70,303.502,345.30
1031,SCMN.VX,2011-08-08,361.20,360.70,1300,362.00,319.048,362.20
1032,SCMN.VX,2011-08-05,364.60,364.20,70100,376.80,322.051,378.00
1033,SCMN.VX,2011-08-04,378.00,376.80,400,376.80,333.888,378.00
1034,SCMN.VX,2011-08-03,374.90,370.40,59300,371.20,331.149,379.80
1035,SCMN.VX,2011-08-02,373.10,373.00,32100,377.60,329.559,377.60
1036,SCMN.VX,2011-07-29,380.40,376.70,27500,380.40,336.007,381.60
1037,SCMN.VX,2011-07-28,382.40,378.00,45500,378.10,337.774,382.50
