,Symbol,Date,Close,Low,Volume,Open,Adj_Close,High
0,BT-A.L,2016-07-27,402.10,396.60,13747500,399.80,392.50,402.10
1,BT-A.L,2016-07-26,399.70,389.00,36287900,390.00,390.157,407.30
2,BT-A.L,2016-07-25,387.50,383.10,18526700,384.25,378.249,393.75
3,BT-A.L,2016-07-22,384.00,383.50,17006900,386.75,374.832,389.36
4,BT-A.L,2016-07-21,387.05,377.45,23819900,389.40,377.809,389.40
5,BT-A.L,2016-07-20,389.40,386.75,15827600,395.00,380.103,395.45
6,BT-A.L,2016-07-19,392.55,388.701,16043800,391.50,383.178,395.15
7,BT-A.L,2016-07-18,395.00,395.00,25396400,398.20,385.57,403.00
8,BT-A.L,2016-07-15,400.00,395.20,13286100,396.35,390.45,401.15
9,BT-A.L,2016-07-14,398.50,397.80,18450600,406.25,388.986,407.20
10,BT-A.L,2016-07-13,402.65,362.363,20207500,407.00,393.037,407.85
11,BT-A.L,2016-07-12,406.80,396.56,18890700,398.15,397.088,408.747
12,BT-A.L,2016-07-11,397.55,388.998,17326700,399.30,388.059,399.923
13,BT-A.L,2016-07-08,396.95,393.20,12988700,395.80,387.473,401.40
14,BT-A.L,2016-07-07,393.00,389.786,11159000,391.15,383.617,397.15
15,BT-A.L,2016-07-06,387.55,387.15,26504400,398.95,378.297,402.00
16,BT-A.L,2016-07-05,402.00,397.90,16150900,399.15,392.402,405.25
17,BT-A.L,2016-07-04,402.50,400.90,19474700,411.95,392.89,411.95
18,BT-A.L,2016-07-01,409.60,406.35,18241900,412.75,399.821,414.55
19,BT-A.L,2016-06-30,410.00,401.10,26864700,408.65,400.211,410.394
20,BT-A.L,2016-06-29,411.55,398.00,36093200,408.00,401.724,411.55
21,BT-A.L,2016-06-28,391.45,382.45,29559600,385.05,382.104,395.40
22,BT-A.L,2016-06-27,375.85,359.60,55766500,380.00,366.877,381.367
23,BT-A.L,2016-06-24,383.85,375.00,70174400,375.00,374.686,408.40
24,BT-A.L,2016-06-23,439.70,430.90,22176000,433.95,429.202,440.224
25,BT-A.L,2016-06-22,430.65,424.00,18657300,429.15,420.368,434.40
26,BT-A.L,2016-06-21,426.25,421.102,16318500,424.30,416.073,429.50
27,BT-A.L,2016-06-20,429.10,416.00,27171900,416.00,418.855,431.40
28,BT-A.L,2016-06-17,407.15,403.00,24395600,403.00,397.429,413.00
29,BT-A.L,2016-06-16,402.00,395.292,14610200,396.95,392.402,403.95
30,BT-A.L,2016-06-15,400.40,399.50,23509300,400.55,390.841,405.60
31,BT-A.L,2016-06-14,396.60,396.60,25606800,407.80,387.131,408.90
32,BT-A.L,2016-06-13,410.95,410.95,18714200,417.85,401.139,419.35
33,BT-A.L,2016-06-10,422.55,418.85,17275900,424.50,412.462,424.95
34,BT-A.L,2016-06-09,425.25,421.80,14354900,423.40,415.097,429.15
35,BT-A.L,2016-06-08,422.10,421.05,18799700,425.60,412.023,427.90
36,BT-A.L,2016-06-07,426.85,426.25,13394700,433.00,416.659,434.40
37,BT-A.L,2016-06-06,430.00,428.65,11154400,431.80,419.734,434.05
38,BT-A.L,2016-06-03,431.85,426.70,11274000,434.10,421.54,436.10
39,BT-A.L,2016-06-02,433.50,430.35,15248000,431.80,423.15,434.95
40,BT-A.L,2016-06-01,431.15,430.55,17071400,443.70,420.856,444.15
41,BT-A.L,2016-05-31,442.80,442.40,18172900,451.60,432.228,453.62
42,BT-A.L,2016-05-30,451.90,451.90,000,451.90,441.111,451.90
43,BT-A.L,2016-05-27,451.90,447.65,10674800,449.40,441.111,452.10
44,BT-A.L,2016-05-26,448.60,444.35,9818000,444.40,437.89,449.80
45,BT-A.L,2016-05-25,447.20,444.65,16534900,450.00,436.523,451.706
46,BT-A.L,2016-05-24,448.50,437.05,21754800,437.75,437.792,449.70
47,BT-A.L,2016-05-23,439.85,439.85,14334300,441.95,429.349,444.80
48,BT-A.L,2016-05-20,443.00,434.00,18099700,435.20,432.424,443.00
49,BT-A.L,2016-05-19,432.90,432.55,16958000,438.20,422.565,439.35
50,BT-A.L,2016-05-18,439.15,437.406,25482700,440.35,428.665,443.30
51,BT-A.L,2016-05-17,442.25,438.00,22758900,438.30,431.691,445.20
52,BT-A.L,2016-05-16,437.85,430.50,19507400,437.35,427.396,439.00
53,BT-A.L,2016-05-13,440.15,434.85,12670200,437.80,429.642,440.40
54,BT-A.L,2016-05-12,437.50,433.50,14574700,435.00,427.055,444.20
55,BT-A.L,2016-05-11,436.90,435.50,15816300,440.40,426.469,441.30
56,BT-A.L,2016-05-10,441.25,438.05,15535700,442.30,430.715,445.874
57,BT-A.L,2016-05-09,440.85,439.15,16148800,445.90,430.325,449.05
58,BT-A.L,2016-05-06,443.50,433.25,16542300,450.00,432.912,450.00
59,BT-A.L,2016-05-05,451.05,449.582,27967000,451.00,440.281,456.20
60,BT-A.L,2016-05-04,439.50,439.00,15793100,448.60,429.007,448.60
61,BT-A.L,2016-05-03,448.20,444.00,20311400,447.00,437.499,450.60
62,BT-A.L,2016-04-29,443.20,433.40,23169200,435.00,432.619,446.85
63,BT-A.L,2016-04-28,434.25,429.211,11898300,436.15,423.882,436.15
64,BT-A.L,2016-04-27,437.80,429.20,19193300,430.75,427.348,438.75
65,BT-A.L,2016-04-26,429.10,426.65,15037700,430.65,418.855,432.40
66,BT-A.L,2016-04-25,429.45,427.109,15291900,435.00,419.197,437.75
67,BT-A.L,2016-04-22,435.00,433.50,14827100,433.50,424.615,439.00
68,BT-A.L,2016-04-21,434.75,432.60,15212100,439.20,424.371,439.20
69,BT-A.L,2016-04-20,438.25,436.573,21143800,446.80,427.787,448.00
70,BT-A.L,2016-04-19,451.10,451.069,15655200,454.40,440.33,457.25
71,BT-A.L,2016-04-18,454.90,439.283,19106300,440.75,444.039,456.25
72,BT-A.L,2016-04-15,444.00,442.15,13132900,447.00,433.40,447.724
73,BT-A.L,2016-04-14,446.45,442.90,13112400,446.00,435.791,447.55
74,BT-A.L,2016-04-13,444.60,441.20,13308600,449.00,433.985,449.084
75,BT-A.L,2016-04-12,444.35,437.95,12695100,440.15,433.741,444.35
76,BT-A.L,2016-04-11,441.15,435.518,11838700,437.05,430.618,443.15
77,BT-A.L,2016-04-08,437.45,436.45,11398600,441.15,427.006,441.95
78,BT-A.L,2016-04-07,440.05,437.85,12758100,443.60,429.544,447.10
79,BT-A.L,2016-04-06,442.15,433.85,14263500,436.45,431.594,442.15
80,BT-A.L,2016-04-05,435.35,433.60,12927500,436.15,424.956,437.40
81,BT-A.L,2016-04-04,438.65,432.00,13749300,436.00,428.177,443.60
82,BT-A.L,2016-04-01,438.60,434.80,19140600,435.75,428.129,439.128
83,BT-A.L,2016-03-31,440.50,438.75,17661700,446.00,429.983,446.00
84,BT-A.L,2016-03-30,446.10,442.35,18214800,445.00,435.45,447.50
85,BT-A.L,2016-03-29,439.45,434.22,15038400,435.20,428.958,439.90
86,BT-A.L,2016-03-28,432.95,432.95,000,432.95,422.613,432.95
87,BT-A.L,2016-03-24,432.95,432.95,16030000,440.10,422.613,441.55
88,BT-A.L,2016-03-23,442.40,440.80,12217900,444.55,431.838,447.80
89,BT-A.L,2016-03-22,444.60,439.90,17263900,446.50,433.985,446.775
90,BT-A.L,2016-03-21,449.25,443.05,12930500,446.30,438.524,451.65
91,BT-A.L,2016-03-18,447.00,446.50,26320400,448.75,436.328,453.95
92,BT-A.L,2016-03-17,446.50,443.50,21248300,455.00,435.84,455.70
93,BT-A.L,2016-03-16,452.10,446.25,21308900,454.40,441.306,455.40
94,BT-A.L,2016-03-15,454.15,453.50,20713600,459.80,443.307,462.80
95,BT-A.L,2016-03-14,462.00,459.00,13389600,461.30,450.97,464.95
96,BT-A.L,2016-03-11,459.05,451.086,12037800,457.20,448.09,459.154
97,BT-A.L,2016-03-10,451.60,451.60,15938400,461.60,440.818,462.075
98,BT-A.L,2016-03-09,459.80,459.40,18124900,465.50,448.822,467.50
99,BT-A.L,2016-03-08,463.45,459.45,13659900,462.70,452.385,466.10
100,BT-A.L,2016-03-07,465.70,459.922,14340700,468.90,454.582,468.90
101,BT-A.L,2016-03-04,470.00,468.30,19124200,477.15,458.779,480.00
102,BT-A.L,2016-03-03,475.25,471.90,12019000,482.05,463.904,484.10
103,BT-A.L,2016-03-02,481.80,480.70,18196500,492.70,470.297,494.975
104,BT-A.L,2016-03-01,496.00,484.15,16293600,487.50,484.158,496.85
105,BT-A.L,2016-02-29,486.50,481.25,18420700,481.25,474.885,487.75
106,BT-A.L,2016-02-26,485.05,481.01,18227400,484.70,473.47,491.30
107,BT-A.L,2016-02-25,479.80,468.30,28306100,470.00,468.345,483.35
108,BT-A.L,2016-02-24,458.45,452.45,17580100,459.85,447.505,463.75
109,BT-A.L,2016-02-23,459.85,458.915,12474400,465.15,448.871,465.90
110,BT-A.L,2016-02-22,467.45,463.10,12673300,463.30,456.29,471.15
111,BT-A.L,2016-02-19,457.85,455.70,11710200,463.85,446.919,467.65
112,BT-A.L,2016-02-18,464.35,460.298,14305500,462.05,453.264,469.95
113,BT-A.L,2016-02-17,461.50,453.75,15465900,455.70,450.482,462.55
114,BT-A.L,2016-02-16,456.00,452.90,13305300,456.80,445.113,461.05
115,BT-A.L,2016-02-15,455.45,452.35,13263800,456.70,444.576,460.15
116,BT-A.L,2016-02-12,448.25,442.30,25002800,448.55,437.548,451.65
117,BT-A.L,2016-02-11,450.45,448.60,14210800,461.30,439.696,462.35
118,BT-A.L,2016-02-10,464.45,455.50,13875700,463.60,453.361,467.80
119,BT-A.L,2016-02-09,459.95,452.55,21876300,456.70,448.969,467.05
120,BT-A.L,2016-02-08,454.80,453.40,23852800,475.00,443.942,476.549
121,BT-A.L,2016-02-05,475.90,475.60,16491300,487.25,464.538,490.40
122,BT-A.L,2016-02-04,485.50,483.10,16410500,491.75,473.909,494.80
123,BT-A.L,2016-02-03,486.00,480.75,19370400,493.75,474.397,495.50
124,BT-A.L,2016-02-02,496.00,489.05,23466400,495.00,484.158,502.30
125,BT-A.L,2016-02-01,494.20,488.706,27890400,497.00,482.401,501.10
126,BT-A.L,2016-01-29,484.85,470.70,22492200,470.70,473.274,484.85
127,BT-A.L,2016-01-28,466.20,463.20,12228300,475.70,455.07,478.65
128,BT-A.L,2016-01-27,478.30,458.292,15020600,469.50,466.881,478.30
129,BT-A.L,2016-01-26,468.30,456.072,20640600,460.00,457.119,470.75
130,BT-A.L,2016-01-25,471.00,467.00,21798400,488.20,459.755,488.20
131,BT-A.L,2016-01-22,487.25,471.40,21548500,474.65,475.617,487.90
132,BT-A.L,2016-01-21,465.65,449.923,21609200,453.95,454.533,465.95
133,BT-A.L,2016-01-20,452.00,449.35,16032100,460.15,441.209,461.00
134,BT-A.L,2016-01-19,467.75,462.00,13475900,466.75,456.583,469.055
135,BT-A.L,2016-01-18,459.40,458.40,10232800,461.35,448.432,466.15
136,BT-A.L,2016-01-15,463.30,458.80,18301300,469.05,452.239,475.71
137,BT-A.L,2016-01-14,467.00,459.95,13519500,470.00,455.851,470.00
138,BT-A.L,2016-01-13,476.15,473.95,10121500,477.80,464.782,479.45
139,BT-A.L,2016-01-12,473.40,460.00,13549200,463.15,462.098,479.00
140,BT-A.L,2016-01-11,463.00,463.00,13735500,465.65,451.946,467.633
141,BT-A.L,2016-01-08,465.65,461.60,12134100,464.25,454.533,471.95
142,BT-A.L,2016-01-07,462.25,454.80,16098600,460.00,451.214,465.25
143,BT-A.L,2016-01-06,467.35,459.573,12225300,463.80,456.192,467.35
144,BT-A.L,2016-01-05,464.45,459.65,8835100,463.15,453.361,466.90
145,BT-A.L,2016-01-04,459.90,457.432,11237600,467.25,448.92,468.00
146,BT-A.L,2015-12-31,471.70,468.00,3472200,468.65,460.438,473.85
147,BT-A.L,2015-12-30,470.50,467.50,6140100,471.50,459.267,472.95
148,BT-A.L,2015-12-29,472.15,467.95,8551600,479.45,460.878,481.55
149,BT-A.L,2015-12-28,467.05,467.05,000,467.05,455.899,467.05
150,BT-A.L,2015-12-25,467.05,467.05,000,467.05,455.899,467.05
151,BT-A.L,2015-12-24,467.05,464.10,1622500,465.85,455.899,471.15
152,BT-A.L,2015-12-23,472.90,462.75,9606600,464.50,457.315,473.90
153,BT-A.L,2015-12-22,459.50,454.85,11109100,458.25,444.356,462.25
154,BT-A.L,2015-12-21,455.05,455.05,11066400,458.20,440.053,461.25
155,BT-A.L,2015-12-18,458.30,458.30,25447900,469.45,443.196,469.45
156,BT-A.L,2015-12-17,470.70,470.55,13848200,476.05,455.187,476.90
157,BT-A.L,2015-12-16,468.20,463.90,15598900,468.00,452.77,473.80
158,BT-A.L,2015-12-15,469.50,458.75,16610100,458.75,454.027,471.00
159,BT-A.L,2015-12-14,456.85,456.196,13581600,462.40,441.794,466.70
160,BT-A.L,2015-12-11,460.55,460.55,10828100,468.75,445.372,470.20
161,BT-A.L,2015-12-10,469.15,464.23,19550000,465.20,453.688,471.272
162,BT-A.L,2015-12-09,467.20,467.20,12097100,474.90,451.803,477.55
163,BT-A.L,2015-12-08,472.70,469.90,10458000,481.10,457.121,481.40
164,BT-A.L,2015-12-07,480.50,479.80,8553300,481.55,464.664,487.00
165,BT-A.L,2015-12-04,479.35,473.65,12305600,477.95,463.552,480.35
166,BT-A.L,2015-12-03,479.10,479.10,14274200,491.60,463.31,496.65
167,BT-A.L,2015-12-02,492.05,489.70,14466200,494.10,475.834,498.25
168,BT-A.L,2015-12-01,492.25,488.30,18212700,498.30,476.027,501.60
169,BT-A.L,2015-11-30,496.45,496.00,17376700,499.50,480.089,502.60
170,BT-A.L,2015-11-27,499.80,495.35,8208300,497.20,483.328,500.30
171,BT-A.L,2015-11-26,497.50,488.73,8061100,490.45,481.104,497.85
172,BT-A.L,2015-11-25,489.35,484.40,10123200,486.35,473.223,490.95
173,BT-A.L,2015-11-24,485.20,482.80,13489200,489.15,469.209,490.70
174,BT-A.L,2015-11-23,490.70,485.00,10620900,488.45,474.528,491.95
175,BT-A.L,2015-11-20,491.20,490.00,14795700,493.40,475.012,495.00
176,BT-A.L,2015-11-19,491.10,487.00,14728700,490.60,474.915,491.80
177,BT-A.L,2015-11-18,487.25,484.80,14940600,491.55,471.192,491.55
178,BT-A.L,2015-11-17,492.90,483.55,18802000,484.90,476.656,493.00
179,BT-A.L,2015-11-16,479.50,469.20,13050400,470.95,463.697,479.60
180,BT-A.L,2015-11-13,475.15,473.023,14219900,478.65,459.491,481.65
181,BT-A.L,2015-11-12,481.65,472.00,25354900,475.80,465.776,487.80
182,BT-A.L,2015-11-11,475.45,464.25,16868700,466.40,459.781,476.90
183,BT-A.L,2015-11-10,465.50,461.30,13701000,462.05,450.159,469.15
184,BT-A.L,2015-11-09,460.50,460.02,9652600,464.70,445.323,466.55
185,BT-A.L,2015-11-06,465.55,462.65,7572700,467.25,450.207,469.35
186,BT-A.L,2015-11-05,466.40,462.85,11434700,467.60,451.029,470.569
187,BT-A.L,2015-11-04,465.55,462.85,14037300,462.85,450.207,469.30
188,BT-A.L,2015-11-03,461.80,460.40,8716000,463.50,446.581,466.25
189,BT-A.L,2015-11-02,463.60,460.00,11133300,462.60,448.321,465.60
190,BT-A.L,2015-10-30,465.00,463.45,15739300,470.60,449.675,473.04
191,BT-A.L,2015-10-29,469.60,464.00,21032700,476.10,454.123,476.10
192,BT-A.L,2015-10-28,468.65,461.00,22224100,461.00,453.205,473.613
193,BT-A.L,2015-10-27,452.00,450.55,14685100,451.80,437.104,454.00
194,BT-A.L,2015-10-26,451.85,446.588,10095800,448.45,436.958,453.85
195,BT-A.L,2015-10-23,450.20,444.10,14657500,446.00,435.363,458.30
196,BT-A.L,2015-10-22,443.60,434.35,13276100,434.35,428.98,444.40
197,BT-A.L,2015-10-21,434.50,433.40,9589700,438.75,420.18,439.60
198,BT-A.L,2015-10-20,437.20,429.113,13769400,429.30,422.791,437.225
199,BT-A.L,2015-10-19,428.15,425.55,5567700,429.30,414.04,432.45
200,BT-A.L,2015-10-16,430.10,427.05,8985700,429.20,415.925,430.65
201,BT-A.L,2015-10-15,426.55,419.65,11154700,419.65,412.492,426.85
202,BT-A.L,2015-10-14,417.20,417.20,17567800,429.50,403.45,429.90
203,BT-A.L,2015-10-13,431.75,427.05,11944300,433.90,417.521,436.00
204,BT-A.L,2015-10-12,435.35,432.40,11653300,437.05,421.002,437.225
205,BT-A.L,2015-10-09,434.00,432.65,12557200,435.30,419.697,436.65
206,BT-A.L,2015-10-08,432.35,420.975,14213900,427.50,418.101,432.60
207,BT-A.L,2015-10-07,428.25,427.35,13968800,435.40,414.136,436.10
208,BT-A.L,2015-10-06,432.60,425.40,11130100,432.15,418.343,435.10
209,BT-A.L,2015-10-05,430.30,425.25,13999000,427.00,416.119,432.85
210,BT-A.L,2015-10-02,420.55,412.35,16289900,423.10,406.69,426.75
211,BT-A.L,2015-10-01,420.25,418.25,18545100,425.00,406.40,430.35
212,BT-A.L,2015-09-30,419.60,418.30,23096800,420.10,405.771,423.30
213,BT-A.L,2015-09-29,413.25,409.70,14529900,412.70,399.631,416.50
214,BT-A.L,2015-09-28,416.45,415.65,13693300,419.20,402.725,421.15
215,BT-A.L,2015-09-25,420.50,412.60,13217400,413.00,406.642,423.30
216,BT-A.L,2015-09-24,408.05,406.45,15476600,412.10,394.602,415.00
217,BT-A.L,2015-09-23,412.15,404.063,13441600,405.45,398.567,414.55
218,BT-A.L,2015-09-22,404.00,404.00,14598800,414.50,390.685,416.35
219,BT-A.L,2015-09-21,413.50,409.60,19133900,413.35,399.872,416.75
220,BT-A.L,2015-09-18,415.00,406.35,24273200,418.70,401.323,422.20
221,BT-A.L,2015-09-17,419.00,419.00,14369300,426.45,405.191,428.00
222,BT-A.L,2015-09-16,426.40,422.70,19213400,422.70,412.347,430.00
223,BT-A.L,2015-09-15,421.55,418.55,12862100,424.35,407.657,425.10
224,BT-A.L,2015-09-14,423.50,421.85,11608400,424.00,409.543,428.863
225,BT-A.L,2015-09-11,422.65,414.90,15398700,428.70,408.721,430.85
226,BT-A.L,2015-09-10,432.10,431.05,9674600,434.85,417.859,437.90
227,BT-A.L,2015-09-09,436.85,435.60,10151200,438.20,422.453,441.40
228,BT-A.L,2015-09-08,432.05,425.99,19178400,427.60,417.811,436.80
229,BT-A.L,2015-09-07,425.85,424.30,15764400,426.10,411.815,428.55
230,BT-A.L,2015-09-04,422.45,421.65,8733400,427.60,408.527,427.95
231,BT-A.L,2015-09-03,432.00,429.20,11965900,429.35,417.763,433.90
232,BT-A.L,2015-09-02,426.95,416.35,16759300,423.00,412.879,430.793
233,BT-A.L,2015-09-01,421.15,419.75,16013900,432.40,407.27,433.70
234,BT-A.L,2015-08-31,437.35,437.35,000,437.35,422.936,437.35
235,BT-A.L,2015-08-28,437.35,430.85,15533500,432.85,422.936,437.35
236,BT-A.L,2015-08-27,433.65,432.15,18902500,435.70,419.358,439.15
237,BT-A.L,2015-08-26,427.15,422.85,22489100,428.30,413.072,435.55
238,BT-A.L,2015-08-25,431.55,416.55,31781000,419.10,417.327,432.632
239,BT-A.L,2015-08-24,414.20,407.05,33238800,426.35,400.549,433.697
240,BT-A.L,2015-08-21,435.70,435.70,15697000,440.60,421.341,446.45
241,BT-A.L,2015-08-20,446.10,442.75,11657500,444.15,431.398,447.60
242,BT-A.L,2015-08-19,447.15,446.95,12076400,452.95,432.413,453.50
243,BT-A.L,2015-08-18,454.45,453.153,8520500,455.40,439.473,457.70
244,BT-A.L,2015-08-17,455.45,451.946,7932700,458.50,440.44,458.50
245,BT-A.L,2015-08-14,456.20,452.113,11685800,455.65,441.165,465.25
246,BT-A.L,2015-08-13,454.35,453.15,12918400,454.55,439.376,462.80
247,BT-A.L,2015-08-12,461.40,457.90,18095100,461.00,437.974,466.95
248,BT-A.L,2015-08-11,465.40,464.05,14051800,470.60,441.771,470.75
249,BT-A.L,2015-08-10,471.60,463.20,12501100,471.00,447.656,471.65
250,BT-A.L,2015-08-07,465.30,464.90,9760400,470.00,441.676,471.10
251,BT-A.L,2015-08-06,470.30,463.95,16827100,466.00,446.422,472.00
252,BT-A.L,2015-08-05,467.55,465.50,14233900,469.75,443.812,470.15
253,BT-A.L,2015-08-04,469.50,465.70,11802000,470.30,445.663,471.20
254,BT-A.L,2015-08-03,469.20,464.45,11258000,464.50,445.378,472.10
255,BT-A.L,2015-07-31,464.45,462.15,17978200,467.80,440.869,470.25
256,BT-A.L,2015-07-30,467.95,456.85,24641600,456.85,444.191,470.00
257,BT-A.L,2015-07-29,473.50,466.20,33700000,466.50,449.46,473.80
258,BT-A.L,2015-07-28,465.60,463.00,13960500,464.15,441.961,465.70
259,BT-A.L,2015-07-27,461.80,461.45,18392300,463.50,438.354,471.95
260,BT-A.L,2015-07-24,462.30,461.95,9165100,463.00,438.828,467.50
261,BT-A.L,2015-07-23,463.80,461.00,16225200,471.65,440.252,475.00
262,BT-A.L,2015-07-22,469.50,468.05,14212800,472.20,445.663,474.40
263,BT-A.L,2015-07-21,476.50,475.00,9527700,478.70,452.307,481.75
264,BT-A.L,2015-07-20,479.15,475.25,9018500,476.85,454.823,480.168
265,BT-A.L,2015-07-17,477.90,471.20,16670100,473.20,453.636,477.90
266,BT-A.L,2015-07-16,472.30,464.90,13798200,470.95,448.32,473.068
267,BT-A.L,2015-07-15,469.45,461.65,15725300,464.05,445.615,470.05
268,BT-A.L,2015-07-14,463.10,457.85,9829600,461.55,439.588,463.10
269,BT-A.L,2015-07-13,460.15,457.618,11277000,462.00,436.787,462.60
270,BT-A.L,2015-07-10,455.15,451.15,10832800,457.00,432.041,457.00
271,BT-A.L,2015-07-09,450.40,437.85,12855000,439.80,427.532,466.00
272,BT-A.L,2015-07-08,440.30,438.00,13386600,440.00,417.945,448.75
273,BT-A.L,2015-07-07,438.30,438.30,10686900,448.75,416.047,448.75
274,BT-A.L,2015-07-06,446.80,443.20,12974900,446.75,424.115,451.95
275,BT-A.L,2015-07-03,453.80,453.15,8041600,454.85,430.76,456.90
276,BT-A.L,2015-07-02,456.25,452.95,11169500,455.80,433.085,456.85
277,BT-A.L,2015-07-01,456.25,452.40,13029000,453.25,433.085,458.20
278,BT-A.L,2015-06-30,450.20,450.20,20466900,457.75,427.343,459.30
279,BT-A.L,2015-06-29,459.70,447.90,18809200,451.00,436.36,464.40
280,BT-A.L,2015-06-26,464.15,459.15,12479200,460.20,440.584,465.45
281,BT-A.L,2015-06-25,461.20,460.40,14777300,461.80,437.784,466.403
282,BT-A.L,2015-06-24,463.40,463.40,15376200,467.05,439.872,468.75
283,BT-A.L,2015-06-23,468.10,463.75,15310800,467.35,444.334,470.50
284,BT-A.L,2015-06-22,465.00,457.66,21392900,460.00,441.391,465.20
285,BT-A.L,2015-06-19,454.25,450.10,19870800,451.25,431.187,456.70
286,BT-A.L,2015-06-18,451.10,448.25,23906900,449.90,428.197,452.05
287,BT-A.L,2015-06-17,450.80,444.80,19899600,446.50,427.912,452.40
288,BT-A.L,2015-06-16,445.25,442.25,24170700,451.45,422.644,451.65
289,BT-A.L,2015-06-15,452.55,449.45,26744300,450.85,429.573,455.05
290,BT-A.L,2015-06-12,453.50,446.49,20635400,448.00,430.475,454.60
291,BT-A.L,2015-06-11,446.85,445.00,15847100,445.40,424.163,451.018
292,BT-A.L,2015-06-10,447.10,439.00,20452300,441.00,424.40,448.55
293,BT-A.L,2015-06-09,440.70,437.70,20365100,439.80,418.325,445.00
294,BT-A.L,2015-06-08,438.80,438.80,17575600,446.00,416.521,447.80
295,BT-A.L,2015-06-05,439.40,437.75,16558900,441.85,417.091,447.45
296,BT-A.L,2015-06-04,442.50,440.75,17091100,446.25,420.033,447.95
297,BT-A.L,2015-06-03,447.45,441.50,16413900,443.80,424.732,450.15
298,BT-A.L,2015-06-02,443.55,436.30,16828900,445.80,421.03,446.35
299,BT-A.L,2015-06-01,443.55,442.10,19033200,447.40,421.03,450.85
300,BT-A.L,2015-05-29,446.70,445.10,26201900,448.10,424.02,452.65
301,BT-A.L,2015-05-28,449.75,448.50,16996800,455.00,426.915,457.75
302,BT-A.L,2015-05-27,459.00,451.725,14346400,452.20,435.696,460.45
303,BT-A.L,2015-05-26,452.05,449.55,15942100,452.70,429.099,459.60
304,BT-A.L,2015-05-25,451.05,451.05,000,451.05,428.149,451.05
305,BT-A.L,2015-05-22,451.05,451.05,19347600,456.50,428.149,457.30
306,BT-A.L,2015-05-21,459.15,458.15,12701700,461.40,435.838,464.70
307,BT-A.L,2015-05-20,462.15,457.60,16156100,466.00,438.686,466.00
308,BT-A.L,2015-05-19,466.45,460.263,11449400,462.00,442.767,467.05
309,BT-A.L,2015-05-18,461.35,459.65,13561600,463.50,437.926,467.50
310,BT-A.L,2015-05-15,463.00,460.266,14364300,465.00,439.493,466.25
311,BT-A.L,2015-05-14,465.00,464.25,17080000,467.30,441.391,468.563
312,BT-A.L,2015-05-13,467.95,464.30,11447100,467.00,444.191,469.613
313,BT-A.L,2015-05-12,464.70,461.15,20124600,468.00,441.106,468.85
314,BT-A.L,2015-05-11,470.00,466.45,19096100,469.05,446.137,471.20
315,BT-A.L,2015-05-08,469.65,462.00,25451500,468.80,445.805,472.85
316,BT-A.L,2015-05-07,453.10,447.50,23585000,458.90,430.095,461.313
317,BT-A.L,2015-05-06,454.30,448.00,20935300,448.00,431.234,457.30
318,BT-A.L,2015-05-05,449.20,449.20,14120900,467.70,426.393,467.70
319,BT-A.L,2015-05-04,459.80,459.80,000,459.80,436.455,459.80
320,BT-A.L,2015-05-01,459.80,449.10,11627500,452.95,436.455,461.35
321,BT-A.L,2015-04-30,455.75,453.10,18967800,460.00,432.611,461.25
322,BT-A.L,2015-04-29,457.50,457.397,19026700,467.05,434.272,472.00
323,BT-A.L,2015-04-28,465.45,460.30,14564800,463.70,441.818,465.45
324,BT-A.L,2015-04-27,464.35,460.888,12583700,467.75,440.774,468.85
325,BT-A.L,2015-04-24,467.60,465.70,15462700,467.25,443.859,470.50
326,BT-A.L,2015-04-23,463.90,457.033,14769500,461.00,440.347,465.95
327,BT-A.L,2015-04-22,460.55,457.033,19754000,459.00,437.167,466.00
328,BT-A.L,2015-04-21,456.85,454.65,18833500,455.60,433.655,461.95
329,BT-A.L,2015-04-20,453.00,450.95,10198000,452.20,430.00,456.35
330,BT-A.L,2015-04-17,450.00,448.05,15481800,454.60,427.153,456.60
331,BT-A.L,2015-04-16,452.00,441.46,20141200,459.15,429.051,459.30
332,BT-A.L,2015-04-15,455.10,452.738,13423600,455.70,431.994,458.45
333,BT-A.L,2015-04-14,456.00,453.75,11837700,453.75,432.848,459.95
334,BT-A.L,2015-04-13,456.00,451.85,10698500,454.55,432.848,457.35
335,BT-A.L,2015-04-10,454.65,449.425,13920300,455.05,431.567,456.55
336,BT-A.L,2015-04-09,453.70,446.05,15502500,447.50,430.665,455.15
337,BT-A.L,2015-04-08,444.30,443.50,18100900,448.70,421.742,448.70
338,BT-A.L,2015-04-07,447.60,442.65,17031800,445.00,424.875,447.65
339,BT-A.L,2015-04-06,442.90,442.90,000,442.90,420.413,442.90
340,BT-A.L,2015-04-03,442.90,442.90,000,442.90,420.413,442.90
341,BT-A.L,2015-04-02,442.90,439.65,15847800,442.95,420.413,446.00
342,BT-A.L,2015-04-01,441.40,436.40,20944100,438.00,418.989,443.30
343,BT-A.L,2015-03-31,438.00,437.05,26605400,448.10,415.762,448.90
344,BT-A.L,2015-03-30,448.25,448.25,22635600,459.20,425.491,460.40
345,BT-A.L,2015-03-27,454.00,454.00,22636900,463.50,430.95,465.20
346,BT-A.L,2015-03-26,462.35,457.475,27994400,467.30,438.876,469.00
347,BT-A.L,2015-03-25,470.55,465.30,17710100,466.70,446.659,471.45
348,BT-A.L,2015-03-24,465.50,463.55,18727400,465.00,441.866,468.90
349,BT-A.L,2015-03-23,465.40,449.075,17726000,467.45,441.771,468.80
350,BT-A.L,2015-03-20,465.40,461.50,55623800,465.00,441.771,466.40
351,BT-A.L,2015-03-19,463.20,454.50,16337500,460.80,439.682,464.30
352,BT-A.L,2015-03-18,458.60,451.10,14889600,455.30,435.316,458.60
353,BT-A.L,2015-03-17,453.40,446.40,19169100,453.60,430.38,455.00
354,BT-A.L,2015-03-16,451.60,448.50,12906800,453.80,428.671,455.50
355,BT-A.L,2015-03-13,451.80,448.60,13593700,449.50,428.861,453.80
356,BT-A.L,2015-03-12,448.80,438.70,26375800,442.00,426.014,449.60
357,BT-A.L,2015-03-11,446.50,443.60,14979000,444.00,423.83,448.40
358,BT-A.L,2015-03-10,443.00,443.00,13766300,453.20,420.508,456.60
359,BT-A.L,2015-03-09,454.00,452.625,13428400,455.90,430.95,458.20
360,BT-A.L,2015-03-06,459.20,458.80,12059600,461.50,435.886,464.80
361,BT-A.L,2015-03-05,461.60,457.00,21151800,457.00,438.164,464.143
362,BT-A.L,2015-03-04,459.00,453.30,9912600,454.80,435.696,459.00
363,BT-A.L,2015-03-03,452.70,452.70,14571600,456.80,429.716,459.80
364,BT-A.L,2015-03-02,456.10,443.25,17383400,457.00,432.943,457.60
365,BT-A.L,2015-02-27,455.70,443.25,21338300,452.10,432.563,456.60
366,BT-A.L,2015-02-26,451.60,440.10,20149400,442.80,428.671,451.70
367,BT-A.L,2015-02-25,443.80,442.20,17087200,446.20,421.267,447.24
368,BT-A.L,2015-02-24,447.00,441.00,16779600,442.00,424.305,447.20
369,BT-A.L,2015-02-23,442.80,440.50,12974000,443.50,420.318,445.00
370,BT-A.L,2015-02-20,441.20,437.00,19562900,439.00,418.799,442.00
371,BT-A.L,2015-02-19,436.90,433.47,21565700,435.00,414.718,439.00
372,BT-A.L,2015-02-18,435.40,434.40,15865000,442.20,413.294,443.60
373,BT-A.L,2015-02-17,442.00,436.80,13334000,438.00,419.559,443.00
374,BT-A.L,2015-02-16,438.00,434.975,16008100,438.60,415.762,441.20
375,BT-A.L,2015-02-13,439.10,437.60,33826900,443.30,416.806,443.40
376,BT-A.L,2015-02-12,450.00,449.20,44223000,458.70,427.153,465.152
377,BT-A.L,2015-02-11,460.00,455.00,35074800,455.00,436.645,460.90
378,BT-A.L,2015-02-10,443.80,434.30,15696400,436.10,421.267,443.80
379,BT-A.L,2015-02-09,436.60,433.60,21390900,439.90,414.433,441.80
380,BT-A.L,2015-02-06,443.00,435.761,17738900,439.00,420.508,444.90
381,BT-A.L,2015-02-05,442.00,426.639,35641300,430.00,419.559,446.20
382,BT-A.L,2015-02-04,423.00,418.40,13734000,421.90,401.523,425.108
383,BT-A.L,2015-02-03,421.20,412.49,12478700,413.80,399.815,422.90
384,BT-A.L,2015-02-02,413.10,409.40,13834700,419.00,392.126,423.90
385,BT-A.L,2015-01-30,417.90,415.35,22744700,432.50,396.682,432.60
386,BT-A.L,2015-01-29,429.10,421.20,14787800,425.00,407.314,430.30
387,BT-A.L,2015-01-28,426.90,419.85,9917600,424.80,405.225,426.985
388,BT-A.L,2015-01-27,422.10,420.80,11481700,427.10,400.669,428.00
389,BT-A.L,2015-01-26,426.00,422.78,13413000,428.90,404.371,435.90
390,BT-A.L,2015-01-23,431.10,423.20,21755000,423.60,409.212,432.30
391,BT-A.L,2015-01-22,421.20,406.61,13508600,422.40,399.815,423.80
392,BT-A.L,2015-01-21,421.30,415.50,26433100,415.50,399.91,424.90
393,BT-A.L,2015-01-20,414.40,411.20,13240300,411.90,393.36,416.30
394,BT-A.L,2015-01-19,411.80,408.50,11816700,408.50,390.892,417.30
395,BT-A.L,2015-01-16,409.10,399.833,21347800,401.80,388.329,410.20
396,BT-A.L,2015-01-15,400.20,391.50,21364200,403.00,379.881,405.90
397,BT-A.L,2015-01-14,401.40,394.90,21417600,398.00,381.02,407.20
398,BT-A.L,2015-01-13,399.80,394.987,10874900,396.90,379.501,400.90
399,BT-A.L,2015-01-12,397.90,393.25,7915300,393.30,377.698,399.55
400,BT-A.L,2015-01-09,392.50,390.50,11161400,399.40,372.572,400.30
401,BT-A.L,2015-01-08,399.30,392.328,19784000,396.00,379.027,401.40
402,BT-A.L,2015-01-07,393.40,386.60,17642200,388.80,373.426,396.65
403,BT-A.L,2015-01-06,385.90,385.60,14359000,391.70,366.307,393.80
404,BT-A.L,2015-01-05,392.40,391.90,14927800,399.50,372.477,402.343
405,BT-A.L,2015-01-02,401.00,398.40,6228500,403.60,380.64,404.30
406,BT-A.L,2015-01-01,401.50,401.50,000,401.50,381.115,401.50
407,BT-A.L,2014-12-31,401.50,400.05,2435600,404.10,381.115,405.50
408,BT-A.L,2014-12-30,402.40,399.925,7966700,403.60,381.969,410.00
409,BT-A.L,2014-12-29,405.50,404.90,8361300,413.20,384.912,413.90
410,BT-A.L,2014-12-26,416.70,416.70,000,416.70,391.841,416.70
411,BT-A.L,2014-12-25,416.70,416.70,000,416.70,391.841,416.70
412,BT-A.L,2014-12-24,416.70,412.60,2996400,414.00,391.841,416.70
413,BT-A.L,2014-12-23,414.10,408.10,8195800,412.60,389.396,414.10
414,BT-A.L,2014-12-22,411.00,406.50,19874900,406.70,386.481,412.20
415,BT-A.L,2014-12-19,404.80,400.10,30578600,404.90,380.651,407.60
416,BT-A.L,2014-12-18,400.80,395.00,26380600,406.20,376.89,407.80
417,BT-A.L,2014-12-17,401.80,398.45,15548600,402.40,377.83,405.10
418,BT-A.L,2014-12-16,405.40,394.00,28095300,397.60,381.215,406.70
419,BT-A.L,2014-12-15,398.00,391.40,24401600,393.30,374.257,408.25
420,BT-A.L,2014-12-12,397.40,396.60,18822100,408.10,373.693,410.50
421,BT-A.L,2014-12-11,411.10,409.80,26092800,410.50,386.575,415.673
422,BT-A.L,2014-12-10,410.10,408.00,14924400,410.60,385.635,412.80
423,BT-A.L,2014-12-09,408.50,408.50,14304100,416.50,384.131,416.50
424,BT-A.L,2014-12-08,416.50,415.525,9434300,419.30,391.653,419.80
425,BT-A.L,2014-12-05,420.00,413.60,17708200,415.20,394.944,420.245
426,BT-A.L,2014-12-04,411.50,406.00,24861700,408.30,386.952,412.70
427,BT-A.L,2014-12-03,408.30,407.862,16851300,418.50,383.942,418.80
428,BT-A.L,2014-12-02,417.90,410.40,19802500,410.40,392.97,417.90
429,BT-A.L,2014-12-01,411.80,409.20,18242300,410.00,387.234,416.10
430,BT-A.L,2014-11-28,410.20,403.40,33904200,407.00,385.729,413.60
431,BT-A.L,2014-11-27,405.30,401.50,12415400,404.50,381.121,406.00
432,BT-A.L,2014-11-26,404.40,395.90,25922200,396.10,380.275,408.231
433,BT-A.L,2014-11-25,395.80,394.25,43721400,395.10,372.188,401.70
434,BT-A.L,2014-11-24,394.10,379.70,36920900,383.00,370.59,395.60
435,BT-A.L,2014-11-21,380.00,376.26,16582300,376.80,357.331,380.515
436,BT-A.L,2014-11-20,375.60,372.182,14658500,380.30,353.193,381.70
437,BT-A.L,2014-11-19,381.00,379.115,13296600,381.00,358.271,382.628
438,BT-A.L,2014-11-18,381.20,376.065,13880500,377.10,358.459,381.50
439,BT-A.L,2014-11-17,375.80,370.90,15964700,372.60,353.381,377.00
440,BT-A.L,2014-11-14,374.20,367.50,18397200,369.00,351.877,374.20
441,BT-A.L,2014-11-13,368.90,365.30,16213800,369.00,346.893,370.40
442,BT-A.L,2014-11-12,367.10,365.10,12272100,368.80,345.20,369.60
443,BT-A.L,2014-11-11,368.90,367.30,23683000,375.10,346.893,375.10
444,BT-A.L,2014-11-10,375.10,370.345,12307200,373.00,352.723,375.80
445,BT-A.L,2014-11-07,373.50,372.70,16481200,373.20,351.218,378.50
446,BT-A.L,2014-11-06,371.40,367.733,15270300,370.10,349.244,374.80
447,BT-A.L,2014-11-05,371.30,363.10,24042300,366.00,349.15,371.30
448,BT-A.L,2014-11-04,362.20,361.40,30705900,366.00,340.593,369.30
449,BT-A.L,2014-11-03,367.30,365.90,15358100,367.90,345.388,369.80
450,BT-A.L,2014-10-31,367.50,362.40,22351200,370.00,345.576,370.30
451,BT-A.L,2014-10-30,367.90,361.30,27390400,379.00,345.953,379.30
452,BT-A.L,2014-10-29,375.50,374.40,11034600,377.70,353.099,379.40
453,BT-A.L,2014-10-28,375.40,370.70,11013600,370.70,353.005,376.60
454,BT-A.L,2014-10-27,369.30,367.10,9871700,373.70,347.269,374.00
455,BT-A.L,2014-10-24,370.00,363.60,26315500,372.50,347.927,372.50
456,BT-A.L,2014-10-23,376.60,369.60,13546400,372.60,354.134,377.35
457,BT-A.L,2014-10-22,373.10,368.20,12579900,370.00,350.842,373.40
458,BT-A.L,2014-10-21,369.80,360.40,20678000,361.80,347.739,370.50
459,BT-A.L,2014-10-20,363.20,359.65,15389500,362.00,341.533,363.98
460,BT-A.L,2014-10-17,362.70,360.50,19485700,362.60,341.063,365.90
461,BT-A.L,2014-10-16,361.50,351.90,28909000,360.50,339.934,365.00
462,BT-A.L,2014-10-15,360.10,359.20,15316100,371.10,338.618,371.10
463,BT-A.L,2014-10-14,369.50,365.70,13084700,366.50,347.457,371.10
464,BT-A.L,2014-10-13,368.40,365.48,11673600,367.00,346.423,368.80
465,BT-A.L,2014-10-10,369.50,365.40,19228200,365.40,347.457,373.40
466,BT-A.L,2014-10-09,369.00,367.468,14681300,377.10,346.987,377.10
467,BT-A.L,2014-10-08,372.40,368.536,12227600,370.00,350.184,374.20
468,BT-A.L,2014-10-07,370.90,370.50,9894500,375.20,348.774,375.40
469,BT-A.L,2014-10-06,376.00,374.70,10634000,376.30,353.569,379.852
470,BT-A.L,2014-10-03,376.80,372.874,10155100,374.70,354.322,377.70
471,BT-A.L,2014-10-02,373.80,373.80,12498500,379.70,351.501,380.20
472,BT-A.L,2014-10-01,379.50,377.63,11433000,379.40,356.861,381.248
473,BT-A.L,2014-09-30,379.60,378.50,14436900,383.30,356.955,384.00
474,BT-A.L,2014-09-29,382.00,381.20,10675600,384.00,359.211,385.20
475,BT-A.L,2014-09-26,383.60,379.952,7964700,383.30,360.716,385.80
476,BT-A.L,2014-09-25,383.20,382.426,12401300,388.50,360.34,390.40
477,BT-A.L,2014-09-24,388.40,384.60,12644100,388.00,365.23,388.60
478,BT-A.L,2014-09-23,387.60,386.10,11391200,392.80,364.477,393.40
479,BT-A.L,2014-09-22,391.70,390.20,14103800,398.40,368.333,399.80
480,BT-A.L,2014-09-19,397.80,397.20,67333300,402.00,374.069,404.60
481,BT-A.L,2014-09-18,395.50,386.604,19731800,388.50,371.906,396.00
482,BT-A.L,2014-09-17,388.40,386.10,13361100,388.60,365.23,389.70
483,BT-A.L,2014-09-16,386.60,382.426,10107200,387.00,363.537,387.00
484,BT-A.L,2014-09-15,387.30,386.30,9492000,387.90,364.195,389.10
485,BT-A.L,2014-09-12,389.40,388.00,10245100,388.80,366.17,390.72
486,BT-A.L,2014-09-11,387.80,386.00,13995800,392.10,364.665,392.10
487,BT-A.L,2014-09-10,390.10,384.40,14227900,388.60,366.828,390.90
488,BT-A.L,2014-09-09,387.40,385.50,15591600,385.50,364.289,388.40
489,BT-A.L,2014-09-08,387.30,383.50,21417400,384.70,364.195,387.70
490,BT-A.L,2014-09-05,388.50,385.80,9960200,390.40,365.324,391.20
491,BT-A.L,2014-09-04,390.00,386.621,13909100,387.10,366.734,391.40
492,BT-A.L,2014-09-03,387.40,384.80,10295100,384.80,364.289,389.60
493,BT-A.L,2014-09-02,385.30,381.20,27241200,385.60,362.315,386.50
494,BT-A.L,2014-09-01,385.60,384.50,8653700,387.20,362.597,388.296
495,BT-A.L,2014-08-29,387.00,385.70,15251800,389.00,363.913,389.00
496,BT-A.L,2014-08-28,388.00,382.10,15015200,382.20,364.853,388.70
497,BT-A.L,2014-08-27,382.80,380.50,10405700,381.80,359.964,382.90
498,BT-A.L,2014-08-26,382.30,380.30,10908700,382.30,359.494,384.30
499,BT-A.L,2014-08-25,379.90,379.90,000,379.90,357.237,379.90
500,BT-A.L,2014-08-22,379.90,377.30,10420300,380.30,357.237,383.10
501,BT-A.L,2014-08-21,379.60,375.125,9371100,376.00,356.955,380.00
502,BT-A.L,2014-08-20,375.60,374.70,9527100,375.30,353.193,377.20
503,BT-A.L,2014-08-19,376.00,373.21,8609000,373.50,353.569,377.10
504,BT-A.L,2014-08-18,372.10,372.10,11695200,373.20,349.902,376.00
505,BT-A.L,2014-08-15,371.30,369.00,15280700,369.80,349.15,380.50
506,BT-A.L,2014-08-14,367.90,365.90,8166600,367.80,345.953,374.50
507,BT-A.L,2014-08-13,368.60,366.70,11641500,369.00,346.611,377.50
508,BT-A.L,2014-08-12,374.70,364.693,9331100,373.90,345.294,375.613
509,BT-A.L,2014-08-11,374.40,370.708,7721100,373.40,345.018,375.80
510,BT-A.L,2014-08-08,371.40,370.70,13007800,376.00,342.253,376.80
511,BT-A.L,2014-08-07,379.10,376.60,7963800,378.20,349.349,380.10
512,BT-A.L,2014-08-06,378.70,375.70,11799800,377.00,348.98,381.30
513,BT-A.L,2014-08-05,378.40,375.80,14409200,378.80,348.704,378.90
514,BT-A.L,2014-08-04,377.60,377.60,12842100,382.90,347.967,383.20
515,BT-A.L,2014-08-01,381.80,378.70,14533800,389.30,351.837,389.30
516,BT-A.L,2014-07-31,388.50,387.70,23393700,390.60,358.011,397.20
517,BT-A.L,2014-07-30,387.90,385.60,20012500,387.50,357.458,392.20
518,BT-A.L,2014-07-29,387.00,381.424,6861000,384.80,356.629,388.30
519,BT-A.L,2014-07-28,383.00,379.70,8113700,382.90,352.943,384.40
520,BT-A.L,2014-07-25,383.00,382.00,10097800,387.00,352.943,389.60
521,BT-A.L,2014-07-24,387.90,385.20,7839800,390.00,357.458,390.00
522,BT-A.L,2014-07-23,389.20,388.60,6406900,389.00,358.656,391.80
523,BT-A.L,2014-07-22,389.10,382.40,14659500,384.30,358.564,390.10
524,BT-A.L,2014-07-21,382.40,380.30,8541200,384.80,352.39,385.70
525,BT-A.L,2014-07-18,383.50,377.30,11019300,379.60,353.404,383.80
526,BT-A.L,2014-07-17,382.80,380.30,11833300,386.10,352.759,386.20
527,BT-A.L,2014-07-16,387.10,386.60,11624000,387.40,356.721,391.90
528,BT-A.L,2014-07-15,386.30,383.754,7217100,384.70,355.984,389.60
529,BT-A.L,2014-07-14,386.10,384.50,7810900,386.80,355.80,387.70
530,BT-A.L,2014-07-11,384.50,381.20,8972800,381.50,354.325,387.364
531,BT-A.L,2014-07-10,381.50,379.892,13936900,380.50,351.561,385.40
532,BT-A.L,2014-07-09,380.60,374.732,8462100,379.70,350.731,381.10
533,BT-A.L,2014-07-08,379.80,379.60,9173100,386.60,349.994,387.00
534,BT-A.L,2014-07-07,386.50,385.50,7362400,388.10,356.168,391.90
535,BT-A.L,2014-07-04,388.00,387.982,7673300,389.50,357.551,393.40
536,BT-A.L,2014-07-03,388.90,388.50,7996200,391.00,358.38,393.80
537,BT-A.L,2014-07-02,390.80,388.10,12371600,391.00,360.131,393.50
538,BT-A.L,2014-07-01,392.30,384.50,11623800,386.00,361.513,394.586
539,BT-A.L,2014-06-30,384.90,384.40,10894900,389.40,354.694,390.00
540,BT-A.L,2014-06-27,389.00,386.60,16272700,388.00,358.472,393.355
541,BT-A.L,2014-06-26,386.00,382.80,12547500,383.30,355.708,386.90
542,BT-A.L,2014-06-25,381.20,378.70,11696600,383.00,351.284,383.90
543,BT-A.L,2014-06-24,383.50,379.90,9937000,386.00,353.404,386.00
544,BT-A.L,2014-06-23,384.90,382.60,6289700,388.00,354.694,389.20
545,BT-A.L,2014-06-20,387.80,387.80,41410900,391.70,357.366,392.271
546,BT-A.L,2014-06-19,392.50,389.50,23665000,389.50,361.697,395.00
547,BT-A.L,2014-06-18,385.00,383.80,12740600,385.00,354.786,386.40
548,BT-A.L,2014-06-17,382.70,376.30,22511100,382.00,352.667,383.90
549,BT-A.L,2014-06-16,384.90,383.03,23202500,388.00,354.694,389.90
550,BT-A.L,2014-06-13,394.30,393.60,13785000,396.00,363.356,397.60
551,BT-A.L,2014-06-12,397.30,393.323,9542900,395.40,366.121,398.50
552,BT-A.L,2014-06-11,393.90,392.90,11157600,396.80,362.988,400.00
553,BT-A.L,2014-06-10,396.50,391.70,23016900,405.20,365.384,408.30
554,BT-A.L,2014-06-09,406.10,403.10,6813500,404.70,374.23,408.30
555,BT-A.L,2014-06-06,405.20,398.50,8836200,398.50,373.401,405.90
556,BT-A.L,2014-06-05,398.40,395.70,10066400,397.70,367.134,405.20
557,BT-A.L,2014-06-04,397.70,394.40,9122500,396.60,366.489,398.70
558,BT-A.L,2014-06-03,397.80,393.10,9827000,399.70,366.581,400.837
559,BT-A.L,2014-06-02,399.60,397.60,10582600,398.50,368.24,401.90
560,BT-A.L,2014-05-30,397.00,395.609,11861600,396.20,365.844,399.50
561,BT-A.L,2014-05-29,397.00,396.114,7809700,398.30,365.844,399.326
562,BT-A.L,2014-05-28,398.40,392.956,16676600,393.90,367.134,398.764
563,BT-A.L,2014-05-27,392.00,388.60,13223400,390.80,361.237,395.10
564,BT-A.L,2014-05-26,385.545,385.545,000,385.545,355.288,385.545
565,BT-A.L,2014-05-23,385.545,382.00,12322200,384.20,355.288,388.00
566,BT-A.L,2014-05-22,383.00,380.30,12971500,383.20,352.943,383.80
567,BT-A.L,2014-05-21,382.10,376.60,14527500,379.80,352.114,382.90
568,BT-A.L,2014-05-20,379.30,371.90,17112700,372.50,349.533,380.80
569,BT-A.L,2014-05-19,371.10,364.70,14094600,366.40,341.977,372.30
570,BT-A.L,2014-05-16,366.40,361.30,19729100,361.80,337.646,368.064
571,BT-A.L,2014-05-15,362.80,361.80,20087800,375.00,334.328,375.10
572,BT-A.L,2014-05-14,373.60,372.00,13144300,375.00,344.281,376.265
573,BT-A.L,2014-05-13,374.90,371.90,18013500,375.80,345.479,376.25
574,BT-A.L,2014-05-12,374.30,373.464,23275600,382.60,344.926,384.202
575,BT-A.L,2014-05-09,382.50,381.70,15447100,389.00,352.482,390.00
576,BT-A.L,2014-05-08,387.60,385.50,19592600,389.50,357.182,393.50
577,BT-A.L,2014-05-07,376.80,374.00,12865700,378.90,347.23,380.60
578,BT-A.L,2014-05-06,378.00,375.70,9659900,378.50,348.335,381.40
579,BT-A.L,2014-05-05,377.50,377.50,000,377.50,347.875,377.50
580,BT-A.L,2014-05-02,377.50,375.90,14011500,378.70,347.875,382.30
581,BT-A.L,2014-05-01,377.10,368.90,15167500,370.00,347.506,451.00
582,BT-A.L,2014-04-30,368.50,366.00,13656900,372.50,339.581,372.70
583,BT-A.L,2014-04-29,374.00,370.40,10172800,372.20,344.649,374.40
584,BT-A.L,2014-04-28,371.20,370.30,14071400,373.00,342.069,374.676
585,BT-A.L,2014-04-25,372.70,369.20,8625300,371.00,343.451,374.70
586,BT-A.L,2014-04-24,372.10,367.60,10485600,373.60,342.898,375.10
587,BT-A.L,2014-04-23,372.00,369.80,11995300,372.30,342.806,374.40
588,BT-A.L,2014-04-22,371.30,368.892,13055300,370.00,342.161,373.00
589,BT-A.L,2014-04-21,369.50,369.50,000,369.50,340.502,369.50
590,BT-A.L,2014-04-18,369.50,369.50,000,369.50,340.502,369.50
591,BT-A.L,2014-04-17,369.50,362.00,19050200,362.00,340.502,369.70
592,BT-A.L,2014-04-16,362.00,358.90,11349400,361.00,333.591,363.20
593,BT-A.L,2014-04-15,358.00,350.80,17185700,354.70,329.905,362.20
594,BT-A.L,2014-04-14,356.20,350.30,30982100,356.20,328.246,357.628
595,BT-A.L,2014-04-11,358.00,354.614,17209000,357.50,329.905,362.20
596,BT-A.L,2014-04-10,359.90,358.60,22119700,367.50,331.656,370.485
597,BT-A.L,2014-04-09,363.50,355.211,19787500,357.90,334.973,367.50
598,BT-A.L,2014-04-08,361.90,358.70,32873600,374.50,333.499,375.10
599,BT-A.L,2014-04-07,375.00,374.20,11128500,378.70,345.571,381.30
600,BT-A.L,2014-04-04,381.30,380.30,13912700,382.80,351.376,384.40
601,BT-A.L,2014-04-03,381.60,381.20,12971500,383.50,351.653,384.60
602,BT-A.L,2014-04-02,383.30,380.75,13447100,380.80,353.219,385.60
603,BT-A.L,2014-04-01,379.90,378.40,13321500,382.20,350.086,382.978
604,BT-A.L,2014-03-31,379.50,375.30,22798500,376.00,349.718,382.50
605,BT-A.L,2014-03-28,374.10,373.00,17660400,381.50,344.741,382.80
606,BT-A.L,2014-03-27,379.90,375.20,17176300,376.80,350.086,383.40
607,BT-A.L,2014-03-26,378.30,376.11,22001800,384.00,348.612,385.50
608,BT-A.L,2014-03-25,384.00,382.30,12838300,383.20,353.865,391.00
609,BT-A.L,2014-03-24,383.10,381.30,16149300,387.40,353.035,389.823
610,BT-A.L,2014-03-21,387.10,385.56,32326400,391.90,356.721,392.523
611,BT-A.L,2014-03-20,391.50,389.20,15156800,393.60,360.776,394.767
612,BT-A.L,2014-03-19,396.00,391.10,15212500,393.10,364.923,397.301
613,BT-A.L,2014-03-18,393.30,390.10,12917600,393.40,362.435,393.82
614,BT-A.L,2014-03-17,394.10,388.60,12970200,389.10,363.172,394.30
615,BT-A.L,2014-03-14,389.00,383.80,24101700,395.90,358.472,396.32
616,BT-A.L,2014-03-13,397.90,397.40,17876300,404.00,366.674,404.00
617,BT-A.L,2014-03-12,402.30,397.10,17223900,399.70,370.728,404.40
618,BT-A.L,2014-03-11,400.50,396.10,18290800,397.50,369.07,402.40
619,BT-A.L,2014-03-10,397.10,396.10,14585800,401.20,365.936,403.00
620,BT-A.L,2014-03-07,401.30,401.30,16822700,406.90,369.807,410.30
621,BT-A.L,2014-03-06,403.90,400.60,12718600,404.00,372.203,405.40
622,BT-A.L,2014-03-05,402.60,401.50,19642600,406.40,371.005,408.90
623,BT-A.L,2014-03-04,406.40,404.70,17698800,404.70,374.507,408.30
624,BT-A.L,2014-03-03,402.30,402.30,20206900,407.40,370.728,411.20
625,BT-A.L,2014-02-28,409.80,408.90,17329400,411.90,377.64,413.50
626,BT-A.L,2014-02-27,411.30,405.70,13348000,411.80,379.022,412.048
627,BT-A.L,2014-02-26,411.90,409.70,11084100,415.10,379.575,415.90
628,BT-A.L,2014-02-25,415.10,412.60,25902900,415.20,382.524,416.30
629,BT-A.L,2014-02-24,413.90,411.20,20509600,412.60,381.418,415.20
630,BT-A.L,2014-02-21,413.30,412.20,23078300,417.90,380.865,421.20
631,BT-A.L,2014-02-20,415.30,407.70,17080500,410.40,382.708,415.90
632,BT-A.L,2014-02-19,413.00,409.20,20704100,417.50,380.589,418.00
633,BT-A.L,2014-02-18,418.10,402.70,54894400,404.80,385.288,419.00
634,BT-A.L,2014-02-17,404.30,396.30,17286100,396.50,372.571,405.10
635,BT-A.L,2014-02-14,396.50,395.90,12609100,396.00,365.384,398.20
636,BT-A.L,2014-02-13,397.20,391.70,15453900,396.70,366.029,397.20
637,BT-A.L,2014-02-12,396.20,392.933,11862500,396.20,365.107,397.70
638,BT-A.L,2014-02-11,395.50,392.444,16896000,392.60,364.462,395.80
639,BT-A.L,2014-02-10,392.00,390.20,7982100,393.10,361.237,393.29
640,BT-A.L,2014-02-07,392.00,389.00,12812300,390.80,361.237,392.90
641,BT-A.L,2014-02-06,388.80,385.50,18041600,386.00,358.288,390.60
642,BT-A.L,2014-02-05,384.50,382.70,17795600,385.70,354.325,387.10
643,BT-A.L,2014-02-04,384.60,379.70,23957600,383.30,354.417,386.20
644,BT-A.L,2014-02-03,384.80,382.145,21802000,382.30,354.602,398.60
645,BT-A.L,2014-01-31,383.30,375.00,28894600,384.90,353.219,386.30
646,BT-A.L,2014-01-30,370.90,367.80,14371700,369.20,341.793,372.20
647,BT-A.L,2014-01-29,369.90,368.30,18553100,379.00,340.871,380.056
648,BT-A.L,2014-01-28,377.20,377.00,19077200,378.10,347.598,381.40
649,BT-A.L,2014-01-27,376.60,374.60,17301900,380.00,347.045,382.40
650,BT-A.L,2014-01-24,380.20,378.247,13663200,385.10,350.363,385.90
651,BT-A.L,2014-01-23,383.40,382.40,12831200,384.10,353.312,385.80
652,BT-A.L,2014-01-22,384.10,382.00,10094800,382.00,353.957,384.70
653,BT-A.L,2014-01-21,381.50,379.10,11245000,379.50,351.561,383.029
654,BT-A.L,2014-01-20,379.50,378.70,7780400,383.40,349.718,383.80
655,BT-A.L,2014-01-17,383.40,380.80,20974800,380.80,353.312,385.322
656,BT-A.L,2014-01-16,380.80,380.10,10395000,385.30,350.916,386.722
657,BT-A.L,2014-01-15,386.00,383.90,12415000,384.90,355.708,387.40
658,BT-A.L,2014-01-14,384.80,378.00,13521300,379.00,354.602,387.70
659,BT-A.L,2014-01-13,384.70,383.20,7029000,383.70,354.51,388.50
660,BT-A.L,2014-01-10,383.30,382.10,20308400,384.60,353.219,385.50
661,BT-A.L,2014-01-09,384.00,378.50,10317500,379.00,353.865,387.00
662,BT-A.L,2014-01-08,379.10,378.80,10686200,383.30,349.349,384.336
663,BT-A.L,2014-01-07,384.00,383.20,11362300,385.20,353.865,387.50
664,BT-A.L,2014-01-06,385.30,379.36,7633200,381.00,355.062,386.30
665,BT-A.L,2014-01-03,381.80,377.80,6044700,380.60,351.837,383.50
666,BT-A.L,2014-01-02,380.10,376.90,11554100,380.20,350.271,383.30
667,BT-A.L,2014-01-01,379.40,379.40,000,379.40,349.625,379.40
668,BT-A.L,2013-12-31,379.40,377.30,2290900,377.40,349.625,383.20
669,BT-A.L,2013-12-30,377.30,375.10,6331900,380.20,347.69,382.294
670,BT-A.L,2013-12-27,380.60,377.30,5030800,380.30,350.731,382.60
671,BT-A.L,2013-12-26,378.40,378.40,000,378.40,348.704,378.40
672,BT-A.L,2013-12-25,378.40,378.40,000,378.40,348.704,378.40
673,BT-A.L,2013-12-24,378.40,375.70,1935700,376.80,348.704,382.80
674,BT-A.L,2013-12-23,376.50,373.00,6060600,374.80,346.953,378.80
675,BT-A.L,2013-12-20,376.80,371.60,19701100,375.50,343.748,378.60
676,BT-A.L,2013-12-19,375.10,374.50,9605300,376.30,342.197,378.464
677,BT-A.L,2013-12-18,373.20,373.20,10787900,376.00,340.464,378.60
678,BT-A.L,2013-12-17,374.10,370.10,9639600,370.50,341.285,374.80
679,BT-A.L,2013-12-16,372.00,365.308,11280900,367.00,339.369,372.90
680,BT-A.L,2013-12-13,366.90,366.20,10269400,368.70,334.717,369.50
681,BT-A.L,2013-12-12,368.70,366.40,8814700,371.90,336.359,372.00
682,BT-A.L,2013-12-11,372.60,367.80,11266600,368.10,339.917,373.90
683,BT-A.L,2013-12-10,368.60,365.70,9374000,369.20,336.267,372.304
684,BT-A.L,2013-12-09,371.20,367.90,8942700,371.40,338.639,372.90
685,BT-A.L,2013-12-06,370.60,364.90,13736400,366.80,338.092,372.20
686,BT-A.L,2013-12-05,364.60,362.90,12532900,367.20,332.618,367.30
687,BT-A.L,2013-12-04,367.20,364.60,9354000,366.50,334.99,368.50
688,BT-A.L,2013-12-03,366.90,364.20,12352900,366.00,334.717,367.533
689,BT-A.L,2013-12-02,367.20,367.10,10425700,373.10,334.99,373.41
690,BT-A.L,2013-11-29,372.70,372.50,8666700,373.10,340.008,376.928
691,BT-A.L,2013-11-28,374.00,373.30,7399200,374.20,341.194,376.90
692,BT-A.L,2013-11-27,373.90,370.30,12643400,372.00,341.103,375.40
693,BT-A.L,2013-11-26,372.20,370.711,15401600,373.90,339.552,374.70
694,BT-A.L,2013-11-25,374.50,373.615,10975800,375.90,341.65,378.10
695,BT-A.L,2013-11-22,376.10,375.80,10118300,380.10,343.11,380.50
696,BT-A.L,2013-11-21,379.60,374.192,8983600,375.90,346.303,381.00
697,BT-A.L,2013-11-20,376.10,371.70,14163200,378.40,343.11,379.50
698,BT-A.L,2013-11-19,379.80,378.00,7898600,381.00,346.485,381.695
699,BT-A.L,2013-11-18,382.00,375.206,10473300,378.80,348.492,382.40
700,BT-A.L,2013-11-15,379.80,375.90,13272400,379.10,346.485,383.02
701,BT-A.L,2013-11-14,379.00,375.60,11679400,377.00,345.755,380.10
702,BT-A.L,2013-11-13,374.90,373.10,12776400,377.00,342.015,378.80
703,BT-A.L,2013-11-12,377.10,373.40,13456700,375.70,344.022,377.772
704,BT-A.L,2013-11-11,374.10,362.70,28496600,369.20,341.285,375.60
705,BT-A.L,2013-11-08,372.10,367.70,8349600,369.00,339.46,373.30
706,BT-A.L,2013-11-07,371.10,369.70,11800300,374.30,338.548,375.90
707,BT-A.L,2013-11-06,374.50,373.60,11627200,377.80,341.65,379.10
708,BT-A.L,2013-11-05,376.30,372.054,11024100,379.40,343.292,379.90
709,BT-A.L,2013-11-04,377.20,375.70,9540400,388.00,344.113,388.00
710,BT-A.L,2013-11-01,378.60,376.60,10738100,379.70,345.39,381.60
711,BT-A.L,2013-10-31,377.00,364.10,26632700,370.60,343.931,382.10
712,BT-A.L,2013-10-30,369.50,367.90,10152200,370.30,337.089,372.665
713,BT-A.L,2013-10-29,369.40,360.60,11454500,360.60,336.997,369.437
714,BT-A.L,2013-10-28,361.70,360.00,9634100,361.30,329.973,363.90
715,BT-A.L,2013-10-25,359.10,358.10,18247600,361.90,327.601,363.00
716,BT-A.L,2013-10-24,362.70,360.20,11690700,362.80,330.885,364.60
717,BT-A.L,2013-10-23,362.50,360.00,15295500,360.00,330.703,363.60
718,BT-A.L,2013-10-22,367.20,364.23,7926800,366.50,334.99,369.10
719,BT-A.L,2013-10-21,367.40,364.20,7522500,366.00,335.173,367.60
720,BT-A.L,2013-10-18,365.10,362.33,15400500,366.00,333.075,366.60
721,BT-A.L,2013-10-17,364.10,356.20,11242300,357.00,332.162,364.40
722,BT-A.L,2013-10-16,359.00,354.60,11381200,357.80,327.51,361.142
723,BT-A.L,2013-10-15,354.40,351.30,11965300,355.80,323.313,358.20
724,BT-A.L,2013-10-14,353.50,346.70,9028900,346.90,322.492,355.10
725,BT-A.L,2013-10-11,348.10,347.00,6344300,349.50,317.566,349.70
726,BT-A.L,2013-10-10,348.30,341.40,8255600,343.70,317.748,348.80
727,BT-A.L,2013-10-09,342.70,339.10,11375700,340.00,312.639,344.60
728,BT-A.L,2013-10-08,340.60,340.20,14337200,346.40,310.724,347.40
729,BT-A.L,2013-10-07,347.00,345.00,7646600,349.10,316.562,349.811
730,BT-A.L,2013-10-04,350.90,345.60,8495700,347.20,320.12,351.90
731,BT-A.L,2013-10-03,347.70,346.50,20769600,347.00,317.201,349.40
732,BT-A.L,2013-10-02,347.00,344.20,8720700,345.90,316.562,347.90
733,BT-A.L,2013-10-01,347.50,342.75,11594100,342.90,317.018,348.30
734,BT-A.L,2013-09-30,342.40,341.70,14399600,342.50,312.366,345.50
735,BT-A.L,2013-09-27,346.40,343.00,10780900,343.00,316.015,347.60
736,BT-A.L,2013-09-26,343.10,341.10,7202600,342.90,313.004,343.60
737,BT-A.L,2013-09-25,342.50,340.10,7756600,343.00,312.457,344.20
738,BT-A.L,2013-09-24,342.50,341.00,8134800,343.00,312.457,344.10
739,BT-A.L,2013-09-23,342.60,340.80,7340300,344.50,312.548,347.80
740,BT-A.L,2013-09-20,342.50,339.30,15213700,339.50,312.457,345.20
741,BT-A.L,2013-09-19,341.30,340.70,8118100,345.00,311.362,347.30
742,BT-A.L,2013-09-18,342.80,340.80,10687400,344.40,312.731,346.10
743,BT-A.L,2013-09-17,344.40,344.297,9451000,346.00,314.19,348.60
744,BT-A.L,2013-09-16,346.70,344.20,10224300,348.80,316.289,349.00
745,BT-A.L,2013-09-13,345.40,345.40,8365600,347.60,315.103,350.679
746,BT-A.L,2013-09-12,348.20,345.20,6501500,347.30,317.657,349.70
747,BT-A.L,2013-09-11,346.50,345.508,7923500,350.00,316.106,350.00
748,BT-A.L,2013-09-10,348.90,344.50,8963400,345.10,318.296,349.00
749,BT-A.L,2013-09-09,343.00,340.789,6552200,342.50,312.913,343.40
750,BT-A.L,2013-09-06,342.90,340.10,11796300,341.20,312.822,350.00
751,BT-A.L,2013-09-05,342.50,339.00,8378200,340.20,312.457,343.924
752,BT-A.L,2013-09-04,340.40,334.20,8238700,339.70,310.541,341.50
753,BT-A.L,2013-09-03,337.90,337.10,15720800,339.80,308.26,346.60
754,BT-A.L,2013-09-02,338.20,329.80,14538500,330.20,308.534,340.258
755,BT-A.L,2013-08-30,325.30,325.30,14895100,331.50,296.766,333.20
756,BT-A.L,2013-08-29,330.80,324.00,12310700,324.30,301.783,331.80
757,BT-A.L,2013-08-28,323.00,321.80,11193300,324.10,294.667,325.50
758,BT-A.L,2013-08-27,326.20,325.20,11527800,330.70,297.587,332.438
759,BT-A.L,2013-08-26,332.30,332.30,000,332.30,303.152,332.30
760,BT-A.L,2013-08-23,332.30,329.30,6531400,330.20,303.152,334.20
761,BT-A.L,2013-08-22,330.50,327.00,8994300,327.00,301.51,331.00
762,BT-A.L,2013-08-21,327.40,326.80,16266400,328.30,298.681,331.80
763,BT-A.L,2013-08-20,328.20,320.00,12151600,320.00,299.411,329.30
764,BT-A.L,2013-08-19,322.20,321.70,7117700,325.90,293.938,327.30
765,BT-A.L,2013-08-16,325.80,323.60,11489000,324.90,297.222,327.70
766,BT-A.L,2013-08-15,325.60,324.40,14725900,326.10,297.039,331.70
767,BT-A.L,2013-08-14,326.20,326.00,32598400,330.70,297.587,627.27
768,BT-A.L,2013-08-13,331.30,328.30,8922700,329.00,302.239,332.90
769,BT-A.L,2013-08-12,329.00,325.50,8664500,330.00,300.141,330.00
770,BT-A.L,2013-08-09,330.50,325.669,8972400,328.20,301.51,333.20
771,BT-A.L,2013-08-08,326.50,325.021,10677800,329.30,297.86,333.80
772,BT-A.L,2013-08-07,328.50,328.30,11432200,331.00,299.685,338.80
773,BT-A.L,2013-08-06,338.60,334.389,15319200,338.90,302.31,340.771
774,BT-A.L,2013-08-05,338.90,336.50,11814700,340.10,302.578,342.70
775,BT-A.L,2013-08-02,339.60,338.60,10689800,345.00,303.203,345.60
776,BT-A.L,2013-08-01,342.70,340.40,13457600,342.40,305.971,346.40
777,BT-A.L,2013-07-31,340.70,339.60,10348900,341.10,304.185,344.00
778,BT-A.L,2013-07-30,342.10,338.895,8721700,338.90,305.435,344.10
779,BT-A.L,2013-07-29,336.60,336.20,8866200,338.40,300.525,340.692
780,BT-A.L,2013-07-26,336.80,334.70,8434300,336.30,300.703,338.20
781,BT-A.L,2013-07-25,334.40,331.10,15835300,343.60,298.56,345.245
782,BT-A.L,2013-07-24,342.00,337.20,10242300,338.90,305.346,344.60
783,BT-A.L,2013-07-23,339.90,339.90,21768000,345.70,303.471,348.70
784,BT-A.L,2013-07-22,343.20,336.80,10722200,338.00,306.417,344.30
785,BT-A.L,2013-07-19,338.10,331.60,19353900,331.90,301.864,338.465
786,BT-A.L,2013-07-18,332.10,331.40,27241000,333.00,296.507,335.20
787,BT-A.L,2013-07-17,334.00,333.60,16504800,338.50,298.203,339.91
788,BT-A.L,2013-07-16,338.40,337.10,12106200,344.00,302.132,345.00
789,BT-A.L,2013-07-15,344.00,341.50,12148400,341.70,307.132,347.10
790,BT-A.L,2013-07-12,339.20,337.70,12160700,339.80,302.846,341.20
791,BT-A.L,2013-07-11,337.40,333.30,11735800,338.00,301.239,340.90
792,BT-A.L,2013-07-10,335.70,330.40,10731800,334.20,299.721,336.257
793,BT-A.L,2013-07-09,334.00,330.80,10796800,336.60,298.203,336.60
794,BT-A.L,2013-07-08,335.20,329.90,11388300,331.60,299.275,335.57
795,BT-A.L,2013-07-05,329.30,327.10,18600600,330.40,294.007,333.20
796,BT-A.L,2013-07-04,329.10,319.004,14114400,320.00,293.828,330.50
797,BT-A.L,2013-07-03,317.80,312.80,14071400,314.10,283.74,317.90
798,BT-A.L,2013-07-02,316.20,312.90,9587000,315.00,282.311,317.544
799,BT-A.L,2013-07-01,317.50,311.10,13065300,313.20,283.472,317.70
800,BT-A.L,2013-06-28,309.20,308.20,17076800,310.40,276.061,311.90
801,BT-A.L,2013-06-27,309.00,305.00,13364300,305.50,275.883,311.571
802,BT-A.L,2013-06-26,305.40,304.40,11364900,305.40,272.669,309.00
803,BT-A.L,2013-06-25,304.90,300.20,12286000,303.90,272.222,307.00
804,BT-A.L,2013-06-24,300.20,299.00,19267200,306.60,268.026,308.50
805,BT-A.L,2013-06-21,307.40,305.20,30641600,307.10,274.454,314.10
806,BT-A.L,2013-06-20,304.40,302.50,17999100,309.90,271.776,312.00
807,BT-A.L,2013-06-19,313.70,306.50,31107000,319.00,280.079,321.82
808,BT-A.L,2013-06-18,319.30,310.15,12988500,311.30,285.079,322.90
809,BT-A.L,2013-06-17,312.00,310.80,11765300,313.10,278.561,315.10
810,BT-A.L,2013-06-14,312.40,306.40,14700500,310.20,278.918,312.50
811,BT-A.L,2013-06-13,307.70,304.30,15225700,305.30,274.722,309.30
812,BT-A.L,2013-06-12,309.30,305.00,12808600,305.50,276.151,313.80
813,BT-A.L,2013-06-11,305.00,300.90,10933700,306.50,272.311,309.028
814,BT-A.L,2013-06-10,308.00,306.90,13465800,311.20,274.99,315.11
815,BT-A.L,2013-06-07,312.80,304.00,24928700,304.70,279.275,315.20
816,BT-A.L,2013-06-06,301.70,295.60,16071000,295.60,269.365,304.70
817,BT-A.L,2013-06-05,294.10,293.832,12165400,294.90,262.58,298.70
818,BT-A.L,2013-06-04,296.40,295.433,42489800,297.60,264.633,301.741
819,BT-A.L,2013-06-03,294.30,293.00,18476900,300.00,262.758,300.60
820,BT-A.L,2013-05-31,302.10,300.478,20590600,302.30,269.722,307.80
821,BT-A.L,2013-05-30,303.40,300.80,10118000,304.10,270.883,304.545
822,BT-A.L,2013-05-29,305.40,304.80,11179600,310.90,272.669,311.10
823,BT-A.L,2013-05-28,312.60,309.00,13233700,309.00,279.097,314.10
824,BT-A.L,2013-05-27,307.70,307.70,000,307.70,274.722,307.70
825,BT-A.L,2013-05-24,307.70,304.20,17017800,308.20,274.722,313.10
826,BT-A.L,2013-05-23,314.10,312.60,12761600,315.20,280.436,319.10
827,BT-A.L,2013-05-22,321.50,320.30,14634800,321.90,287.043,324.00
828,BT-A.L,2013-05-21,322.30,319.70,11667200,322.20,287.757,323.50
829,BT-A.L,2013-05-20,322.20,314.127,9030200,315.60,287.668,322.931
830,BT-A.L,2013-05-17,314.00,312.907,13825600,315.40,280.347,316.50
831,BT-A.L,2013-05-16,316.30,313.096,18409100,314.50,282.40,322.129
832,BT-A.L,2013-05-15,312.60,309.30,14354700,311.40,279.097,312.913
833,BT-A.L,2013-05-14,311.50,304.90,12555400,306.20,278.115,311.50
834,BT-A.L,2013-05-13,305.80,303.536,20876800,309.60,273.026,310.80
835,BT-A.L,2013-05-10,309.50,295.00,59773500,296.00,276.329,312.20
836,BT-A.L,2013-05-09,275.70,272.30,24659100,280.70,246.152,282.10
837,BT-A.L,2013-05-08,282.30,281.40,15575200,282.90,252.044,284.50
838,BT-A.L,2013-05-07,281.90,275.10,16230300,282.50,251.687,283.40
839,BT-A.L,2013-05-06,275.00,275.00,000,275.00,245.527,275.00
840,BT-A.L,2013-05-03,275.00,274.30,14361800,278.90,245.527,279.30
841,BT-A.L,2013-05-02,279.10,278.80,13112300,280.30,249.187,283.20
842,BT-A.L,2013-05-01,285.70,275.80,15328200,275.80,255.08,286.633
843,BT-A.L,2013-04-30,276.20,276.117,20002000,280.70,246.598,283.341
844,BT-A.L,2013-04-29,280.90,280.10,21327900,286.10,250.794,287.60
845,BT-A.L,2013-04-26,285.80,284.30,9157800,287.40,255.169,287.90
846,BT-A.L,2013-04-25,288.70,282.70,13570900,284.90,257.758,290.70
847,BT-A.L,2013-04-24,284.30,282.00,10350800,283.10,253.83,284.90
848,BT-A.L,2013-04-23,283.70,275.30,13440400,275.40,253.294,284.50
849,BT-A.L,2013-04-22,276.60,275.90,8453600,278.30,246.955,280.00
850,BT-A.L,2013-04-19,277.60,274.90,12104800,278.00,247.848,279.00
851,BT-A.L,2013-04-18,276.00,273.10,13135400,276.30,246.42,277.10
852,BT-A.L,2013-04-17,274.80,273.90,11391100,276.80,245.348,277.80
853,BT-A.L,2013-04-16,274.40,272.80,9769900,275.70,244.991,277.70
854,BT-A.L,2013-04-15,277.60,274.00,11323000,276.50,247.848,277.985
855,BT-A.L,2013-04-12,278.20,276.30,7913500,278.70,248.384,279.20
856,BT-A.L,2013-04-11,279.50,276.167,10537400,277.10,249.544,280.50
857,BT-A.L,2013-04-10,277.00,268.40,14114600,268.50,247.312,278.00
858,BT-A.L,2013-04-09,268.10,266.254,10110300,266.70,239.366,268.828
859,BT-A.L,2013-04-08,265.70,264.70,9828300,267.00,237.223,268.40
860,BT-A.L,2013-04-05,265.80,261.40,14802700,270.00,237.313,270.574
861,BT-A.L,2013-04-04,273.60,272.56,10936100,278.30,244.277,279.341
862,BT-A.L,2013-04-03,278.50,277.90,12959200,280.70,248.652,281.70
863,BT-A.L,2013-04-02,281.70,276.40,12976200,277.40,251.509,283.20
864,BT-A.L,2013-04-01,278.00,278.00,000,278.00,248.205,278.00
865,BT-A.L,2013-03-29,278.00,278.00,000,278.00,248.205,278.00
866,BT-A.L,2013-03-28,278.00,274.60,12636800,275.00,248.205,280.80
867,BT-A.L,2013-03-27,274.50,270.80,14779000,279.50,245.08,279.50
868,BT-A.L,2013-03-26,277.60,276.258,14469600,281.30,247.848,281.50
869,BT-A.L,2013-03-25,280.80,277.80,17171100,279.40,250.705,281.40
870,BT-A.L,2013-03-22,276.70,266.30,17472800,266.30,247.044,277.70
871,BT-A.L,2013-03-21,266.30,265.20,13725800,271.80,237.759,271.80
872,BT-A.L,2013-03-20,272.70,270.98,11601900,271.10,243.473,274.559
873,BT-A.L,2013-03-19,269.90,268.80,9778900,270.30,240.973,273.60
874,BT-A.L,2013-03-18,270.80,266.418,11533700,266.90,241.777,272.00
875,BT-A.L,2013-03-15,272.30,272.20,27083000,277.00,243.116,277.80
876,BT-A.L,2013-03-14,277.40,265.48,26571400,265.70,247.669,278.06
877,BT-A.L,2013-03-13,265.80,264.10,12950700,269.00,237.313,269.00
878,BT-A.L,2013-03-12,269.50,269.50,11119300,270.50,240.616,271.128
879,BT-A.L,2013-03-11,270.50,266.10,13219800,267.00,241.509,271.80
880,BT-A.L,2013-03-08,267.00,264.80,16933500,265.40,238.384,269.07
881,BT-A.L,2013-03-07,264.00,263.40,16577900,266.10,235.706,267.00
882,BT-A.L,2013-03-06,266.40,265.90,14125900,268.90,237.848,269.54
883,BT-A.L,2013-03-05,268.50,265.70,13756200,266.20,239.723,268.90
884,BT-A.L,2013-03-04,265.40,264.80,13740500,267.00,236.956,268.70
885,BT-A.L,2013-03-01,268.50,264.80,11484500,267.10,239.723,269.50
886,BT-A.L,2013-02-28,267.70,266.80,20244100,271.30,239.009,271.625
887,BT-A.L,2013-02-27,270.00,267.50,13950500,268.00,241.063,270.70
888,BT-A.L,2013-02-26,266.50,265.30,31741300,266.80,237.938,272.90
889,BT-A.L,2013-02-25,271.70,270.60,14694400,278.00,242.58,278.784
890,BT-A.L,2013-02-22,277.10,274.30,9703700,274.30,247.402,279.60
891,BT-A.L,2013-02-21,274.00,273.10,11672200,280.00,244.634,280.00
892,BT-A.L,2013-02-20,281.00,276.42,11916100,277.00,250.884,282.84
893,BT-A.L,2013-02-19,276.90,272.62,13426300,273.40,247.223,278.60
894,BT-A.L,2013-02-18,274.20,273.425,8695000,275.20,244.812,276.30
895,BT-A.L,2013-02-15,275.30,272.30,10639900,273.30,245.795,276.20
896,BT-A.L,2013-02-14,273.70,272.318,10220600,274.20,244.366,275.70
897,BT-A.L,2013-02-13,275.90,270.10,14113300,271.80,246.33,277.812
898,BT-A.L,2013-02-12,271.50,266.00,14252200,266.40,242.402,271.50
899,BT-A.L,2013-02-11,267.10,264.93,12540700,266.80,238.473,267.60
900,BT-A.L,2013-02-08,266.70,264.50,13605200,268.00,238.116,269.40
901,BT-A.L,2013-02-07,267.00,265.60,17138600,272.50,238.384,274.90
902,BT-A.L,2013-02-06,272.70,268.70,20326300,270.20,243.473,274.60
903,BT-A.L,2013-02-05,268.90,263.00,18234700,263.00,240.08,270.20
904,BT-A.L,2013-02-04,263.00,247.876,22509100,265.80,234.813,266.50
905,BT-A.L,2013-02-01,264.80,255.80,34420800,257.20,236.42,267.72
906,BT-A.L,2013-01-31,248.60,246.70,15687700,250.60,221.956,251.10
907,BT-A.L,2013-01-30,250.00,245.00,18907100,246.70,223.206,250.876
908,BT-A.L,2013-01-29,246.20,244.00,22713300,245.00,219.813,246.60
909,BT-A.L,2013-01-28,252.10,251.025,10213100,254.10,225.081,254.40
910,BT-A.L,2013-01-25,253.10,248.60,12740400,249.00,225.974,253.10
911,BT-A.L,2013-01-24,249.20,248.00,12649600,250.00,222.492,250.30
912,BT-A.L,2013-01-23,250.70,249.30,19118500,251.20,223.831,253.30
913,BT-A.L,2013-01-22,249.70,245.00,18246300,250.00,222.938,251.50
914,BT-A.L,2013-01-21,248.70,246.50,10661800,247.00,222.045,249.15
915,BT-A.L,2013-01-18,246.00,244.50,15761400,245.00,219.635,246.50
916,BT-A.L,2013-01-17,244.80,242.00,13078000,242.70,218.563,248.301
917,BT-A.L,2013-01-16,241.20,239.70,14777100,240.30,215.349,241.40
918,BT-A.L,2013-01-15,240.30,238.10,16594600,241.50,214.546,241.60
919,BT-A.L,2013-01-14,243.30,243.10,12919700,246.90,217.224,248.088
920,BT-A.L,2013-01-11,246.00,244.30,12025500,246.30,219.635,247.70
921,BT-A.L,2013-01-10,246.30,245.464,9833600,246.80,219.903,247.96
922,BT-A.L,2013-01-09,247.10,245.30,20305300,246.10,220.617,248.22
923,BT-A.L,2013-01-08,245.10,242.60,16824500,243.00,218.831,246.90
924,BT-A.L,2013-01-07,243.00,240.40,13788400,242.60,216.956,243.10
925,BT-A.L,2013-01-04,242.80,236.30,13177200,237.30,216.778,242.80
926,BT-A.L,2013-01-03,238.30,235.90,8156600,237.80,212.76,238.40
927,BT-A.L,2013-01-02,237.20,233.30,11390600,233.40,211.778,238.60
928,BT-A.L,2013-01-01,231.10,231.10,000,231.10,206.332,231.10
929,BT-A.L,2012-12-31,231.10,230.823,3135300,233.40,206.332,234.185
930,BT-A.L,2012-12-28,234.00,232.215,8234400,237.40,208.921,238.60
931,BT-A.L,2012-12-27,237.60,236.999,7270000,238.10,212.135,241.30
932,BT-A.L,2012-12-26,237.20,237.20,000,237.20,211.778,237.20
933,BT-A.L,2012-12-25,237.20,237.20,000,237.20,211.778,237.20
934,BT-A.L,2012-12-24,237.20,235.30,9792700,239.00,211.778,240.30
935,BT-A.L,2012-12-21,239.80,238.90,23647300,241.00,211.123,241.80
936,BT-A.L,2012-12-20,242.40,239.20,14305700,240.00,213.412,242.81
937,BT-A.L,2012-12-19,241.10,237.05,14350800,238.60,212.268,241.31
938,BT-A.L,2012-12-18,238.40,236.80,12903300,237.30,209.891,238.70
939,BT-A.L,2012-12-17,236.70,233.90,12158800,237.20,208.394,237.60
940,BT-A.L,2012-12-14,237.60,235.772,12444000,237.70,209.186,238.60
941,BT-A.L,2012-12-13,237.40,234.20,12953400,234.80,209.01,237.40
942,BT-A.L,2012-12-12,234.90,233.80,41418700,236.00,206.809,237.50
943,BT-A.L,2012-12-11,236.70,234.90,12743600,235.40,208.394,239.00
944,BT-A.L,2012-12-10,235.90,233.00,10403300,235.20,207.69,235.90
945,BT-A.L,2012-12-07,235.10,233.80,14960300,235.70,206.985,236.50
946,BT-A.L,2012-12-06,236.30,233.50,12053200,234.80,208.042,236.50
947,BT-A.L,2012-12-05,234.40,231.40,14570700,232.40,206.369,235.10
948,BT-A.L,2012-12-04,232.10,230.50,7742800,232.10,204.344,233.30
949,BT-A.L,2012-12-03,232.40,231.80,10665200,234.00,204.608,234.50
950,BT-A.L,2012-11-30,233.50,230.70,20390600,233.40,205.577,234.084
951,BT-A.L,2012-11-29,233.50,227.20,14383900,227.90,205.577,234.40
952,BT-A.L,2012-11-28,226.70,224.20,11240000,225.20,199.59,227.20
953,BT-A.L,2012-11-27,226.30,224.60,9567400,227.00,199.238,228.60
954,BT-A.L,2012-11-26,226.90,224.70,11469100,225.20,199.766,228.20
955,BT-A.L,2012-11-23,226.70,223.00,5684800,224.40,199.59,226.709
956,BT-A.L,2012-11-22,225.00,221.90,17914000,223.80,198.093,225.00
957,BT-A.L,2012-11-21,224.00,222.70,8038700,223.00,197.213,225.60
958,BT-A.L,2012-11-20,223.80,221.00,7456300,222.80,197.037,224.80
959,BT-A.L,2012-11-19,223.90,219.40,14052500,220.80,197.125,223.90
960,BT-A.L,2012-11-16,219.00,218.80,14898200,224.90,192.811,225.30
961,BT-A.L,2012-11-15,225.20,222.90,14334100,223.70,198.269,226.40
962,BT-A.L,2012-11-14,225.00,224.40,14693100,227.90,198.093,228.00
963,BT-A.L,2012-11-13,227.90,222.70,12459000,224.00,200.646,228.20
964,BT-A.L,2012-11-12,224.90,224.23,13030100,224.70,198.005,226.52
965,BT-A.L,2012-11-09,224.30,221.90,25244200,224.20,197.477,225.90
966,BT-A.L,2012-11-08,224.60,224.20,13454700,225.60,197.741,227.90
967,BT-A.L,2012-11-07,223.80,223.50,18247100,230.70,197.037,231.60
968,BT-A.L,2012-11-06,229.80,226.10,14297200,226.60,202.319,229.915
969,BT-A.L,2012-11-05,226.30,225.10,12783800,226.40,199.238,227.30
970,BT-A.L,2012-11-02,227.50,226.10,17178500,226.70,200.294,230.40
971,BT-A.L,2012-11-01,227.00,216.655,39916000,217.00,199.854,229.60
972,BT-A.L,2012-10-31,212.50,212.50,23692200,215.70,187.088,218.20
973,BT-A.L,2012-10-30,215.60,213.30,7372500,214.00,189.817,215.764
974,BT-A.L,2012-10-29,213.90,212.80,14414600,215.00,188.321,216.80
975,BT-A.L,2012-10-26,217.10,215.00,10591100,216.10,191.138,218.00
976,BT-A.L,2012-10-25,217.20,216.20,21496300,216.70,191.226,218.60
977,BT-A.L,2012-10-24,217.30,215.80,18145800,217.30,191.314,218.981
978,BT-A.L,2012-10-23,216.20,215.70,14055300,219.80,190.345,220.705
979,BT-A.L,2012-10-22,219.40,218.063,19235500,219.10,193.163,220.60
980,BT-A.L,2012-10-19,218.90,218.30,32291200,222.70,192.723,222.70
981,BT-A.L,2012-10-18,223.40,221.00,15806000,222.60,196.684,224.00
982,BT-A.L,2012-10-17,222.00,219.00,19134400,219.70,195.452,223.10
983,BT-A.L,2012-10-16,219.90,216.40,17128200,218.10,193.603,220.909
984,BT-A.L,2012-10-15,217.00,214.049,29670900,218.20,191.05,219.50
985,BT-A.L,2012-10-12,218.70,218.336,23681200,220.20,192.546,223.05
986,BT-A.L,2012-10-11,220.90,218.548,16677700,218.80,194.483,221.90
987,BT-A.L,2012-10-10,219.40,219.40,15072300,221.30,193.163,224.20
988,BT-A.L,2012-10-09,221.70,220.50,29148100,227.00,195.188,227.60
989,BT-A.L,2012-10-08,226.90,226.80,23490900,232.20,199.766,233.478
990,BT-A.L,2012-10-05,234.00,231.00,16307400,231.70,206.017,235.20
991,BT-A.L,2012-10-04,231.60,231.10,12823600,233.00,203.904,233.60
992,BT-A.L,2012-10-03,232.60,230.20,10410400,232.10,204.784,233.30
993,BT-A.L,2012-10-02,232.40,229.60,15169500,231.10,204.608,233.70
994,BT-A.L,2012-10-01,232.10,229.50,13559400,230.40,204.344,233.40
995,BT-A.L,2012-09-28,230.70,230.60,14956200,232.60,203.111,234.40
996,BT-A.L,2012-09-27,231.60,230.50,10234100,231.80,203.904,233.708
997,BT-A.L,2012-09-26,230.90,229.40,18671200,233.60,203.288,234.90
998,BT-A.L,2012-09-25,235.00,232.10,46854500,233.30,206.897,235.30
999,BT-A.L,2012-09-24,233.50,229.40,18574400,230.90,205.577,233.70
1000,BT-A.L,2012-09-21,232.00,228.20,43448700,229.50,204.256,232.80
1001,BT-A.L,2012-09-20,228.40,225.898,17377200,227.00,201.086,229.923
1002,BT-A.L,2012-09-19,227.70,226.40,17035500,227.30,200.47,227.80
1003,BT-A.L,2012-09-18,227.10,225.50,26460300,227.40,199.942,229.50
1004,BT-A.L,2012-09-17,228.20,227.60,24218800,230.00,200.91,231.978
1005,BT-A.L,2012-09-14,233.00,231.50,26253500,238.90,205.136,238.90
1006,BT-A.L,2012-09-13,236.80,233.50,30996400,235.10,208.482,239.70
1007,BT-A.L,2012-09-12,235.20,226.921,38900200,227.80,207.073,235.20
1008,BT-A.L,2012-09-11,226.50,225.031,14485600,227.90,199.414,228.80
1009,BT-A.L,2012-09-10,228.80,226.80,17384900,227.50,201.439,242.30
1010,BT-A.L,2012-09-07,228.00,223.841,20156200,226.50,200.734,228.60
1011,BT-A.L,2012-09-06,225.80,222.40,19730400,223.30,198.797,226.60
1012,BT-A.L,2012-09-05,222.40,222.00,24288500,222.90,195.804,225.20
1013,BT-A.L,2012-09-04,221.30,219.74,31347200,222.40,194.836,224.00
1014,BT-A.L,2012-09-03,222.50,216.553,16129200,217.00,195.892,222.50
1015,BT-A.L,2012-08-31,217.60,217.00,12837700,218.50,191.578,220.90
1016,BT-A.L,2012-08-30,218.50,217.80,9614100,220.00,192.37,220.90
1017,BT-A.L,2012-08-29,219.90,217.10,15143700,218.40,193.603,221.10
1018,BT-A.L,2012-08-28,219.50,214.30,18095900,214.70,193.251,219.50
1019,BT-A.L,2012-08-27,215.20,215.20,000,215.20,189.465,215.20
1020,BT-A.L,2012-08-24,215.20,214.578,12132700,216.50,189.465,218.30
1021,BT-A.L,2012-08-23,216.80,214.60,15092700,217.60,190.874,218.16
1022,BT-A.L,2012-08-22,215.50,215.322,8339400,218.00,189.729,218.10
1023,BT-A.L,2012-08-21,219.20,218.50,9774300,219.10,192.987,221.10
1024,BT-A.L,2012-08-20,218.40,217.70,8121400,219.70,192.282,220.40
1025,BT-A.L,2012-08-17,219.30,216.70,16562100,217.60,193.075,220.10
1026,BT-A.L,2012-08-16,217.10,215.60,9096900,218.20,191.138,218.80
1027,BT-A.L,2012-08-15,217.70,216.87,10548500,217.60,191.666,219.40
1028,BT-A.L,2012-08-14,218.10,216.53,17813000,219.10,192.018,219.50
1029,BT-A.L,2012-08-13,218.40,217.50,9810900,219.20,192.282,219.70
1030,BT-A.L,2012-08-10,218.80,214.352,13145700,215.00,192.635,223.30
1031,BT-A.L,2012-08-09,216.30,215.10,21182100,220.90,190.434,222.30
1032,BT-A.L,2012-08-08,221.70,217.60,17150800,217.70,195.188,225.90
1033,BT-A.L,2012-08-07,224.40,219.00,17643100,219.00,191.989,224.659
1034,BT-A.L,2012-08-06,219.80,214.90,15728600,215.80,188.053,220.60
1035,BT-A.L,2012-08-03,216.30,211.00,28675900,213.20,185.059,216.90
1036,BT-A.L,2012-08-02,213.20,213.00,31378500,219.00,182.407,219.70
1037,BT-A.L,2012-08-01,218.80,215.30,15282700,217.40,187.198,220.40
1038,BT-A.L,2012-07-31,217.30,217.30,15254300,218.50,185.914,219.50
1039,BT-A.L,2012-07-30,218.90,217.00,11964500,218.70,187.283,221.905
1040,BT-A.L,2012-07-27,218.20,215.10,18091800,217.90,186.684,219.11
1041,BT-A.L,2012-07-26,217.30,210.747,25776800,211.40,185.914,217.30
1042,BT-A.L,2012-07-25,210.20,201.60,38817500,209.40,179.84,210.329
1043,BT-A.L,2012-07-24,217.40,216.50,13827300,219.90,186.00,221.42
1044,BT-A.L,2012-07-23,219.60,218.20,12667200,222.00,187.882,223.123
1045,BT-A.L,2012-07-20,224.40,223.55,21881000,229.50,191.989,229.512
1046,BT-A.L,2012-07-19,229.50,225.20,20423000,226.50,196.352,230.20
1047,BT-A.L,2012-07-18,225.80,220.30,15920900,222.00,193.187,225.80
1048,BT-A.L,2012-07-17,220.80,220.80,19945500,222.60,188.909,222.664
1049,BT-A.L,2012-07-16,221.90,220.40,10664800,222.40,189.85,222.50
1050,BT-A.L,2012-07-13,222.30,216.00,31109500,216.00,190.192,222.95
1051,BT-A.L,2012-07-12,214.70,214.50,12340500,218.10,183.69,218.20
1052,BT-A.L,2012-07-11,219.10,216.414,11162000,216.90,187.454,219.70
1053,BT-A.L,2012-07-10,217.30,214.10,16440800,216.70,185.914,218.942
1054,BT-A.L,2012-07-09,216.10,214.60,22275800,215.90,184.888,217.50
1055,BT-A.L,2012-07-06,215.20,212.66,16441500,213.20,184.118,216.20
1056,BT-A.L,2012-07-05,213.10,211.80,14655200,215.00,182.321,216.10
1057,BT-A.L,2012-07-04,214.60,213.30,11459700,213.90,183.604,215.20
1058,BT-A.L,2012-07-03,213.90,213.40,13459100,215.30,183.005,216.20
1059,BT-A.L,2012-07-02,215.30,211.90,14724700,212.00,184.203,215.604
1060,BT-A.L,2012-06-29,211.40,210.00,19408300,211.00,180.867,213.269
1061,BT-A.L,2012-06-28,207.40,203.10,19702700,205.40,177.444,207.421
1062,BT-A.L,2012-06-27,205.40,201.40,22368600,201.70,175.733,206.30
1063,BT-A.L,2012-06-26,200.70,200.70,11828300,201.60,171.712,202.84
1064,BT-A.L,2012-06-25,201.00,201.00,20871700,201.50,171.969,203.821
1065,BT-A.L,2012-06-22,205.00,199.20,16439200,200.40,175.391,206.40
1066,BT-A.L,2012-06-21,201.50,200.90,21197200,201.90,172.396,203.00
1067,BT-A.L,2012-06-20,202.70,201.30,42036100,202.70,173.423,204.50
1068,BT-A.L,2012-06-19,203.70,202.10,15755300,202.30,174.279,204.60
1069,BT-A.L,2012-06-18,201.90,199.10,18178100,201.70,172.739,201.90
1070,BT-A.L,2012-06-15,201.20,197.40,56651500,201.70,172.14,203.48
1071,BT-A.L,2012-06-14,201.70,198.40,46393100,200.00,172.568,204.719
1072,BT-A.L,2012-06-13,209.10,208.071,16861500,212.40,178.899,212.90
1073,BT-A.L,2012-06-12,211.60,206.869,18455500,206.90,181.038,211.60
1074,BT-A.L,2012-06-11,207.30,206.90,10569400,209.00,177.359,210.00
1075,BT-A.L,2012-06-08,206.50,203.40,11539200,204.10,176.674,206.70
1076,BT-A.L,2012-06-07,205.40,203.60,15412000,205.00,175.733,206.60
1077,BT-A.L,2012-06-06,204.00,201.40,20611200,203.80,174.535,205.228
1078,BT-A.L,2012-06-05,203.20,203.20,000,203.20,173.851,203.20
1079,BT-A.L,2012-06-04,203.20,203.20,000,203.20,173.851,203.20
1080,BT-A.L,2012-06-01,203.20,202.90,19738400,208.90,173.851,208.90
1081,BT-A.L,2012-05-31,206.30,203.70,19494200,206.70,176.503,207.40
1082,BT-A.L,2012-05-30,205.60,204.50,13625600,205.30,175.904,207.92
1083,BT-A.L,2012-05-29,206.50,203.80,10340200,205.90,176.674,206.70
1084,BT-A.L,2012-05-28,205.30,204.70,8122100,208.10,175.648,208.835
1085,BT-A.L,2012-05-25,206.40,205.20,15517900,207.10,176.589,208.45
1086,BT-A.L,2012-05-24,206.20,204.40,11038700,206.50,176.418,207.90
1087,BT-A.L,2012-05-23,204.90,204.60,15211000,205.50,175.305,207.568
1088,BT-A.L,2012-05-22,207.80,204.00,16987000,204.40,177.787,207.90
1089,BT-A.L,2012-05-21,203.20,202.60,10913400,203.80,173.851,205.80
1090,BT-A.L,2012-05-18,204.00,200.79,21768600,201.90,174.535,206.00
1091,BT-A.L,2012-05-17,202.50,200.30,18051600,207.00,173.252,207.795
1092,BT-A.L,2012-05-16,207.10,205.10,16892400,205.50,177.188,209.40
1093,BT-A.L,2012-05-15,207.30,205.80,20602500,208.90,177.359,208.90
1094,BT-A.L,2012-05-14,204.90,203.80,24110200,208.50,175.305,210.532
1095,BT-A.L,2012-05-11,209.70,206.10,25839800,211.80,179.412,211.80
1096,BT-A.L,2012-05-10,211.50,210.30,33976400,219.50,180.952,219.784
1097,BT-A.L,2012-05-09,217.20,213.39,19740500,214.80,185.829,220.10
1098,BT-A.L,2012-05-08,214.50,214.125,23798200,218.10,183.519,219.789
1099,BT-A.L,2012-05-07,214.90,214.90,000,214.90,183.861,214.90
1100,BT-A.L,2012-05-04,214.90,214.40,16100600,215.50,183.861,217.60
1101,BT-A.L,2012-05-03,215.90,214.10,11157600,214.30,184.717,216.80
1102,BT-A.L,2012-05-02,213.50,213.20,16872700,217.00,182.663,217.00
1103,BT-A.L,2012-05-01,216.90,211.17,9758700,211.30,185.572,217.40
1104,BT-A.L,2012-04-30,210.80,210.40,13480300,213.30,180.353,214.00
1105,BT-A.L,2012-04-27,212.90,211.60,23151800,215.00,182.15,215.10
1106,BT-A.L,2012-04-26,216.10,212.80,15443900,216.30,184.888,217.13
1107,BT-A.L,2012-04-25,216.00,213.80,12790800,214.10,184.802,216.43
1108,BT-A.L,2012-04-24,213.70,210.00,25139600,210.60,182.834,213.98
1109,BT-A.L,2012-04-23,210.90,210.70,17579800,215.50,180.439,216.50
1110,BT-A.L,2012-04-20,218.20,215.70,16623000,216.20,186.684,219.10
1111,BT-A.L,2012-04-19,216.30,214.50,19973600,218.00,185.059,219.50
1112,BT-A.L,2012-04-18,216.70,216.03,13749900,219.50,185.401,219.50
1113,BT-A.L,2012-04-17,219.70,214.90,16151400,215.90,187.968,220.00
1114,BT-A.L,2012-04-16,215.70,215.20,14569300,216.60,184.545,217.90
1115,BT-A.L,2012-04-13,217.00,216.80,16765400,219.10,185.658,219.797
1116,BT-A.L,2012-04-12,219.50,212.50,27003400,213.60,187.797,220.40
1117,BT-A.L,2012-04-11,213.20,211.80,38500600,216.90,182.407,217.10
1118,BT-A.L,2012-04-10,218.60,218.60,15647100,221.10,187.027,222.40
1119,BT-A.L,2012-04-09,222.30,222.30,000,222.30,190.192,222.30
1120,BT-A.L,2012-04-06,222.30,222.30,000,222.30,190.192,222.30
1121,BT-A.L,2012-04-05,222.30,220.00,17234600,222.40,190.192,222.90
1122,BT-A.L,2012-04-04,222.10,221.50,32077300,227.40,190.021,228.60
1123,BT-A.L,2012-04-03,227.90,227.50,18333400,229.70,194.983,229.90
1124,BT-A.L,2012-04-02,228.60,223.90,18147000,228.00,195.582,228.70
1125,BT-A.L,2012-03-30,226.40,223.36,19214200,223.60,193.70,227.46
1126,BT-A.L,2012-03-29,223.40,222.50,19022000,227.60,191.133,227.60
1127,BT-A.L,2012-03-28,227.60,226.70,21578700,227.60,194.727,230.018
1128,BT-A.L,2012-03-27,227.60,218.80,15335700,230.60,194.727,232.897
1129,BT-A.L,2012-03-26,230.10,228.20,23293500,232.90,196.866,232.99
1130,BT-A.L,2012-03-23,232.10,227.585,63070400,228.00,198.577,235.30
1131,BT-A.L,2012-03-22,220.20,216.40,17524300,217.50,188.396,220.30
1132,BT-A.L,2012-03-21,217.60,216.40,17389500,217.10,186.171,220.01
1133,BT-A.L,2012-03-20,216.00,215.50,12243100,216.30,184.802,218.30
1134,BT-A.L,2012-03-19,217.40,216.10,12314000,216.40,186.00,219.30
1135,BT-A.L,2012-03-16,215.60,214.00,31398200,215.80,184.46,219.00
1136,BT-A.L,2012-03-15,215.80,214.80,17858500,217.80,184.631,218.90
1137,BT-A.L,2012-03-14,218.00,217.68,21150800,218.90,186.513,219.482
1138,BT-A.L,2012-03-13,217.80,216.50,12025900,217.90,186.342,218.50
1139,BT-A.L,2012-03-12,216.60,216.00,14200600,218.10,185.316,218.94
1140,BT-A.L,2012-03-09,218.80,215.40,18690600,215.90,187.198,221.10
1141,BT-A.L,2012-03-08,216.20,210.90,17186200,212.40,184.973,217.70
1142,BT-A.L,2012-03-07,211.50,209.80,13668100,210.90,180.952,211.70
1143,BT-A.L,2012-03-06,211.10,210.20,15087800,215.10,180.61,215.80
1144,BT-A.L,2012-03-05,215.90,214.778,9213100,215.10,184.717,216.90
1145,BT-A.L,2012-03-02,216.60,215.50,13347100,218.00,185.316,218.00
1146,BT-A.L,2012-03-01,217.60,213.90,16607400,214.90,186.171,218.40
1147,BT-A.L,2012-02-29,215.00,213.80,19811000,216.10,183.947,216.615
1148,BT-A.L,2012-02-28,215.90,215.40,16046200,218.70,184.717,219.00
1149,BT-A.L,2012-02-27,217.80,215.30,14815200,216.40,186.342,218.449
1150,BT-A.L,2012-02-24,216.50,216.10,19040400,216.60,185.23,220.30
1151,BT-A.L,2012-02-23,215.50,214.40,14882900,215.10,184.374,216.586
1152,BT-A.L,2012-02-22,215.00,214.30,12511300,216.40,183.947,216.70
1153,BT-A.L,2012-02-21,216.00,214.70,26128700,215.80,184.802,218.078
1154,BT-A.L,2012-02-20,215.60,213.60,7629700,215.80,184.46,216.154
1155,BT-A.L,2012-02-17,214.70,212.40,18827700,213.50,183.69,215.20
1156,BT-A.L,2012-02-16,212.40,210.00,19206900,212.60,181.722,212.80
1157,BT-A.L,2012-02-15,213.50,212.50,15753800,215.60,182.663,216.745
1158,BT-A.L,2012-02-14,214.70,213.60,14571200,214.90,183.69,216.80
1159,BT-A.L,2012-02-13,215.70,214.20,11193900,215.10,184.545,215.70
1160,BT-A.L,2012-02-10,214.00,212.00,15210600,213.50,183.091,214.90
1161,BT-A.L,2012-02-09,213.50,212.20,16999900,213.70,182.663,214.90
1162,BT-A.L,2012-02-08,212.70,212.70,15831600,215.70,181.979,216.80
1163,BT-A.L,2012-02-07,215.10,214.40,16985300,216.30,184.032,217.322
1164,BT-A.L,2012-02-06,216.00,213.30,23985500,213.30,184.802,217.00
1165,BT-A.L,2012-02-03,214.00,203.00,33499300,205.00,183.091,214.90
1166,BT-A.L,2012-02-02,205.90,204.70,15944400,207.60,176.161,208.00
1167,BT-A.L,2012-02-01,206.50,203.80,15300800,204.40,176.674,207.50
1168,BT-A.L,2012-01-31,203.50,202.00,23139500,202.00,174.108,205.40
1169,BT-A.L,2012-01-30,202.50,201.60,12562300,202.40,173.252,203.38
1170,BT-A.L,2012-01-27,203.50,201.50,25465000,206.20,174.108,206.80
1171,BT-A.L,2012-01-26,207.80,206.00,15999800,208.00,177.787,208.80
1172,BT-A.L,2012-01-25,207.40,206.725,10654900,209.30,177.444,210.00
1173,BT-A.L,2012-01-24,208.80,204.20,17321100,205.10,178.642,209.40
1174,BT-A.L,2012-01-23,206.20,204.10,13694100,207.00,176.418,208.022
1175,BT-A.L,2012-01-20,205.50,201.40,17239100,203.80,175.819,207.187
1176,BT-A.L,2012-01-19,203.10,201.50,18635700,204.60,173.765,204.60
1177,BT-A.L,2012-01-18,203.90,201.735,16173600,204.70,174.45,205.748
1178,BT-A.L,2012-01-17,205.80,205.30,19383300,209.70,176.075,209.918
1179,BT-A.L,2012-01-16,207.60,202.364,16909600,202.90,177.615,208.60
1180,BT-A.L,2012-01-13,203.40,199.90,26691800,203.90,174.022,203.90
1181,BT-A.L,2012-01-12,199.70,199.10,16730200,202.60,170.856,203.10
1182,BT-A.L,2012-01-11,201.50,198.90,15350800,199.40,172.396,201.90
1183,BT-A.L,2012-01-10,199.50,197.80,15711400,198.00,170.685,200.118
1184,BT-A.L,2012-01-09,196.40,195.60,18766300,196.80,168.033,197.60
1185,BT-A.L,2012-01-06,196.00,193.90,11779800,195.70,167.691,196.80
1186,BT-A.L,2012-01-05,194.90,194.70,15666700,198.10,166.75,198.90
1187,BT-A.L,2012-01-04,198.00,197.90,12847500,199.00,169.402,200.20
1188,BT-A.L,2012-01-03,199.10,191.30,18881100,194.80,170.343,199.758
1189,BT-A.L,2012-01-02,190.90,190.90,000,190.90,163.327,190.90
1190,BT-A.L,2011-12-30,190.90,188.90,3505500,192.40,163.327,192.80
1191,BT-A.L,2011-12-29,192.00,187.30,6179700,187.90,164.269,192.00
1192,BT-A.L,2011-12-28,188.00,186.70,11797100,190.20,160.846,193.40
1193,BT-A.L,2011-12-27,192.50,192.50,000,192.50,162.225,192.50
1194,BT-A.L,2011-12-26,192.50,192.50,000,192.50,162.225,192.50
1195,BT-A.L,2011-12-23,192.50,191.30,2803300,192.00,162.225,194.19
1196,BT-A.L,2011-12-22,191.10,188.10,8904000,188.30,161.045,191.40
1197,BT-A.L,2011-12-21,188.40,186.70,8420300,191.10,158.77,191.50
1198,BT-A.L,2011-12-20,189.20,185.50,9501500,186.40,159.444,189.40
1199,BT-A.L,2011-12-19,187.00,186.36,13050300,188.80,157.59,192.00
1200,BT-A.L,2011-12-16,189.90,187.90,20027900,188.80,160.034,192.20
1201,BT-A.L,2011-12-15,187.80,186.70,14391400,187.10,158.264,189.077
1202,BT-A.L,2011-12-14,187.00,187.00,16711200,190.70,157.59,192.00
1203,BT-A.L,2011-12-13,191.60,189.60,11270500,190.60,161.466,192.40
1204,BT-A.L,2011-12-12,189.60,189.60,11181500,193.60,159.781,194.20
1205,BT-A.L,2011-12-09,193.40,189.506,12097700,190.20,162.983,194.60
1206,BT-A.L,2011-12-08,191.70,190.80,20957200,191.20,161.551,194.90
1207,BT-A.L,2011-12-07,190.10,188.30,18977800,193.50,160.202,194.60
1208,BT-A.L,2011-12-06,192.10,187.90,14336400,187.90,161.888,193.10
1209,BT-A.L,2011-12-05,188.60,185.00,19156500,187.30,158.938,191.70
1210,BT-A.L,2011-12-02,185.50,184.70,20128000,191.30,156.326,192.80
1211,BT-A.L,2011-12-01,189.00,185.594,26808600,190.40,159.275,190.444
1212,BT-A.L,2011-11-30,190.00,182.50,21208000,183.20,160.118,190.10
1213,BT-A.L,2011-11-29,185.40,182.10,17699200,182.40,156.241,186.63
1214,BT-A.L,2011-11-28,183.40,177.60,20301200,178.90,154.556,183.90
1215,BT-A.L,2011-11-25,177.20,175.549,8661000,176.30,149.331,179.169
1216,BT-A.L,2011-11-24,176.50,174.918,15806500,177.40,148.741,180.36
1217,BT-A.L,2011-11-23,176.60,176.60,11811200,179.30,148.825,180.625
1218,BT-A.L,2011-11-22,181.20,181.20,13230800,181.30,152.702,182.41
1219,BT-A.L,2011-11-21,181.00,179.60,14371800,185.10,152.533,184.756
1220,BT-A.L,2011-11-18,186.10,182.556,32182500,183.10,156.831,187.193
1221,BT-A.L,2011-11-17,184.90,183.87,40041600,188.90,155.82,189.119
1222,BT-A.L,2011-11-16,189.20,188.70,25475200,192.60,159.444,194.531
1223,BT-A.L,2011-11-15,192.30,189.781,13276300,190.40,162.056,193.518
1224,BT-A.L,2011-11-14,191.90,189.318,12307700,190.80,161.719,193.006
1225,BT-A.L,2011-11-11,190.90,187.30,11457400,188.40,160.876,191.90
1226,BT-A.L,2011-11-10,188.40,185.10,13780800,185.10,158.77,189.80
1227,BT-A.L,2011-11-09,189.90,188.80,15137100,194.10,160.034,194.90
1228,BT-A.L,2011-11-08,193.10,192.00,12222700,192.00,162.73,196.218
1229,BT-A.L,2011-11-07,190.90,189.60,12401400,190.00,160.876,194.856
1230,BT-A.L,2011-11-04,191.20,190.80,15459000,193.90,161.129,194.50
1231,BT-A.L,2011-11-03,192.70,189.00,28366700,189.00,162.393,195.20
1232,BT-A.L,2011-11-02,187.40,177.00,29312000,182.00,157.927,187.40
1233,BT-A.L,2011-11-01,180.60,177.90,27265800,184.90,152.196,185.435
1234,BT-A.L,2011-10-31,188.10,186.20,21450500,186.80,158.517,192.07
1235,BT-A.L,2011-10-28,187.90,186.50,12893400,191.40,158.348,191.70
1236,BT-A.L,2011-10-27,190.20,187.40,17345600,188.80,160.286,192.90
1237,BT-A.L,2011-10-26,184.60,182.70,12091200,184.00,155.567,186.60
1238,BT-A.L,2011-10-25,183.90,181.00,12715900,182.50,154.977,184.50
1239,BT-A.L,2011-10-24,183.60,181.30,10044200,183.30,154.724,185.30
1240,BT-A.L,2011-10-21,182.00,178.40,15013500,179.00,153.376,183.50
1241,BT-A.L,2011-10-20,178.20,177.00,13623400,179.90,150.174,180.70
1242,BT-A.L,2011-10-19,181.50,178.70,21246000,179.10,152.955,182.30
1243,BT-A.L,2011-10-18,178.90,177.60,12381800,180.30,150.764,180.80
1244,BT-A.L,2011-10-17,181.10,179.40,9906500,181.90,152.618,184.302
1245,BT-A.L,2011-10-14,181.20,179.10,12057900,181.00,152.702,183.30
1246,BT-A.L,2011-10-13,181.00,179.20,15980800,183.00,152.533,184.80
1247,BT-A.L,2011-10-12,184.10,178.00,13772000,179.80,155.146,185.80
1248,BT-A.L,2011-10-11,180.30,178.00,9758300,180.80,151.943,182.00
1249,BT-A.L,2011-10-10,181.80,178.70,10010600,179.50,153.208,182.60
1250,BT-A.L,2011-10-07,178.60,176.00,19981900,177.30,150.511,183.00
1251,BT-A.L,2011-10-06,177.40,171.70,14556600,174.50,149.50,177.40
1252,BT-A.L,2011-10-05,173.70,165.40,23936800,166.20,146.381,174.54
1253,BT-A.L,2011-10-04,163.80,163.10,20310500,168.40,138.039,169.20
1254,BT-A.L,2011-10-03,170.60,167.50,14230900,170.90,143.769,172.30
1255,BT-A.L,2011-09-30,173.70,171.50,16253900,175.00,146.381,175.30
1256,BT-A.L,2011-09-29,175.30,171.60,11711600,173.00,147.73,177.028
1257,BT-A.L,2011-09-28,173.80,172.30,11063700,174.10,146.466,175.90
1258,BT-A.L,2011-09-27,175.10,172.70,12036600,174.90,147.561,176.30
1259,BT-A.L,2011-09-26,171.00,165.80,13708900,165.80,144.106,172.50
1260,BT-A.L,2011-09-23,168.80,164.10,18098700,168.90,142.252,169.80
1261,BT-A.L,2011-09-22,168.00,166.70,17702000,170.00,141.578,172.60
1262,BT-A.L,2011-09-21,175.70,174.20,16134300,175.00,148.067,177.60
1263,BT-A.L,2011-09-20,175.10,168.90,15616400,169.80,147.561,175.90
1264,BT-A.L,2011-09-19,170.90,170.30,15320700,172.60,144.022,175.80
1265,BT-A.L,2011-09-16,175.80,173.20,29509200,175.50,148.151,177.40
1266,BT-A.L,2011-09-15,172.90,169.80,13026600,171.00,145.707,174.30
1267,BT-A.L,2011-09-14,169.40,163.90,26893800,163.90,142.758,170.80
1268,BT-A.L,2011-09-13,164.50,160.80,15090000,164.90,138.628,165.50
1269,BT-A.L,2011-09-12,162.30,159.60,15160900,161.50,136.774,163.875
1270,BT-A.L,2011-09-09,165.80,165.60,12198300,170.00,139.724,171.90
1271,BT-A.L,2011-09-08,171.20,167.80,26396900,169.40,144.275,172.80
1272,BT-A.L,2011-09-07,169.80,164.60,16882400,166.20,143.095,169.80
1273,BT-A.L,2011-09-06,162.60,161.60,16044000,163.40,137.027,167.20
1274,BT-A.L,2011-09-05,163.40,162.60,23478900,163.90,137.701,166.40
1275,BT-A.L,2011-09-02,167.10,166.40,18081200,172.30,140.819,172.30
1276,BT-A.L,2011-09-01,173.50,170.90,18339100,172.40,146.213,174.70
1277,BT-A.L,2011-08-31,171.50,163.40,28157100,164.50,144.527,173.20
1278,BT-A.L,2011-08-30,163.80,162.70,15491400,163.30,138.039,166.50
1279,BT-A.L,2011-08-26,161.00,158.10,17454900,163.30,135.679,163.50
1280,BT-A.L,2011-08-25,163.50,162.80,15222400,169.60,137.786,171.459
1281,BT-A.L,2011-08-24,168.90,161.30,18783800,163.70,142.336,169.90
1282,BT-A.L,2011-08-23,162.80,160.80,20230800,165.60,137.196,166.00
1283,BT-A.L,2011-08-22,162.80,161.10,15943800,161.10,137.196,164.90
1284,BT-A.L,2011-08-19,162.10,159.60,28347000,168.00,136.606,168.00
1285,BT-A.L,2011-08-18,166.90,165.60,24477700,174.10,140.651,174.90
1286,BT-A.L,2011-08-17,176.20,173.20,10138500,175.90,148.488,177.44
1287,BT-A.L,2011-08-16,177.00,172.50,24914000,177.60,149.162,179.00
1288,BT-A.L,2011-08-15,178.50,176.50,21934200,180.00,150.427,181.104
1289,BT-A.L,2011-08-12,179.50,167.20,25777700,169.90,151.269,179.50
1290,BT-A.L,2011-08-11,169.20,160.70,26718500,169.90,142.589,171.85
1291,BT-A.L,2011-08-10,164.90,163.00,35777600,166.00,138.965,176.572
1292,BT-A.L,2011-08-09,167.80,157.50,56054500,169.00,136.728,173.10
1293,BT-A.L,2011-08-08,169.80,166.80,54527900,179.20,138.357,183.389
1294,BT-A.L,2011-08-05,180.30,179.60,62190200,189.00,146.913,191.30
1295,BT-A.L,2011-08-04,194.30,193.90,23491000,199.10,158.32,199.50
1296,BT-A.L,2011-08-03,196.70,196.50,19585600,199.00,160.276,200.20
1297,BT-A.L,2011-08-02,200.50,199.10,20730200,199.10,163.372,203.40
1298,BT-A.L,2011-08-01,200.00,198.50,29300100,204.30,162.965,206.10
1299,BT-A.L,2011-07-29,201.00,198.00,26828800,198.00,163.78,201.40
1300,BT-A.L,2011-07-28,197.90,192.10,31417000,195.00,161.254,201.80
